  0.00188275004622468  0.01824387201783238  0.03091822070898195  0.04147909587796478
  0.05168723966332296  0.06177493784459179  0.07188548480405874  0.08186261351048665
  0.09302548242609518  0.10494659485034444  0.11705204628927990  0.12925322496206237
  0.14190282392146319  0.15476071486986478  0.16776501190622067  0.17996756492493501
  0.19175551933303481  0.20325000747515973  0.21479060024049657  0.22612773293114383
  0.23731590274917722  0.24843414192240212  0.25967428777921769  0.27115894404201146
  0.28218684051872017  0.29258084101186782  0.30310721648207156  0.31395442438950499
  0.32463326990045460  0.33483284138331965  0.34492358199444056  0.35547927349655917
  0.36625886060066259  0.37815258261013707  0.39050054790966088  0.40278760886483600
  0.41509526469636754  0.42743137503339002  0.43968726909074635  0.45178344704480622
  0.46277440966409994  0.47246291084992020  0.48138261795627818  0.48998668172110643
  0.49946814239973875  0.50930337011967231  0.51896118941759162  0.52887442478089219
  0.53950990600990778  0.55132740992090379  0.56266669412048409  0.57327659691760346
  0.58314466655856034  0.59232568063034885  0.60170675767099446  0.61216442453810993
  0.62251973649524961  0.63229563664701471  0.64204607804239500  0.65283511354955781
  0.66370306946232627  0.67324314817434094  0.68247682755710948  0.69223577607871900
  0.70218385384602755  0.71180948532489008  0.72116448506423447  0.73057765008950437
  0.74098342140317885  0.75146379569566135  0.76190859245605969  0.77269574767628701
  0.78336977915215344  0.79386428931229858  0.80441409912358430  0.81550997232639388
  0.82707660456724230  0.83785632104446162  0.84760985944746825  0.85719458556785788
  0.86618358061299028  0.87521321729332480  0.88432673811733209  0.89247310075706787
  0.90183176751552441  0.91175503602237606  0.92254309807280810  0.93275204637860620
  0.94285822700799393  0.95265205631588334  0.96280026416924958  0.97174077253547730
  0.97961431110029029  0.98680093405771541  0.99226057309023008  1.00000000000000000
  0.00926573572427770  0.01721404146233941  0.02623221157433607  0.03607035088117520
  0.04598492569266047  0.05666805047210762  0.06797931897846649  0.07933159058919301
  0.09093861557439255  0.10114588542070521  0.11033615217167211  0.11971505176613842
  0.12965843643316805  0.14161707181776462  0.15362981024538244  0.16525269957518404
  0.17712047119527888  0.18832296346077132  0.19795481329339149  0.20791841175882794
  0.21795077718362113  0.22794860061788688  0.23784875017741447  0.24786687041964098
  0.25886935513985077  0.27040475135206454  0.28146000981379476  0.29250815961822391
  0.30370738756301691  0.31510510627409627  0.32667255282344604  0.33874740776267359
  0.35135932765844263  0.36299846846483769  0.37344127731337878  0.38306358953295155
  0.39213041459992670  0.40176172249200909  0.41152975004632253  0.42130655320015908
  0.43144818461026219  0.44204188357132579  0.45307911373936466  0.46406493521915332
  0.47484498686462939  0.48595473184783000  0.49696734080829030  0.50721662737885109
  0.51646510131871792  0.52557387837305525  0.53500530394229984  0.54493169635999816
  0.55482653926435199  0.56500415646708946  0.57601560382628780  0.58745912522201638
  0.59871120549566959  0.60941828211111082  0.61977306426603118  0.63026415827508286
  0.64108369307012181  0.65154893590750496  0.66132490655327447  0.67131880535237243
  0.68135818953910920  0.69168890632783242  0.70153332693265247  0.71167219516740088
  0.72153971028195907  0.73208401098449827  0.74249668958299597  0.75333921333209974
  0.76389051748667536  0.77443511656443464  0.78499324312521124  0.79570719103506027
  0.80638641798830046  0.81697800322416625  0.82745246942526984  0.83780923678274899
  0.84840552017625992  0.85858739420265529  0.86806515229709880  0.87750853523337746
  0.88705133128305569  0.89784178917277468  0.90911847962409231  0.92109835166083442
  0.93195089217900795  0.94175687007838238  0.95093772634151374  0.96031524457495387
  0.97052847831767608  0.98010583277404728  0.99135730843623426  1.00000000000000000
  0.00086794477642936  0.02137161172270535  0.03633455829324297  0.04886648510604776
  0.06048053048525692  0.07202418854581805  0.08299460872092165  0.09387014947046594
  0.10469498136965161  0.11592107495893858  0.12763936710772203  0.13821641390740746
  0.14806999499638285  0.15713395075372891  0.16640041188214383  0.17648290248027731
  0.18785925553900523  0.19994091963859964  0.21143033429528751  0.22246453102264874
  0.23230553932450704  0.24118988364458924  0.25001749880520197  0.25867881678910176
  0.26728314254810415  0.27624789694605817  0.28522630710182045  0.29579691283932158
  0.30775803497282678  0.31889472928323631  0.32917168553048443  0.33990137631295386
  0.35050450792604082  0.36114354685119093  0.37214342608832690  0.38417455381249088
  0.39708177451783300  0.41030475967408508  0.42335148335526668  0.43619038413243050
  0.44889183206170163  0.46130613815103166  0.47298932060707433  0.48414741439984588
  0.49528673108631349  0.50583881757910809  0.51620789578490978  0.52689149756687648
  0.53758293268920410  0.54833553426325032  0.55852057222047802  0.56866452602025241
  0.57885326647520963  0.58899086632563735  0.59887271550674703  0.60869038697360778
  0.61866644142178928  0.62889311510196100  0.63886234404844577  0.64876135645845645
  0.65855701063334238  0.66781935450962959  0.67758818961363021  0.68805958751473262
  0.69899552846340796  0.70993145417887826  0.72034520406821401  0.73057679339347892
  0.74091319006545253  0.75177206140057762  0.76285479988795946  0.77392095946450046
  0.78516741400101153  0.79657795774168416  0.80812827415756361  0.81879949142906716
  0.82957216841113757  0.84001420112205760  0.85055469177022647  0.86112888213903893
  0.87145774919196406  0.88190573952465634  0.89203591103560254  0.90120718768334729
  0.91012220696813229  0.91903996801437438  0.92710409894112378  0.93574799738810743
  0.94428100853365637  0.95343975564941008  0.96246172721344547  0.97077799430927714
  0.97860077834137194  0.98553271824863065  0.99253374541304418  1.00000000000000000
  0.00000584904194913  0.00000600195979986  0.00000613476713708  0.00000626855129673
  0.00000640236730881  0.00000653791178189  0.00000667770286248  0.00000683547993229
  0.00000700038104986  0.00000715967976446  0.00000730556403239  0.00000746127408252
  0.00000764742381134  0.00000783209582701  0.00000801137363764  0.00000819196545396
  0.00000837546313200  0.00000856851325004  0.00000877893563134  0.00000894465879195
  0.00000912168968830  0.00000929654549903  0.00000947295222234  0.00000964467508660
  0.00000983510251064  0.00001003416919100  0.00001024577898648  0.00001048320758035
  0.00001076652078679  0.00001105290208829  0.00001134097588457  0.00001164326347769
  0.00001194582119606  0.00001226024842587  0.00001258117210386  0.00001289349916621
  0.00001321278073886  0.00001354705259517  0.00001389150456600  0.00001424783099818
  0.00001462051188344  0.00001501282775170  0.00001542264012899  0.00001583013272581
  0.00001622703570464  0.00001663605027507  0.00001706200856586  0.00001748044048925
  0.00001789138913549  0.00001831444971229  0.00001874978909043  0.00001920514649004
  0.00001970158002083  0.00002022405775459  0.00002076738822434  0.00002135685521134
  0.00002197784720811  0.00002262134013863  0.00002329305731761  0.00002399665931561
  0.00002473752211871  0.00002549751135682  0.00002624892303092  0.00002705827863524
  0.00002793907388376  0.00002893066277560  0.00002996818001006  0.00003105081465447
  0.00003220248076230  0.00003345111556024  0.00003479632619943  0.00003624565474206
  0.00003784346845919  0.00003959192345635  0.00004148085419499  0.00004351200772998
  0.00004577103934195  0.00004835448211453  0.00005125965533396  0.00005457251593980
  0.00005845415867027  0.00006310118375063  0.00006899219058121  0.00007651747570828
  0.00008664430996526  0.00010072954526996  0.00012040380553062  0.00014710871590242
  0.00018524589625549  0.00024035717237385  0.00032851750893177  0.00049607368051355
  0.00085017033394322  0.00183874476195276  0.00773521964394764  1.00000000000000000
  0.00000036225310076  0.00000092249522311  0.00000131078309609  0.00000178392986628
  0.00000228256027639  0.00000276659978502  0.00000321060515772  0.00000364825320278
  0.00000408372812010  0.00000452310278833  0.00000496542552724  0.00000539744337730
  0.00000581432791005  0.00000622528280500  0.00000665544551819  0.00000710668548898
  0.00000756232220625  0.00000801379314488  0.00000846455476901  0.00000892933093815
  0.00000940242481512  0.00000987770355477  0.00001033270758613  0.00001077505626285
  0.00001122361276364  0.00001171442237559  0.00001223072623550  0.00001276362784000
  0.00001328823991715  0.00001381672175200  0.00001437450449145  0.00001496514955737
  0.00001557743029179  0.00001617187048787  0.00001679819945537  0.00001743777688608
  0.00001806687489364  0.00001875641459917  0.00001944729266221  0.00002016385832526
  0.00002095028542519  0.00002178875921352  0.00002260995682442  0.00002343517924294
  0.00002431144926714  0.00002526780452659  0.00002631136339577  0.00002740412468013
  0.00002852472533998  0.00002968826085759  0.00003089499019868  0.00003215887117405
  0.00003348127419473  0.00003493974012858  0.00003640767177171  0.00003790491357694
  0.00003951116014735  0.00004130465012993  0.00004327872996815  0.00004529822838986
  0.00004732438444177  0.00004963373563858  0.00005209180171823  0.00005467558667175
  0.00005749334614341  0.00006069952886925  0.00006443872523227  0.00006889532320313
  0.00007407504259314  0.00007978702063384  0.00008604984425186  0.00009297285018158
  0.00010067602899262  0.00010951158013698  0.00011900479787808  0.00012938794718211
  0.00014095893369954  0.00015397975022358  0.00016905201752425  0.00018687721896885
  0.00020798821649969  0.00023298991578449  0.00026213217912752  0.00029704025601625
  0.00034010140771277  0.00039465702780626  0.00046522906996192  0.00055938446458736
  0.00070194240588612  0.00089126349389561  0.00120616518926347  0.00183272482733668
  0.00346071963256527  0.00891321321325637  0.19193640434734929  1.00000000000000000
 -0.00141989182019129  0.00568049561134992  0.01311666503778667  0.02091316991967795
  0.02967688045825312  0.03886894119632080  0.04826177668392743  0.05757715324701618
  0.06715317756801856  0.07713230492264245  0.08781026416596846  0.09905400338722231
  0.11035582190980223  0.12125283660017072  0.13141576502820843  0.14089152394439458
  0.15030122979239080  0.15987120403087257  0.16954260445694641  0.17940419499540491
  0.18949547404453929  0.19991748435698334  0.21057802356331828  0.22110389514297535
  0.23181118729510886  0.24280896521800338  0.25351665523186789  0.26368738741410042
  0.27369377872254841  0.28412492850598947  0.29527156554930478  0.30661288021848709
  0.31801362628724811  0.32949863560977399  0.34130210171666564  0.35300722315475058
  0.36492775340669559  0.37644671638455324  0.38833415151955880  0.40161496240825095
  0.41466196499736513  0.42734164886158948  0.43948750421271604  0.45146531130189549
  0.46342775998546715  0.47601182381831969  0.48770879575732651  0.49989371953024309
  0.51146756135267479  0.52343909064549110  0.53516931531376277  0.54614131422757373
  0.55677334642669551  0.56813555230090396  0.58122740076996404  0.59446625740110837
  0.60659705727136892  0.61838525972971470  0.62995239056660179  0.64173550397356161
  0.65404521121368642  0.66644011269966574  0.67798051279561689  0.68918458629859525
  0.70098652321808941  0.71296641658985582  0.72471247487975132  0.73733942926977336
  0.75030191361091647  0.76223907287083970  0.77294925649009205  0.78321871071446358
  0.79304724644596802  0.80336756868008785  0.81429722620176526  0.82510098162605028
  0.83506638612788830  0.84436613714758257  0.85345333024141989  0.86259305105154616
  0.87244402710590441  0.88288713309772504  0.89311983063624167  0.90335770075612754
  0.91310560092894000  0.92182468234564785  0.92967172514884600  0.93754760056889519
  0.94549491104075789  0.95313200364535122  0.96068822911496621  0.96816533131427207
  0.97537144338579562  0.98339415296047727  0.99173914156721488  1.00000000000000000
 -0.00240992786961383  0.00924498475669446  0.01947847627874950  0.03106992169832713
  0.04251429522994752  0.05288469475038653  0.06288106397520991  0.07343229521371929
  0.08348584962104429  0.09321834925566483  0.10232127569833147  0.11242311790997039
  0.12272851948211366  0.13275504167479205  0.14297773165404745  0.15386441197170861
  0.16480220474512211  0.17567006366075780  0.18664361345297359  0.19778608319185437
  0.20900192231708206  0.22044887318017117  0.23224382235874716  0.24389505058839331
  0.25481628745674612  0.26545901431933167  0.27643600527939399  0.28775618163055960
  0.29901291070915625  0.31000347038225717  0.32088417756918836  0.33182356977372246
  0.34306406562446251  0.35465206595188187  0.36633862911371218  0.37800577781675065
  0.38913208039361769  0.40014247062311253  0.41117319415703418  0.42207490861017238
  0.43281449417281903  0.44412050149394694  0.45506942350235235  0.46556895510898677
  0.47630498743072502  0.48735578247321326  0.49842040663739334  0.50870403098179517
  0.51849481281282062  0.52849261514807244  0.53862540187587249  0.54899258945675145
  0.56010631702445157  0.57187569018567763  0.58329144639925168  0.59308381327803272
  0.60220573825606716  0.61191004829556284  0.62150076969819579  0.63064768544805672
  0.63972354569439693  0.64949997655778713  0.66010118999993117  0.67054355814398492
  0.68063541196767685  0.69061939967107588  0.70026637275148640  0.71013180041475488
  0.72055422209043452  0.73107416341225506  0.74158672621312627  0.75215828859677136
  0.76263139074017039  0.77269469021745540  0.78240221226720597  0.79214623689703045
  0.80229727172066989  0.81312140783742703  0.82379635326231504  0.83422944064291249
  0.84512586695943270  0.85658082723484130  0.86786439133127458  0.87888595895217247
  0.88981797846451072  0.90094067483859375  0.91194302229332702  0.92235690191897302
  0.93257192567195024  0.94302134156820550  0.95396994496745480  0.96383245065805978
  0.97294577060134302  0.98195282474370782  0.99109978254966902  1.00000000000000000
 -0.00242205989910812  0.00905081646268318  0.01963190988736323  0.03048585903371828
  0.04167440408972257  0.05237755856884634  0.06236603205482263  0.07213909473830550
  0.08180268923231557  0.09230551603181293  0.10340121936333999  0.11498793285309887
  0.12647796688007315  0.13767499621130180  0.14836221969638158  0.15842772293943044
  0.16861431516031128  0.17934051410686469  0.18960925920614882  0.19907986975662648
  0.20871648172402851  0.21776345510153111  0.22642561132479030  0.23496867385042552
  0.24503698076753808  0.25579317920648964  0.26741770155846761  0.27797311176524209
  0.28868519976134049  0.30006513380942296  0.31190051598532220  0.32325747377861430
  0.33412230310979446  0.34457654116417819  0.35463356872829027  0.36470356027986839
  0.37527843147607337  0.38594015849000485  0.39619742426494137  0.40618198524542354
  0.41576444263695350  0.42502508815784018  0.43442003613673241  0.44357018867574904
  0.45296624289317394  0.46274079257130479  0.47327363111398618  0.48472883952948664
  0.49668874951897923  0.50884084565025400  0.52041979479359035  0.53138415658552551
  0.54225395715207259  0.55309099901164505  0.56365903998473466  0.57404667845224300
  0.58496085758913607  0.59662302557429148  0.60848843283575382  0.61968400117092992
  0.62957087479057972  0.63891963475737790  0.64845902775458797  0.65876944033950269
  0.66913809458900309  0.67947957122611491  0.69019912084870716  0.70164735056348293
  0.71328490170568193  0.72498013539327988  0.73713088259939330  0.74919017619784345
  0.76022041729824397  0.77065060400804453  0.78072236420659269  0.79106274225734796
  0.80153821627492350  0.81202200296733562  0.82257855801204749  0.83305174068807708
  0.84344679726099370  0.85349344156361184  0.86348596887284335  0.87366114549328566
  0.88438074287285384  0.89504599254448913  0.90549395960526236  0.91585037068910635
  0.92661710710989675  0.93691678918466792  0.94664534781656062  0.95596055696419990
  0.96594027365862445  0.97705279145555135  0.98871478793973122  1.00000000000000000
 -0.00199139173447647  0.00773613515056433  0.01778888252353003  0.02775322152901941
  0.03814453173145595  0.04864766845462491  0.05936224787643199  0.07003272899509061
  0.08022324899275729  0.09049306376565658  0.10037450402913531  0.11019957065698872
  0.11985591898758888  0.12990729131850418  0.14091501378122198  0.15217822547550167
  0.16348694852925436  0.17369393021999643  0.18265653651915240  0.19173765858566547
  0.20110735058439225  0.21126172220979875  0.22138726474014356  0.23183708426933392
  0.24236801299455052  0.25270682510820752  0.26285247732108957  0.27293847448537539
  0.28329098488158622  0.29418000846948927  0.30546639977157569  0.31650614797656240
  0.32734737554041587  0.33803241419269525  0.34847353607882264  0.35829020045544419
  0.36786557534011305  0.37808418467032889  0.38901140583039917  0.39979038618156293
  0.41029190853198572  0.42054917326133084  0.43025674879833992  0.43992456916894113
  0.44955630039019850  0.46056695569710515  0.47290976001343665  0.48546725508348976
  0.49805622491423468  0.51055145205239838  0.52257738790321850  0.53449595574217035
  0.54612667697552375  0.55751130797732806  0.56871023653401676  0.57977464797835820
  0.58959119888874523  0.59823961802478687  0.60683755848853904  0.61600244833443918
  0.62579886845104138  0.63540335401954706  0.64466308382132220  0.65488541395593414
  0.66418992404056476  0.67293236313194205  0.68195703611185610  0.69154574747626807
  0.70190633671740965  0.71279111919944060  0.72396713762651843  0.73504183732993944
  0.74578113905885735  0.75669500316297811  0.76809496448760306  0.77999543813073091
  0.79223243991371717  0.80551121390808877  0.81769989446541824  0.82937385778581885
  0.84053713481814463  0.85109393308992221  0.86171012993276563  0.87227619416332103
  0.88304047620482151  0.89392551012254973  0.90536889045098445  0.91655516349986943
  0.92770899677895213  0.93818095539740542  0.94795394091127272  0.95781485274471434
  0.96772576792017795  0.97848222544497632  0.98917352973788064  1.00000000000000000
 -0.00268954196670567  0.00885019036317637  0.01806628323958528  0.02716169393423044
  0.03603804719453524  0.04468569866184218  0.05336672873249203  0.06240836714160678
  0.07207748534971314  0.08213849231234698  0.09225755160942235  0.10193294917418765
  0.11146165556319666  0.12054278191805770  0.13005774571430373  0.13960701579516344
  0.14997708312750746  0.16085882558148726  0.17140120368339062  0.18122100762923377
  0.19103454152674035  0.20090709289714950  0.21130107148836358  0.22180738511761028
  0.23223119165208050  0.24263921671667077  0.25316259791339241  0.26412600936951153
  0.27568076627942645  0.28783511756932706  0.30010715054912562  0.31258544319944020
  0.32503406086651732  0.33748158820286950  0.34944686158889138  0.36119464448416394
  0.37265197918929027  0.38421467360093525  0.39608733544880481  0.40853549039255149
  0.42159240723847191  0.43499846436672773  0.44754013311789587  0.45955834374037635
  0.47154444486175734  0.48343599692951911  0.49572572938441828  0.50862586345039740
  0.52118533507423370  0.53353113935278162  0.54677296265530428  0.56070328923715995
  0.57348764055788048  0.58556015819454676  0.59786617231780259  0.61074257015261613
  0.62332303640345887  0.63518891955423917  0.64657565401314332  0.65765725679470255
  0.66883409108077951  0.68054938357795192  0.69288507037182223  0.70550572282057999
  0.71791650861652268  0.72989972565295358  0.74113428124673530  0.75211711815880733
  0.76339306547309349  0.77495760673471925  0.78633491363966035  0.79748077027821185
  0.80817346802789858  0.81801477274581702  0.82745377280377241  0.83669367686436913
  0.84554910436761133  0.85435352036881385  0.86356129693276318  0.87216775411289960
  0.88104739908080465  0.89013893987014614  0.89925883664370554  0.90864494065443779
  0.91800863873517891  0.92653670702983149  0.93469220360413163  0.94263265980235778
  0.95064941438354733  0.95855683483392917  0.96572395605225003  0.97251934223328795
  0.97914896226547599  0.98571573447559580  0.99293390569685447  1.00000000000000000
 -0.00193566145325743  0.00788876361838983  0.01785584286631087  0.02793215375283443
  0.03890183724925113  0.05025327757014368  0.06018954050711917  0.06990782660776790
  0.07969246202138493  0.08970752912996191  0.10036282441186753  0.11162841349733670
  0.12294782002276780  0.13390137493791429  0.14433246362593558  0.15430569744145284
  0.16429873439103890  0.17536112508373750  0.18685443564323903  0.19740528670263446
  0.20745202690299525  0.21772222785550027  0.22818821973875728  0.23725229375899942
  0.24604255898542737  0.25557341434159109  0.26557815928713907  0.27568431312528735
  0.28550946018169010  0.29605619616123796  0.30666342951182285  0.31683691742280035
  0.32640833894642934  0.33601996431582193  0.34587012994125460  0.35636356357623944
  0.36752430630391958  0.37907909453691191  0.39096044315124795  0.40338482121656832
  0.41613643008630719  0.42906654716951093  0.44137867312841550  0.45305497409834972
  0.46355165229297035  0.47330576881121933  0.48265141917309046  0.49199004474019759
  0.50196657122698363  0.51207341209157364  0.52184342756312896  0.53136860539068986
  0.54091881280660403  0.55092030761548549  0.56196627620571926  0.57380433227405292
  0.58606762021256453  0.59828611158905554  0.61036478376220238  0.62204312830092656
  0.63340528729951440  0.64423365910019692  0.65473860917227533  0.66501415116134821
  0.67525409717344620  0.68571694175266740  0.69691242489226568  0.70800443544436908
  0.71831164308881168  0.72822490197198964  0.73848492785628617  0.74889382073135780
  0.75980902453495580  0.77173294701753614  0.78323897477667959  0.79449013273031821
  0.80571866955196136  0.81698825461940139  0.82859364146975412  0.84041275428326168
  0.85217012858557617  0.86327113649534648  0.87352083258099134  0.88252987864811117
  0.89126828649643708  0.90021085192773853  0.90897527481566442  0.91833896359120104
  0.92801291693143950  0.93771919413469473  0.94795266844476134  0.95866032146415670
  0.96834505383899239  0.97898611584617656  0.98912870104871697  1.00000000000000000
 -0.00240815191693000  0.01012474455601063  0.01936453605195892  0.02929675576408703
  0.03961258932328061  0.05105264075696384  0.06247871534854173  0.07400713709216170
  0.08519307044100402  0.09671221435459462  0.10749966078926589  0.11800705795344060
  0.12899262377888807  0.13979847108946167  0.15072342662926247  0.16118151080444884
  0.17193182866251297  0.18308971484802333  0.19501997684839673  0.20691176541248574
  0.21863188732237707  0.22951611982704184  0.23943616459668807  0.24897007534553289
  0.25820752008866399  0.26828946731107695  0.27915670544577409  0.29014808183235591
  0.30074391623562929  0.31149215118476364  0.32199204558381406  0.33241006197692113
  0.34283329356453190  0.35288104422794803  0.36418324725592133  0.37509281285600204
  0.38534403405637691  0.39502634722764168  0.40496202357202410  0.41522494378410596
  0.42556965312839662  0.43597001289505255  0.44669415419108849  0.45745479830990166
  0.46800705238855989  0.47841933230549449  0.48892718959589021  0.50026217267311313
  0.51205566831965188  0.52361164706033880  0.53473633608743310  0.54601254956205791
  0.55755934996099132  0.56868641680918108  0.57902325614689876  0.58887397335336100
  0.59853637488928479  0.60830459387505054  0.61857482919699003  0.62926984672377462
  0.64009339214474670  0.65055485765912668  0.66064547986459110  0.67052532266805553
  0.68024167409656489  0.68962871163972939  0.69900811434366605  0.70933520377389792
  0.72043706712243571  0.73173208898027708  0.74244120534470404  0.75299193164261857
  0.76388844436677483  0.77519074566009827  0.78669084538855238  0.79813947843195943
  0.80931731003210683  0.82037104321793675  0.83140922240624515  0.84228210613808452
  0.85294216384762944  0.86332330551095082  0.87329312693361150  0.88299009479739232
  0.89287542037525558  0.90289567854637798  0.91305804200155960  0.92354541537546087
  0.93378215036545953  0.94355395123467001  0.95337083141619539  0.96288096603729401
  0.97201301591566613  0.98110738824740651  0.99064185557630058  1.00000000000000000
  0.00011328185377074  0.00026532412178602  0.00043172993609729  0.00062676145407712
  0.00079537226320707  0.00094976919241089  0.00110844764974960  0.00126274882156740
  0.00140437394623333  0.00155639335957509  0.00171460393923185  0.00187896028904230
  0.00205056105080944  0.00222713911165482  0.00240858656305970  0.00259337361452035
  0.00278460318109802  0.00297825563610285  0.00317426452954795  0.00337569045634158
  0.00358435661469360  0.00380153604582780  0.00402931625269244  0.00426792298834836
  0.00451401287787512  0.00476567255638690  0.00503169990891292  0.00530187848137137
  0.00557525037220008  0.00585648270363346  0.00615329795260596  0.00645918309407508
  0.00677921831919055  0.00710847198312520  0.00744956293746387  0.00780153806305843
  0.00816750485206334  0.00854512205618222  0.00892383510771307  0.00931004060350073
  0.00970852061861385  0.01011373494131591  0.01055213665090892  0.01097350776251108
  0.01137951529247083  0.01179182232440163  0.01221420173588329  0.01263715032857812
  0.01306009928027235  0.01351062604726969  0.01399258866333491  0.01454917482366174
  0.01509982235696941  0.01567772897115540  0.01628363257630683  0.01694220894494807
  0.01767426517352370  0.01839197719723683  0.01909775099779257  0.01973711888186154
  0.02038287843562003  0.02108867732026875  0.02185912601541913  0.02268777798842447
  0.02357423922803687  0.02440617253358264  0.02520999426556866  0.02598086170360476
  0.02680005691631289  0.02765929211805980  0.02854684033330282  0.02946809366320563
  0.03046823319185449  0.03153931707716724  0.03273623082344577  0.03400029900490503
  0.03522541471510776  0.03650377238714050  0.03788592881511640  0.03929392108670995
  0.04098352239961600  0.04380533645212239  0.04648592754978428  0.04893767916103566
  0.05182492955227619  0.05516904672706691  0.05834009602324700  0.06162745095744523
  0.06587885482009238  0.07049445140166612  0.07551576383510493  0.08183979224096770
  0.09042201449718917  0.09999356401406582  0.11721335555357712  1.00000000000000000
 -0.00224687529778254  0.00875673049721488  0.01900631005618134  0.02957549297072950
  0.04071637504745392  0.05295102699444373  0.06345475398955618  0.07312619502164339
  0.08207862204963709  0.09079055689804683  0.10019363113761734  0.11129225631643963
  0.12183471989873104  0.13280529679993164  0.14352957237298158  0.15536394027231792
  0.16724071191260409  0.17789944736930383  0.18790767460820976  0.19713300458723337
  0.20617968717975246  0.21521362468519153  0.22423086424048558  0.23449040028575466
  0.24685058353735495  0.25880671226553520  0.27007195792056082  0.28101004425354675
  0.29116154869937422  0.30005610444536546  0.30871169955295430  0.31745848497018553
  0.32633539698766156  0.33521886911761128  0.34526684017216919  0.35622626449540168
  0.36768042942513024  0.37879265664039347  0.38930748788126029  0.39999189052285344
  0.41095591201301285  0.42235702675549691  0.43420952768131188  0.44680358876605464
  0.45943755713762457  0.47173493839309594  0.48342234147402169  0.49508758578968820
  0.50663963269415579  0.51828070864277476  0.53044722380824783  0.54233686751830978
  0.55357899532010124  0.56559112763982144  0.57855328920899785  0.59155753483851481
  0.60440974305316431  0.61691820373162176  0.62893551938215086  0.64024930940729607
  0.65149104690569082  0.66244891877091983  0.67312328828338919  0.68382779316397480
  0.69481488082499154  0.70610481516795753  0.71771591569597182  0.72932341455842176
  0.74053478634112435  0.75121645910456591  0.76134300977294644  0.77084808708406805
  0.77980646636999784  0.78893732336731126  0.79889815412730414  0.80952166488235122
  0.82013342746338669  0.83051507308188555  0.84033608853424224  0.84980446715738189
  0.85891842950217645  0.86818170148169760  0.87783505879149459  0.88728584700097735
  0.89609061781933219  0.90567705969211365  0.91492941804547889  0.92462133641989164
  0.93457091895566580  0.94424789136627763  0.95471373709007401  0.96447062941501716
  0.97419537153279456  0.98295174188383383  0.99165937457475306  1.00000000000000000
 -0.02678798147729677  0.57044340251841008  0.64518539777494899  0.68718307091117048
  0.71655574551337431  0.73816424483177745  0.75609087926688545  0.77148649821263959
  0.78442311753799909  0.79574091168548888  0.80582053053058467  0.81509817896821046
  0.82303989675147238  0.83005837674326854  0.83653304629247727  0.84282705435665795
  0.84907880077390385  0.85500870017291208  0.86054020135632725  0.86571653431611906
  0.87051115224110831  0.87496293492104948  0.87909463272210076  0.88307027988635989
  0.88701982978806437  0.89095005453372211  0.89475217913362248  0.89819934297661219
  0.90133294945707787  0.90422849284826179  0.90697743858954516  0.90974555200282914
  0.91255466899293469  0.91527133278386485  0.91779049044777727  0.92011275724728681
  0.92242412289039366  0.92480810759063614  0.92719043415290392  0.92945183722720093
  0.93166427255660145  0.93386116022510413  0.93600652149865071  0.93794097449327862
  0.93978426259476300  0.94157669398729948  0.94334749551552521  0.94514058906536502
  0.94695369341046509  0.94866149840741054  0.95023206689640849  0.95168502103226726
  0.95307551343646180  0.95442920566040368  0.95576541385250691  0.95710668430059398
  0.95845791987824569  0.95978049936026721  0.96101566949434836  0.96224636455230750
  0.96348262751032210  0.96454533876451631  0.96558040438893378  0.96661422571775069
  0.96763077858193602  0.96861313911250613  0.96959584274015886  0.97057942967936861
  0.97158056909968571  0.97262560773701623  0.97369050477138042  0.97475276731138016
  0.97582109553486729  0.97690918974092977  0.97799409940051552  0.97901468125632340
  0.97995965930743778  0.98090790840055242  0.98186942822681755  0.98282332091693114
  0.98376397534992366  0.98470147238991579  0.98562698442280783  0.98654031428856714
  0.98742129036261661  0.98828385695601040  0.98914478521332683  0.99004859511845045
  0.99098131416765456  0.99191713704320716  0.99287536917883168  0.99384907383073984
  0.99486872654040359  0.99605037726575663  0.99774665840560095  1.00000000000000000
 -0.02279499643973889  0.11046256345670072  0.14583475054364137  0.16900708392300806
  0.18642050974250077  0.20108585247512453  0.21365662761333784  0.22503047503234172
  0.23597880417912631  0.24695700124542710  0.25609528657791969  0.26471346480697971
  0.27327607705397056  0.28228050127112769  0.29094093615381650  0.29910310545483854
  0.30711082254225830  0.31501138039917481  0.32250345397680386  0.32966080417682936
  0.33672228408337940  0.34375327815226647  0.35111693962104484  0.35807825136274496
  0.36380412017573305  0.36934576786295381  0.37487551611823577  0.38068250210130006
  0.38714793614310400  0.39396064599632319  0.40049347368348864  0.40649955858602299
  0.41235080769145532  0.41852880151596061  0.42507521257636915  0.43153915459632974
  0.43722888792413800  0.44251022254255779  0.44757889500916032  0.45290706483917659
  0.45837386524500717  0.46368038223260821  0.46886043722969034  0.47408908322844340
  0.47949626396870393  0.48518732158464584  0.49110804916580120  0.49695527518852411
  0.50263781645403793  0.50843252274327655  0.51431670534556040  0.52012278537516532
  0.52603853496364694  0.53202772675160870  0.53805294597489950  0.54395888564081252
  0.54967551391266245  0.55536115481562964  0.56098349452951279  0.56600324753199693
  0.57125737420263367  0.57684544388580550  0.58245400830469884  0.58788328243119725
  0.59316651067299997  0.59852249517600786  0.60398716495477578  0.60940821771966336
  0.61488734396596045  0.62016007173280130  0.62531681363399494  0.63096680331981558
  0.63703599380557985  0.64356903119920894  0.65070442594219902  0.65800372117032557
  0.66533864059690295  0.67281293625328886  0.68072388796340932  0.68874891466343335
  0.69662330493706615  0.70436300425097131  0.71224781678593019  0.72091296881824751
  0.72994198992151238  0.73893769167708723  0.74831396778425430  0.75879312226398821
  0.77002025947843411  0.78185635425659250  0.79519684067228980  0.81118072694790477
  0.82959875057182564  0.85163542665141445  0.88900040414889914  1.00000000000000000
   1.5552351619842979E-012  -1.0000000000000000     
 F F F F F F F F F F F F F F F F F F F F F F F F F F F F F F F F F F F F F F F F F F F F F F F F F F F F F F F F F F F F F F F F F F F F F F F F F F F F F F F F F F F F F F F F F F F F F F F F F F F F F F F F F F F F F F F F F F F F F F F F F F F F F F F F F F F F F F F F F F F F F F F F F F F F F F F F F F F F F F F F F F F F F F F F F F F F F F F F F F F F F F F F F F F F F F F F F F F F F F F F F F F F F F F F F F F F F F F F F F F F F F F F F F F F F F F F F F F F F F F F F F F F F F F F F F F F F F F F F F F F F F F F F F F F F F F F F F F F F F F F F F F F F F F F F F F F F F F F F F F F F F F F F F F F F F F F F F F F F F F F F F F F F F F F F F F F F F F F F F F F F F F F F F F F F F F F F F F F F F F F F F F F F F F F F F F F F F F F F F F F F F F F F F F F F F F F F F F F F F F F F F F F F F F F F F F F F F F F F F F F F F F F F F F F F F F F F F F F F F F F F F F F F F F F F F F F F F F F F F F F F F F F F F F F F F F F F F F F F F F F F F F F F F F F F F F F F F F F F F F F F F F F F F F F F F F F
  <DiscreteSampler_grid>
  grouped_processes
  1 # 1 for a reference and 2 for a running grid.
  10 # Attribute 'min_bin_probing_points' of the grid.
  1 # Attribute 'grid_mode' of the grid. 1=='default',2=='initialization'
  0.0000000000000000 # Attribute 'small_contrib_threshold' of the grid.
  0.5000000000000000 # Attribute 'damping_power' of the grid.
 # binID   n_entries weight   weight_sqr   abs_weight
    10   10   2.750565611186834E-001   4.518829321243989E-001   2.750565611186834E-001
    16   10   2.725267917118493E-001   4.423934518532368E-001   2.725267917118493E-001
  </DiscreteSampler_grid>
