  0.00152104802074063  0.01851029655140846  0.03302845572873056  0.04620344085444578
  0.05810151656388662  0.06956600187531595  0.08126134680151961  0.09395336702856305
  0.10713880217531914  0.11965739340724783  0.12968445919427590  0.13935503006833219
  0.14873918471232495  0.15883739913109068  0.16997323955242402  0.18008383250039209
  0.19011567945387872  0.20042418938064935  0.21022570746762118  0.22110567422288888
  0.23214773578528208  0.24369533770622054  0.25550572292570672  0.26682408509200650
  0.27803055003345922  0.28953096955604180  0.30056183169948353  0.31132998406189238
  0.32188560115134018  0.33227824160693598  0.34250896522718871  0.35253988614191528
  0.36405890940797847  0.37592349572220729  0.38725080092202535  0.39829621858712738
  0.40966563067326145  0.42170968735113928  0.43349471829114433  0.44477700670145781
  0.45583244669190881  0.46692611999729239  0.47764341768147389  0.48715615842138826
  0.49659565838971642  0.50631354445312593  0.51626475068709143  0.52601571983943007
  0.53481725531863533  0.54369336904267651  0.55378122022179788  0.56421989408886464
  0.57456090724504316  0.58470703598528539  0.59502859164413380  0.60570152461328486
  0.61661961251803377  0.62657946181739077  0.63616495651425065  0.64574138954289240
  0.65614151763647388  0.66709232786353456  0.67776837838583881  0.68792092676402372
  0.69752456888802405  0.70752801570050328  0.71695017712852871  0.72596293004746215
  0.73460407589815169  0.74341861548146249  0.75305076720293795  0.76363424735479046
  0.77396937377377972  0.78413174367464999  0.79478300419716552  0.80591942988433163
  0.81725832509416407  0.82839056815270440  0.83921200824077546  0.84994382183295791
  0.86071415029703446  0.87143750502856321  0.88188717237369341  0.89157051964087497
  0.90080394184588142  0.90958772085982920  0.91896743020835758  0.92898853319715935
  0.93857595124067061  0.94789263997700635  0.95737534196701846  0.96699471096780187
  0.97620338482035229  0.98462119150147276  0.99271359281181126  1.00000000000000000
  0.00939615772641647  0.01605644660694600  0.02612831768570632  0.03770978349559766
  0.04948107816208924  0.06175899904723577  0.07403211698652015  0.08558767618717225
  0.09691530133610816  0.10691941835321317  0.11689461776653658  0.12609138830957514
  0.13587388977388962  0.14592259549980463  0.15654849941200141  0.16683096165359401
  0.17628876762466600  0.18601221802359164  0.19665628573607929  0.20807136976014265
  0.21965356924968643  0.23108136479138178  0.24271746393488214  0.25373944187576430
  0.26416680098270506  0.27419774993073104  0.28376993526041661  0.29395294014186163
  0.30384658437480361  0.31339058735343406  0.32279623057585349  0.33227517714009203
  0.34290496432027390  0.35351885243891545  0.36484594827168676  0.37643414318891333
  0.38801953780722137  0.39980213171642748  0.41071669410901029  0.42179386022463988
  0.43199616925367484  0.44182128683045235  0.45134945727928966  0.46055336866961755
  0.47025098131193388  0.48017439583693822  0.49024226221741357  0.50091336412643828
  0.51199740829853790  0.52290747067978494  0.53398196159479450  0.54439215764684357
  0.55461377872281226  0.56522769193363576  0.57577549871773026  0.58558146321567039
  0.59481564895578398  0.60397910395232146  0.61397242804375063  0.62415458680732205
  0.63482096416984035  0.64556125329741887  0.65561077937537204  0.66523452681698192
  0.67429655874630912  0.68404735045788145  0.69343919018564593  0.70297976576139076
  0.71238807476228849  0.72184738398622128  0.73177325945171479  0.74198099230004999
  0.75267881284106430  0.76339494270199959  0.77394396976202695  0.78482018529588549
  0.79633947644987124  0.80854438779235471  0.81923197085627320  0.82907866690511667
  0.83860610666032975  0.84912157739505356  0.85978935840962278  0.86998360809768960
  0.87953061193660143  0.88928521398101124  0.89967925650415859  0.91113788597067125
  0.92245117864899184  0.93383565378766231  0.94428150602698868  0.95448165855746958
  0.96453980413164375  0.97556287368087324  0.98716015047374617  1.00000000000000000
  0.00137504912061073  0.01944653535531185  0.03597860717770355  0.04997868717900295
  0.06392418015287805  0.07605268940444113  0.08812716918484742  0.09972341572748010
  0.11073317882016488  0.12143934009316114  0.13215789408750903  0.14335007948292333
  0.15468748542965866  0.16588522356373128  0.17735291130126332  0.18901968854721726
  0.20037392890292263  0.21105524512948728  0.22141104978582862  0.23173795706203931
  0.24195738944392514  0.25213654044064165  0.26298139481640009  0.27473618082646400
  0.28668817239566463  0.29885538102940534  0.31072413243612595  0.32102104073312920
  0.33070583784301677  0.34088193267667094  0.35044038242722703  0.35999023382982848
  0.36892139009132918  0.37749590080001011  0.38593263588620352  0.39398959875588674
  0.40249949243626609  0.41189698077579184  0.42185130324166031  0.43182560147652016
  0.44259645733094044  0.45418357498985729  0.46536020642373843  0.47571149250145256
  0.48592269316562797  0.49646381979471749  0.50701546959768462  0.51737360060133708
  0.52797808369843269  0.53896346768477132  0.54956730246548924  0.55941052182978657
  0.56859826754724263  0.57768603256075235  0.58752768702617131  0.59812167448692588
  0.60930370668122258  0.62068600142853636  0.63217195885686239  0.64383854900934356
  0.65507281041117238  0.66601677508718438  0.67687047725151206  0.68781925705211988
  0.69877550853362635  0.71009581617884554  0.72133953233736381  0.73238824795346458
  0.74304287746101350  0.75383809977489125  0.76498312333282270  0.77568584598169399
  0.78643525542501169  0.79738643877375270  0.80816663476135930  0.81862406010591049
  0.82900925151270821  0.84004220529718032  0.85088979571115397  0.86119716069997088
  0.87105872200762680  0.88139811282528757  0.89203627381250783  0.90248161065530019
  0.91254820626078748  0.92183176333499983  0.93068998869234709  0.93932241915787240
  0.94751659707940128  0.95558513364468234  0.96411143796120569  0.97219629816784825
  0.97971252801722586  0.98653383147354501  0.99231145652863528  1.00000000000000000
  0.00000490721759564  0.00000497435165098  0.00000505100860654  0.00000513082866836
  0.00000526037058442  0.00000539906578411  0.00000553014435968  0.00000567294396607
  0.00000583823993740  0.00000602552456573  0.00000622645664536  0.00000642861097377
  0.00000663181354973  0.00000682926594243  0.00000702019507625  0.00000720510930473
  0.00000739427455971  0.00000759380768194  0.00000779889438309  0.00000800374490732
  0.00000820676395070  0.00000840799147054  0.00000860351333842  0.00000881172190151
  0.00000902228352370  0.00000922851966541  0.00000943988606787  0.00000966338315921
  0.00000989798024669  0.00001015405995308  0.00001042091818732  0.00001068755513624
  0.00001095331045364  0.00001122455400407  0.00001150336259952  0.00001179190480152
  0.00001209019110005  0.00001238216377040  0.00001268631235080  0.00001298434658866
  0.00001327549656580  0.00001357565162009  0.00001389994947577  0.00001423085701445
  0.00001457809766717  0.00001495039444596  0.00001534103919494  0.00001575565069351
  0.00001618685164310  0.00001660514087935  0.00001702567287755  0.00001744787519557
  0.00001788714296023  0.00001836353411502  0.00001886740034819  0.00001938690601513
  0.00001992025653934  0.00002046116970851  0.00002102576894157  0.00002165482417964
  0.00002234086487486  0.00002305119365711  0.00002379069802455  0.00002461389143510
  0.00002547463245679  0.00002636574351620  0.00002730126862847  0.00002833796857531
  0.00002947354660515  0.00003067642055643  0.00003198438015476  0.00003342078911909
  0.00003492358099640  0.00003667480238511  0.00003859091207754  0.00004067295686551
  0.00004298035959877  0.00004565096999657  0.00004867492069880  0.00005209944052434
  0.00005612390134198  0.00006114224036025  0.00006760936344665  0.00007621885669931
  0.00008843752502029  0.00010623222050491  0.00013279018186839  0.00017088587272145
  0.00023092003314570  0.00033746563648462  0.00054040036613925  0.00098379869229943
  0.00256998372843315  0.06829075632549669  0.59762444906202550  1.00000000000000000
  0.00000079629059306  0.00000152541488804  0.00000203909795380  0.00000255168334198
  0.00000308633656294  0.00000367183821654  0.00000424955274792  0.00000477264372480
  0.00000526045523899  0.00000574243117378  0.00000621440058473  0.00000668147795756
  0.00000714249300534  0.00000759781042955  0.00000804842782170  0.00000850527367598
  0.00000896533438780  0.00000944096103735  0.00000993381495285  0.00001042367412910
  0.00001089874090446  0.00001135930894945  0.00001181648648028  0.00001227746708389
  0.00001279078503878  0.00001335344073425  0.00001388190874668  0.00001443825380417
  0.00001499821323615  0.00001556050659900  0.00001614683713964  0.00001676442309500
  0.00001744066603740  0.00001815712359545  0.00001885844570565  0.00001954125154927
  0.00002018543411360  0.00002081909246861  0.00002151729636119  0.00002226076884191
  0.00002299904871557  0.00002377250673263  0.00002457210549722  0.00002540478583194
  0.00002628036694437  0.00002721427546841  0.00002827010440728  0.00002942712378223
  0.00003060819381195  0.00003190385870527  0.00003328970165035  0.00003464291294032
  0.00003611956981050  0.00003767549896037  0.00003924001421985  0.00004080089253263
  0.00004242851047685  0.00004420590634046  0.00004615906576368  0.00004825631637191
  0.00005056803564286  0.00005309128266009  0.00005588488823468  0.00005900735519011
  0.00006244363945191  0.00006620209236112  0.00007051978245508  0.00007520917300227
  0.00008038776965494  0.00008609089935913  0.00009246077112629  0.00009959879600211
  0.00010729133279267  0.00011597887112116  0.00012565972860976  0.00013659468714858
  0.00014870430254011  0.00016251544639719  0.00017836956655562  0.00019648659867412
  0.00021742054812480  0.00024161044754139  0.00026914651418205  0.00030131883166563
  0.00034147798015780  0.00039583449888151  0.00046510194164965  0.00055278522312440
  0.00068140482589358  0.00087879374427252  0.00121948788651923  0.00182631200751187
  0.00307455589284072  0.00865889511085157  0.10853298452760173  1.00000000000000000
 -0.00206302933799472  0.00691993048844847  0.01544573517426837  0.02366602797588024
  0.03219804688506952  0.04094219852827518  0.04934576140505620  0.05744160389556924
  0.06564361516456572  0.07420449476766655  0.08344435124626380  0.09320038416116062
  0.10292920380380924  0.11288415145313123  0.12262173783445174  0.13204179948777989
  0.14133804378860473  0.15138153332126603  0.16217666800825831  0.17276772442905602
  0.18254792709577530  0.19224814840205104  0.20346707012615622  0.21457647316033582
  0.22558347914422094  0.23668574839878712  0.24753011349959478  0.25881804742180886
  0.27080537401551008  0.28306818885206347  0.29535229847361422  0.30687077750059089
  0.31791514071833676  0.32863876785729179  0.33988060462010866  0.35146922746377735
  0.36348811198586328  0.37546832383120876  0.38792045310329260  0.40096356403286365
  0.41424254334224886  0.42766445698568822  0.44062152784057745  0.45367091625939998
  0.46702596480010611  0.48032022026295035  0.49316179966361062  0.50574122250692943
  0.51812623272752212  0.53017004400887902  0.54206576026738451  0.55409253915153223
  0.56692468887170344  0.57972025903912561  0.59118405998475798  0.60208212506628966
  0.61379767919056294  0.62632478009508397  0.63858189717680025  0.65046612083578059
  0.66262873863151328  0.67438803296937477  0.68580810298589079  0.69659685980503772
  0.70670701451095475  0.71695686058650132  0.72711400227254475  0.73757110618968702
  0.74881326293005546  0.76052140934997392  0.77199083590606998  0.78306635194345964
  0.79355417759992031  0.80335884323463025  0.81303824785097711  0.82308165394353161
  0.83301946730529797  0.84245410256886732  0.85153405383734848  0.86093323931192500
  0.87030632580805378  0.87947074265592151  0.88845859495371138  0.89730203313196999
  0.90619872516914590  0.91521134390541259  0.92445478174072004  0.93394713837144971
  0.94328173341614630  0.95235153083025237  0.96109424579261715  0.96925163175576401
  0.97757122696135468  0.98544004663320572  0.99279796052908209  1.00000000000000000
 -0.00223049987683815  0.00900962804930521  0.01895527287731978  0.03030905372194264
  0.04072576477354996  0.05191211814970501  0.06259992018552842  0.07412228599514036
  0.08590429287782786  0.09758837047574070  0.10902188535269368  0.12007328628541765
  0.13145895256531653  0.14283755658264263  0.15374850900813253  0.16471430724767500
  0.17613450545283238  0.18737231603090210  0.19827963346459815  0.20843333188377686
  0.21766895479079737  0.22689099413500902  0.23641097090921764  0.24748097753738676
  0.25943088003860754  0.27067244727979728  0.28211773268308654  0.29379892188237233
  0.30494346308133574  0.31591214363290188  0.32686967788198534  0.33752235079838133
  0.34805376168944513  0.35861163829485854  0.36948668563107306  0.38060122507138239
  0.39171961896827229  0.40290521740712915  0.41400902046765020  0.42456827593360486
  0.43474182371984627  0.44480457393187250  0.45498742090190480  0.46531305783212051
  0.47573528694203343  0.48586319678696660  0.49564924563829360  0.50525752042136551
  0.51480492320522209  0.52467573856342675  0.53507982920505770  0.54581327374157174
  0.55649802849628693  0.56701150780772991  0.57628489768107949  0.58541335731278010
  0.59444556004605786  0.60412380084572714  0.61458366954398735  0.62530693035642904
  0.63630048020399677  0.64750100432833557  0.65909982882975615  0.67106832854333676
  0.68298463004249166  0.69410932233059974  0.70422755957381744  0.71430108315427110
  0.72494304396753073  0.73599861488538199  0.74735225731683963  0.75776995400028169
  0.76730931213104836  0.77635770979655094  0.78576206133661675  0.79579554888918647
  0.80613387438742390  0.81648001064891929  0.82714023635684242  0.83750779874746184
  0.84773926126078891  0.85837971054829654  0.86934600093671766  0.88045826731901722
  0.89138590700242648  0.90189546058746095  0.91219367199686463  0.92228236352777537
  0.93237146590642117  0.94240285427466386  0.95218355984902170  0.96180006470701662
  0.97144572329587797  0.98107994905589568  0.99082830562131496  1.00000000000000000
 -0.00254856143049997  0.00897747269926027  0.01917407600244435  0.02956203659791091
  0.04013876736937728  0.05077147259155316  0.06176200389537138  0.07169372318974235
  0.08170045645274279  0.09174245503775257  0.10271121561015502  0.11358582700899013
  0.12419434592732370  0.13519265423385118  0.14618905278195554  0.15739451334232787
  0.16774094772058401  0.17830345225775146  0.18826926710196504  0.19848729688851491
  0.20851616125739250  0.21901999769402836  0.23080222871749506  0.24161471157030870
  0.25216847549604932  0.26224298021122966  0.27273424753357323  0.28336025746549065
  0.29356644060581333  0.30387182080560149  0.31361941281737865  0.32359208541885676
  0.33401117838833627  0.34483805373852106  0.35527185886680968  0.36544963155260940
  0.37603986944219525  0.38691811885624383  0.39737733866895153  0.40757956456740291
  0.41795822135044686  0.42844458327885893  0.43932583998828939  0.44988321455091990
  0.46108209800775762  0.47269915946314062  0.48445743634794336  0.49548637920159866
  0.50658686032389000  0.51817054459097545  0.52994286820663739  0.54135627429735567
  0.55231818907895125  0.56271999774230730  0.57264781879273463  0.58253989014219743
  0.59251195615822905  0.60310127619993714  0.61413737139893043  0.62495989116768158
  0.63570989889855301  0.64694598524037161  0.65856955993960353  0.67045482398833256
  0.68204810929655157  0.69284027014706395  0.70308697659770403  0.71336705535936518
  0.72388172573715315  0.73453449048206743  0.74523096489353480  0.75604521257536395
  0.76648416222082305  0.77717902454796772  0.78827886834299965  0.79938157840422663
  0.81053543081888579  0.82118347401165259  0.83138681289524552  0.84115435086948454
  0.85091560776654640  0.86051888003051036  0.86964313656305881  0.87888470071447156
  0.88895431370541900  0.89936065488824435  0.91018644087921563  0.92058083400490653
  0.93131562557681213  0.94203203103057254  0.95290881302828478  0.96336615219164345
  0.97303013367826408  0.98218046459087216  0.99100038223838360  1.00000000000000000
 -0.00271773021069726  0.01013426631509382  0.02112798868036620  0.03221400549845228
  0.04311246660081933  0.05362324418535620  0.06430693533528258  0.07477256932388809
  0.08442486452800696  0.09375468126571518  0.10314094470502619  0.11359480977633800
  0.12487920990601611  0.13608334671976224  0.14658975355349738  0.15562224337959302
  0.16474346634223336  0.17424211670722017  0.18402551930000383  0.19360883016864511
  0.20312655309463876  0.21359280186599219  0.22526399658986337  0.23722791168430085
  0.24863478932603109  0.25959167831680136  0.27040459053545646  0.28071587345937360
  0.29074619106366956  0.30051095231024411  0.31024502665624992  0.32026742842312550
  0.33020975740416297  0.33975106952684181  0.34940290714768724  0.35980559080827540
  0.37109009434914042  0.38186597689974489  0.39244617562723128  0.40298385270151738
  0.41433313479981093  0.42572906951211353  0.43720476897129124  0.44760198984753247
  0.45826186562803339  0.46860017930726788  0.47870138408406310  0.48905688512003187
  0.49998294157467454  0.51259509082811783  0.52532887364369862  0.53705062189368236
  0.54846708471119454  0.55985580641046173  0.57089710096778246  0.58219515094656382
  0.59370143684455823  0.60546119731379622  0.61679288748952021  0.62750792511512365
  0.63788580160803721  0.64818382825585585  0.65835893763188058  0.66850869305393579
  0.67920402906889532  0.68953604523484036  0.69916226110460056  0.70863319008647363
  0.71837183622253298  0.72860961470182706  0.73874104942101726  0.74881376930470700
  0.75917472164886379  0.76960553174283119  0.77994807150716861  0.78925017488634974
  0.79893118720171041  0.80890241287097142  0.81972094894975467  0.83019627868768209
  0.84097832686208385  0.85231232809848856  0.86358547504486594  0.87354032634050205
  0.88341138391797447  0.89336446187011698  0.90316368201016661  0.91289969099578461
  0.92294347470283089  0.93487605431973608  0.94555106089214092  0.95752353949133084
  0.96728758869021159  0.97860929764783133  0.98885459889263216  1.00000000000000000
 -0.00217794395463030  0.00675790424661580  0.01500281842713550  0.02356506643316952
  0.03254436542794278  0.04153917540428329  0.05041754957905908  0.05931383506220811
  0.06828240352117469  0.07715261793476974  0.08571781512675841  0.09413793171916295
  0.10289150919795685  0.11206281352951629  0.12151177052712396  0.13163706952410348
  0.14201122740514888  0.15258506166536165  0.16254703302764587  0.17178822025501903
  0.18091293212321133  0.19076134346228890  0.20190649739439204  0.21281543706096945
  0.22430405322179700  0.23607600380542365  0.24749094761688839  0.25834008474964065
  0.26935333732380928  0.28050854748945492  0.29175944262556996  0.30289865912174158
  0.31441849123462001  0.32584778831921557  0.33679596380253635  0.34778867304451155
  0.35876228500539892  0.37048254654668256  0.38203250155471546  0.39340923401929723
  0.40434035593560380  0.41531209598154900  0.42760866234928235  0.44056199660559781
  0.45273048233534391  0.46567525256882913  0.47926011655218165  0.49175905337518427
  0.50384465434143300  0.51622643445522853  0.52893875839103321  0.54171012113636807
  0.55441655674227031  0.56676037866346962  0.57910239838175714  0.59158148423654633
  0.60372758977937235  0.61522296352162020  0.62647049246161945  0.63789007716371482
  0.64971120277349470  0.66225494784160832  0.67525638660890608  0.68790860156213207
  0.69951444275420349  0.71028119500517373  0.72089359170434986  0.73124080218604692
  0.74123151743698101  0.75140860442959700  0.76202882345573142  0.77246197126418170
  0.78210879937608446  0.79171872489584671  0.80188635845592959  0.81199603026416856
  0.82211500295854301  0.83229130619387270  0.84223311176094762  0.85263738013625257
  0.86289311364543864  0.87308766518849690  0.88320799160511776  0.89326124592279554
  0.90306993948364345  0.91222851107709924  0.92103852140634324  0.93000582743482485
  0.93916600666899430  0.94811846285523871  0.95668737925087088  0.96501021690245947
  0.97329990869891436  0.98175993050022314  0.99085592895592700  1.00000000000000000
 -0.00249248379388902  0.00947553123391325  0.02059063479519264  0.03286250816259583
  0.04477810574779431  0.05607994291257573  0.06779965140293347  0.07897927228525656
  0.09036677475864684  0.10059568082896178  0.11236219429972065  0.12471156518974148
  0.13731120161124091  0.14912791083774088  0.16014089717929814  0.17075464711789090
  0.18150143355547174  0.19226416027024917  0.20305188017201600  0.21342096466454888
  0.22339135798082979  0.23318658425245564  0.24306222036414959  0.25262932438649827
  0.26193974518696084  0.27140171918641648  0.28145542174436133  0.29207485877889910
  0.30317687729332055  0.31468529012731056  0.32566279672839099  0.33612720458793904
  0.34670729976830761  0.35675595744749716  0.36755379399240684  0.37724945232418211
  0.38689152863345100  0.39714325317006816  0.40834030568042806  0.41936591936916379
  0.42960129935578567  0.43908725419966543  0.44952007081783718  0.45949894243286826
  0.46974404384973129  0.48001182242314777  0.49075368840009936  0.50149290746690411
  0.51171426205102011  0.52169382388165508  0.53148878370086594  0.54145072712457987
  0.55193801248227337  0.56288884803767170  0.57393416561673871  0.58519450318773247
  0.59595838782426391  0.60686451968641375  0.61690523217497628  0.62707342095590879
  0.63716781866374383  0.64758766994964956  0.65841553995502766  0.66964194610668681
  0.68055168486123885  0.69043640467523670  0.69992304684213047  0.70978493415449628
  0.72088531842688930  0.73200218814781737  0.74207567094176141  0.75230598087701961
  0.76260652011764407  0.77283113554521754  0.78312175900535297  0.79324279741728065
  0.80367869072202058  0.81376003655206142  0.82392525633194014  0.83448220148826302
  0.84535190160352813  0.85678466291151889  0.86833633479451622  0.87992834009774790
  0.89116679207557736  0.90171672900738653  0.91162493996199356  0.92124163845522622
  0.93124120210293082  0.94108305959176286  0.95051229806468995  0.95981624572799606
  0.96909298087286000  0.97890581583112846  0.98905721432587890  1.00000000000000000
 -0.00238597434001166  0.00873590547726044  0.01933175874686453  0.03062736581287028
  0.04201755277272879  0.05315833558892957  0.06324101571493851  0.07330339873864837
  0.08268254585547188  0.09201557054303720  0.10108995294329470  0.11096669353264743
  0.12121902328921064  0.13159749558914841  0.14148285737444874  0.15122802254845957
  0.16221309931682623  0.17288769908421781  0.18334482889563786  0.19356730105338119
  0.20346830471481914  0.21367703244047354  0.22320363786622788  0.23265749055324708
  0.24204552775661428  0.25164144276934769  0.26180782164378680  0.27199147559006526
  0.28201721944241193  0.29185329705614849  0.30242497800679774  0.31359822574845309
  0.32449461445781846  0.33578192133968121  0.34722848868819095  0.35910014958986569
  0.37067376976672584  0.38197730390837659  0.39280291049844951  0.40315903583366552
  0.41330989911629007  0.42340362627294231  0.43362713370528755  0.44419989125520370
  0.45528410231435634  0.46675990308915344  0.47825887118827309  0.49000686866436388
  0.50140480623120387  0.51206721790876986  0.52135646757493881  0.53035184916613665
  0.53927231614644455  0.54867818799843848  0.55913257491218382  0.56977926149433888
  0.58014595879357855  0.59082053402201562  0.60170597497263323  0.61286356265589237
  0.62366122547811065  0.63385639195944021  0.64406456630608222  0.65498326061295686
  0.66572744710707299  0.67530952388402499  0.68449230983353504  0.69414253002276327
  0.70481506462902377  0.71611611999539537  0.72782162441677822  0.73926156020990685
  0.74999392017858790  0.76033923966515649  0.77046842481567845  0.78070160133145483
  0.79157787892766840  0.80315798674522498  0.81499312084278708  0.82679444467617680
  0.83755302896441430  0.84847863908437560  0.85945723623086123  0.87114276318398753
  0.88200706374642812  0.89191267711135136  0.90190513673994366  0.91251134045349258
  0.92289952006637221  0.93337990408081906  0.94455608974593552  0.95615090004550762
  0.96718091377112525  0.97798652370079886  0.98937240271353322  1.00000000000000000
  0.00010080205649631  0.00028361283244705  0.00047788106188579  0.00070569800451493
  0.00088473755446848  0.00102613188937462  0.00117919008269370  0.00133336071754487
  0.00148619361120316  0.00164929299793729  0.00181969256227284  0.00199804614349835
  0.00218380526069617  0.00237452463738614  0.00257179939324498  0.00277848406283910
  0.00298456892915168  0.00319003948825225  0.00340217409806908  0.00362887616122138
  0.00386638440525926  0.00411763246587496  0.00438203162726320  0.00465677665153669
  0.00493885336270378  0.00522614583817476  0.00550231571340426  0.00578314312265482
  0.00606975151364578  0.00635873045780347  0.00665328298693676  0.00695502516844580
  0.00725431820465757  0.00755514913276887  0.00786730022815920  0.00821509499205818
  0.00855038318717565  0.00888493145599790  0.00922466577454905  0.00956083550406484
  0.00993719891976954  0.01032606496024411  0.01072107077403275  0.01113777312031643
  0.01156956865118076  0.01201372289519799  0.01244339007757056  0.01284932196953385
  0.01325216634065859  0.01368002261943494  0.01410714901177252  0.01458562633284496
  0.01510893112894169  0.01570375165780606  0.01630355483865944  0.01690227414345149
  0.01748916784625892  0.01810146491273336  0.01874707843664222  0.01941251549585216
  0.02009162820594957  0.02084525203762920  0.02165771605633233  0.02249554359441013
  0.02327619484514361  0.02401468088114367  0.02484701405274839  0.02569518636778536
  0.02669528981989992  0.02770468059018250  0.02866292557866892  0.02964400724869736
  0.03071127850974618  0.03175315617959604  0.03288547206722840  0.03403720480521485
  0.03524078876521183  0.03655512805436958  0.03796330057826799  0.03932195050172401
  0.04084303368544356  0.04271660873155935  0.04506768889714170  0.04751682345691720
  0.04965119851434441  0.05186063409097004  0.05444012246636779  0.05675987949425244
  0.05943486324575391  0.06259984964373021  0.06869214161623254  0.07551501574601639
  0.08761744598118801  0.14066326120454700  0.49445340275343913  1.00000000000000000
 -0.00199063706963941  0.00781202810969436  0.01616254250142603  0.02627083001730490
  0.03614142280264001  0.04535782865868145  0.05447382803170873  0.06406552417869660
  0.07351204015329146  0.08276795938046287  0.09213664431480498  0.10243523669612958
  0.11308862073216618  0.12332030091050777  0.13339446919207135  0.14379205050353572
  0.15435940225200134  0.16444672957598824  0.17432981954924992  0.18434871452867393
  0.19483875776042689  0.20526063927206512  0.21581778873763005  0.22670901308482386
  0.23812652332163070  0.24952198485255281  0.26021568505302162  0.26992030970737813
  0.27999694386500734  0.29024935176740413  0.30078800187482679  0.31083022676800520
  0.32001154083049044  0.32937202011545397  0.33911178386351476  0.34879995767938560
  0.35874021722023486  0.36863536348860321  0.37877358139182632  0.39014194838539507
  0.40135128508315854  0.41262999386091259  0.42326572459201617  0.43403782971415689
  0.44612030612261394  0.45908438476512869  0.47106978164753993  0.48334328234453411
  0.49583470668561702  0.50860027779965977  0.52111182316695726  0.53363458272150033
  0.54594912585997268  0.55779629182254353  0.56850514872543578  0.57900186783784902
  0.58967462669446413  0.60024266384242198  0.61035784195854326  0.62060840863597577
  0.63151021870702084  0.64209584636942829  0.65242448479551163  0.66264567553254561
  0.67355219888135376  0.68421168397183607  0.69468611497781640  0.70485486048741319
  0.71513969063456617  0.72536693454687040  0.73583837060923041  0.74689930825101392
  0.75793373737767111  0.76850059013301208  0.77848597434161848  0.78842716836001703
  0.79840837087802685  0.80902856117226152  0.82045249019385769  0.83166579649789507
  0.84212570520932473  0.85229028158715914  0.86272473747809042  0.87357907997604922
  0.88467906023511267  0.89568782853456896  0.90688814625508685  0.91810643247878498
  0.92972972627784212  0.94069803929579621  0.95134806356873702  0.96171001267886658
  0.97170146327882012  0.98203764453194786  0.99119869248011427  1.00000000000000000
  0.02397182461301908  0.57547920624642879  0.64511302880939403  0.68538350797874881
  0.71342887698220880  0.73464661197181413  0.75271479794063012  0.76848933269600883
  0.78211693540853389  0.79421513062113269  0.80497510991527765  0.81456969828250614
  0.82299398678607127  0.83060802849612714  0.83767508410088865  0.84430556967194548
  0.85052452635836784  0.85624914660669205  0.86148291107977104  0.86637988109420772
  0.87092175369518965  0.87522604714606189  0.87930144377901143  0.88321476611541649
  0.88705732681735450  0.89071266078244515  0.89417686719196610  0.89740730851436479
  0.90035097224923122  0.90324460770441162  0.90609225731878262  0.90885607633819288
  0.91153598951608283  0.91416176025481699  0.91666335865158910  0.91906913812351787
  0.92143865444129502  0.92377313059586985  0.92603173898166746  0.92818379456644262
  0.93027452932115418  0.93232227570863235  0.93436407011343536  0.93632236965199145
  0.93816425838132522  0.93995108056488907  0.94166564575936829  0.94331497264848518
  0.94498032507637120  0.94651331273717754  0.94803553036408761  0.94952273291843059
  0.95094241790822487  0.95235983959337023  0.95374479994661621  0.95512415253782201
  0.95649318129409189  0.95785826961883791  0.95914829928855228  0.96036753505268257
  0.96156884159079448  0.96276377869979635  0.96394503958350108  0.96512121563552467
  0.96629581328135672  0.96749271347045274  0.96873433169255652  0.96999505400990971
  0.97123631625997431  0.97243713392264164  0.97355215992225241  0.97462346064106264
  0.97565944399482862  0.97668363131172031  0.97771434439552651  0.97874560202072325
  0.97976180543725477  0.98079017105020483  0.98171919951159348  0.98267525600546901
  0.98363194314363900  0.98457487165842705  0.98550612655378000  0.98643714433752472
  0.98736331706158609  0.98831719746429258  0.98925462273973030  0.99018952077459277
  0.99111875999663579  0.99205593735161568  0.99301630917903838  0.99399481370718434
  0.99498068332234957  0.99616916271441291  0.99777715944344347  1.00000000000000000
 -0.02266929622719163  0.10913641822625852  0.14786232057071599  0.17147089959555106
  0.18855565372477065  0.20307286517113471  0.21585635533314956  0.22761927127846332
  0.23877243134718126  0.24904660299851794  0.25867983446905007  0.26917083432127487
  0.27850837569589526  0.28711096486428755  0.29475572831877878  0.30248808824489165
  0.31045997814079201  0.31743000476275818  0.32401058415523254  0.33058339655715657
  0.33643528554673691  0.34232117729482708  0.34804706000567048  0.35392590894843706
  0.35961807849670685  0.36507739237260389  0.37048835415819020  0.37617840527659990
  0.38264254236817524  0.38968647647805982  0.39645107491101395  0.40291631651977167
  0.40935644704620111  0.41559834506838678  0.42140988860566841  0.42687729245548056
  0.43215534256706850  0.43752053229469201  0.44295491067424064  0.44837480737508345
  0.45374553200269785  0.45902019569433222  0.46435945449168181  0.46989040854046410
  0.47562149062072423  0.48153088378647663  0.48728328210826921  0.49296123280937998
  0.49849342541014169  0.50387859769366794  0.50911744435267126  0.51433391870097245
  0.51967172572759757  0.52474503081007140  0.53019651709735105  0.53568208678206342
  0.54139093634052671  0.54732694141543325  0.55327521940159119  0.55914417249092141
  0.56492385673387202  0.57070039987316290  0.57663531712637917  0.58257297670026509
  0.58837716424426967  0.59419138909309843  0.59990887628500267  0.60553155988385099
  0.61103029562054734  0.61645396766497607  0.62227826006039066  0.62873934530259357
  0.63544086646000597  0.64210776967687377  0.64861424561778547  0.65509256499925472
  0.66190131236376215  0.66919442663068085  0.67687752981943916  0.68471054085107641
  0.69249883225813968  0.70063125396006320  0.70933945807613952  0.71819952775978457
  0.72765034952842300  0.73773732824816085  0.74871668676463554  0.76047645769335837
  0.77312967886776485  0.78589588032124713  0.79945571302335405  0.81428062581891447
  0.83072021228233328  0.85248075602892137  0.89048799466481021  1.00000000000000000
   1.5591349072702904E-012  -1.0000000000000000     
 F F F F F F F F F F F F F F F F F F F F F F F F F F F F F F F F F F F F F F F F F F F F F F F F F F F F F F F F F F F F F F F F F F F F F F F F F F F F F F F F F F F F F F F F F F F F F F F F F F F F F F F F F F F F F F F F F F F F F F F F F F F F F F F F F F F F F F F F F F F F F F F F F F F F F F F F F F F F F F F F F F F F F F F F F F F F F F F F F F F F F F F F F F F F F F F F F F F F F F F F F F F F F F F F F F F F F F F F F F F F F F F F F F F F F F F F F F F F F F F F F F F F F F F F F F F F F F F F F F F F F F F F F F F F F F F F F F F F F F F F F F F F F F F F F F F F F F F F F F F F F F F F F F F F F F F F F F F F F F F F F F F F F F F F F F F F F F F F F F F F F F F F F F F F F F F F F F F F F F F F F F F F F F F F F F F F F F F F F F F F F F F F F F F F F F F F F F F F F F F F F F F F F F F F F F F F F F F F F F F F F F F F F F F F F F F F F F F F F F F F F F F F F F F F F F F F F F F F F F F F F F F F F F F F F F F F F F F F F F F F F F F F F F F F F F F F F F F F F F F F F F F F F F F F F F F F
  <DiscreteSampler_grid>
  grouped_processes
  1 # 1 for a reference and 2 for a running grid.
  10 # Attribute 'min_bin_probing_points' of the grid.
  1 # Attribute 'grid_mode' of the grid. 1=='default',2=='initialization'
  0.0000000000000000 # Attribute 'small_contrib_threshold' of the grid.
  0.5000000000000000 # Attribute 'damping_power' of the grid.
 # binID   n_entries weight   weight_sqr   abs_weight
    10   10   1.510301723630761E+001   1.849428175798957E+003   1.510301723630761E+001
    16   10   1.513237696728160E+001   1.858300536497861E+003   1.513237696728160E+001
  </DiscreteSampler_grid>
