  0.00220058770106123  0.01590282495351806  0.03020599898887988  0.04398880280046571
  0.05680239419607664  0.06994908999390316  0.08216524763179582  0.09382466089515284
  0.10550493866264946  0.11623816826272532  0.12743845665533887  0.13855709882300812
  0.14917484343856452  0.15985561177869734  0.17061982809115578  0.18245102623057355
  0.19369330079287392  0.20470603851509947  0.21615990605045701  0.22797430318349496
  0.23956718595528204  0.25073402834226272  0.26187373985610840  0.27329183427017650
  0.28491407937259083  0.29663306687384478  0.30827521487926141  0.31962183792461318
  0.33030656425492116  0.34024759988310771  0.34972490476350027  0.35933686190294983
  0.36891898219844288  0.37980173968422493  0.39116613985547788  0.40244976753737582
  0.41342983233921138  0.42417428494313913  0.43467064688429785  0.44484333783360525
  0.45514366494419756  0.46592801726249111  0.47680032774382725  0.48720935868399295
  0.49713293280889298  0.50688414294335915  0.51672257049707071  0.52693008780489536
  0.53745427329420070  0.54777595333423401  0.55788453301113006  0.56749291135441693
  0.57672155264635294  0.58566480594219039  0.59546027449679240  0.60565540338668900
  0.61549688292991545  0.62477525647251098  0.63434759967794896  0.64396781817677451
  0.65346825367670169  0.66299759184041451  0.67281685327424468  0.68273451459843060
  0.69251439901235579  0.70220078444815892  0.71203799356037556  0.72231635037172137
  0.73291048887866295  0.74397844807308722  0.75541883412168287  0.76709694051431143
  0.77872025732631156  0.78982445368585052  0.80039470035270632  0.81068504113823858
  0.82138031888526397  0.83192452989699817  0.84158453030245872  0.85034527196464960
  0.85905007765940156  0.86833763162508304  0.87810018465601813  0.88880261440156305
  0.89920844259390476  0.90959092542284614  0.91971805164264353  0.92995475687133844
  0.93977656441514257  0.94917220694892990  0.95820375590134454  0.96748718983798399
  0.97660597020054063  0.98489575178673316  0.99282028548113699  1.00000000000000000
  0.00895578087360830  0.01785537381598309  0.02855632986871755  0.04006345822098947
  0.05119748553164209  0.06228150725612120  0.07371229652631021  0.08513657583591332
  0.09692053327295563  0.10848825417382631  0.12052521766963491  0.13201611887712184
  0.14335576765691860  0.15394165935935339  0.16504720103413045  0.17514175276377617
  0.18548163940051371  0.19545584627604487  0.20554093636407478  0.21566708689816264
  0.22488493387635752  0.23415224796949299  0.24415557972719021  0.25437930967389877
  0.26501786400108845  0.27548594154962885  0.28694112873515398  0.29644366062126193
  0.30565532166148379  0.31519663827505140  0.32527393717562375  0.33509037642696521
  0.34453704383512357  0.35397914301772992  0.36400912342011932  0.37387088167959498
  0.38321709171321233  0.39232161562162654  0.40190016725482408  0.41186020115254174
  0.42159163568430214  0.43088931785197426  0.44046980426571419  0.45058551232627658
  0.46084586707735836  0.47084517664554193  0.48079448437082262  0.49101438717606682
  0.50125463942292481  0.51150906055930012  0.52207338867680031  0.53268214436486372
  0.54349485461184432  0.55458404396964234  0.56570507828222527  0.57715305745762191
  0.58878610080979132  0.60075811671048418  0.61242665905945659  0.62353843252289554
  0.63405043576564402  0.64417352020532814  0.65454498373176351  0.66529621333105748
  0.67578038121639916  0.68654482271926409  0.69781256096175504  0.70922846665744910
  0.71996500841597599  0.73046478242344814  0.74161907532401294  0.75269255258862477
  0.76327912706026901  0.77324211114425245  0.78317893127738769  0.79334511759316251
  0.80345019980674981  0.81436262928373160  0.82539302389025582  0.83698219360869441
  0.84812485112223890  0.85838577950995687  0.86836914281030453  0.87819645987486472
  0.88822879959226209  0.89803897747326566  0.90840957566900438  0.91887241041385193
  0.92917745870785862  0.93935589724923640  0.94962649512235209  0.95964519068150633
  0.96963886835541080  0.97961234512500639  0.99149528658240049  1.00000000000000000
  0.00188531527933972  0.01805233781471757  0.03315091572824427  0.04570704606425840
  0.05691011830714147  0.06834442184015906  0.07914570736342663  0.08809002499045229
  0.09682340436507965  0.10600621294235292  0.11571895627342163  0.12558923287923196
  0.13555501048612695  0.14596483098219348  0.15747855170718722  0.16962948437041106
  0.18225942412165594  0.19533729526084026  0.20811390835301180  0.21979075669014614
  0.23091535191700729  0.24236532369329544  0.25433793488620982  0.26580034121793306
  0.27669063819892231  0.28770081000492004  0.29882041286286742  0.30965727265364407
  0.31978139897033214  0.32951781592805596  0.33875454100064462  0.34732305387119750
  0.35568241843859710  0.36446311657118102  0.37389767422745218  0.38444050325963997
  0.39558398069832718  0.40660849534336468  0.41791887596165478  0.42851265845555808
  0.43923337338630414  0.44966408170962263  0.45960298962605206  0.47026027120660868
  0.48068149231104712  0.49243918718896446  0.50400820476706498  0.51569332616735741
  0.52703068030875366  0.53789004673863372  0.54867461006349794  0.55960855727840719
  0.57020811684098915  0.58021818387104396  0.59001825295473609  0.60001221845266106
  0.61033567569923231  0.62094499797046676  0.63167085262553613  0.64202510692001002
  0.65174399740023881  0.66129601387822501  0.67081388554947996  0.68044288705476952
  0.69021016431152382  0.70031618857048694  0.71070352202226905  0.72103534632887190
  0.73112564184212814  0.74132057450889710  0.75211290330352065  0.76353148249261771
  0.77514967944234048  0.78648483295034022  0.79756576306373805  0.80873538347109997
  0.81975995213489250  0.83078700812826733  0.84162012471036085  0.85204509438698528
  0.86261733249049877  0.87327625284769128  0.88467317863069739  0.89535217800416789
  0.90580147139491796  0.91585565902298161  0.92600556547540525  0.93599347977991632
  0.94588839297146077  0.95616807677312587  0.96432058566550483  0.97252013645463753
  0.98018797714461470  0.98715425895181064  0.99212116544215645  1.00000000000000000
  0.00000407397281402  0.00000431391136195  0.00000448201881569  0.00000464484792421
  0.00000480952740738  0.00000497640587206  0.00000514336944687  0.00000529882987840
  0.00000544088295913  0.00000559395212957  0.00000574182985232  0.00000589753933712
  0.00000605054763646  0.00000620259802884  0.00000637214735658  0.00000655827752098
  0.00000675041682565  0.00000694563497542  0.00000715120438469  0.00000736718539431
  0.00000758775727981  0.00000781316052810  0.00000804729067944  0.00000828232225055
  0.00000851686972205  0.00000874394531986  0.00000897548892188  0.00000921897537593
  0.00000949114114396  0.00000977404602654  0.00001005366964514  0.00001033113215019
  0.00001060609684842  0.00001088827181917  0.00001117473509879  0.00001146479014316
  0.00001176452473638  0.00001208142986974  0.00001241291448204  0.00001279566302795
  0.00001317298347379  0.00001353399855709  0.00001389472391929  0.00001426626961114
  0.00001465546234446  0.00001506738068272  0.00001548415305337  0.00001590831842277
  0.00001636834594514  0.00001689009486189  0.00001744039813971  0.00001798785050020
  0.00001855780880643  0.00001914374721650  0.00001975551244571  0.00002038253999225
  0.00002104014330311  0.00002175533837881  0.00002250578829007  0.00002326474426052
  0.00002413561467162  0.00002519769624096  0.00002628408879062  0.00002742781308509
  0.00002864638131119  0.00002998444547495  0.00003147911980521  0.00003310845115289
  0.00003485619469874  0.00003674711663999  0.00003878301057412  0.00004109808118256
  0.00004369212135717  0.00004652192282761  0.00005022605468748  0.00005481703935143
  0.00006036984761625  0.00006699124932980  0.00007554557678638  0.00008731970600781
  0.00010508711715173  0.00012968969861202  0.00016180119713470  0.00020986048460013
  0.00028332267362282  0.00040537222406656  0.00062638563482777  0.00101661906822473
  0.00166593221563383  0.00264260340218105  0.00427438671725129  0.00710016830521351
  0.00939134564598036  0.02994066152806488  0.22602534572979699  1.00000000000000000
  0.00000038307560404  0.00000112109702020  0.00000186837962513  0.00000222972031256
  0.00000262968699171  0.00000306728995313  0.00000353100208189  0.00000395960006918
  0.00000435859118180  0.00000474968718904  0.00000514256421051  0.00000554503116971
  0.00000600699934136  0.00000648453087753  0.00000697057607365  0.00000747628307094
  0.00000799887411476  0.00000853969914213  0.00000906506489392  0.00000956683327342
  0.00001015103107815  0.00001079913301102  0.00001149330173396  0.00001222540076461
  0.00001282517124596  0.00001345629424163  0.00001407090350330  0.00001467995700658
  0.00001532705354509  0.00001601100299872  0.00001671269829830  0.00001743797585270
  0.00001815752734023  0.00001895661349717  0.00001986385855957  0.00002075254152824
  0.00002166070762587  0.00002262478957147  0.00002364001110622  0.00002472096936853
  0.00002586116064309  0.00002705790008579  0.00002832161861657  0.00002963529710648
  0.00003102604542005  0.00003249465653288  0.00003399054349971  0.00003553722621309
  0.00003720076145559  0.00003902403664201  0.00004102854513176  0.00004322276583966
  0.00004568508903830  0.00004843275401634  0.00005143292792483  0.00005466176511195
  0.00005815704634461  0.00006201541877885  0.00006635210999027  0.00007113146102044
  0.00007701978941984  0.00008389167322145  0.00009176993060209  0.00010073254479553
  0.00011087629959412  0.00012215254333805  0.00013435117997556  0.00014834697570147
  0.00016430768668034  0.00018378696207653  0.00020817794059812  0.00023676440901951
  0.00026944601441213  0.00030742701439675  0.00035418754007787  0.00041109406667307
  0.00048454583588021  0.00057948469285142  0.00070339546597928  0.00086017019111533
  0.00106961659001847  0.00133215166477556  0.00169449561512997  0.00218245928018108
  0.00290056552951554  0.00395024033493222  0.00523509338940480  0.00700568584114372
  0.00950437427305457  0.01253287029986366  0.01594902650517142  0.02143365258089333
  0.03553741738804862  0.05042219529398057  0.13900054572874004  1.00000000000000000
 -0.00164358385627964  0.00658337695635636  0.01350502733503824  0.02063544933547518
  0.02783485585570131  0.03535182598973488  0.04338468339080134  0.05242120944459958
  0.06070957751205570  0.07018664857043248  0.07953636335379327  0.08953421214890937
  0.09983357170407389  0.11002758130347091  0.12052636413326137  0.13145196209939758
  0.14265664633437283  0.15380129433586293  0.16459433570371010  0.17522492559618097
  0.18603935926299389  0.19664236762251419  0.20698139802113050  0.21772717388797869
  0.22892356399332506  0.24085913186056310  0.25268940572877857  0.26387542793870933
  0.27415309683226469  0.28437118998963329  0.29500807717145650  0.30634834760689439
  0.31802436254311578  0.32977201289512154  0.34150341036911741  0.35280532438242318
  0.36348609274039939  0.37422101961929033  0.38569591840099882  0.39798285903473429
  0.41052836062389253  0.42354925087531076  0.43720316028594663  0.45051678200351819
  0.46297591201164073  0.47501311053844630  0.48741227882565213  0.50029294252270218
  0.51331197151034313  0.52552788795176675  0.53720060010451931  0.54808565044136659
  0.55838748162201868  0.56874980406669684  0.58002380354636907  0.59211875968308658
  0.60352346669705759  0.61491896851301397  0.62648397733446592  0.63872210476258195
  0.65092407426235677  0.66326398102743322  0.67459430445960833  0.68493166622066737
  0.69552823770632088  0.70672217898473300  0.71785340569677047  0.72909079770316332
  0.74083071529829281  0.75264797289879881  0.76409205490885401  0.77536221472788824
  0.78669906826723113  0.79759996334168792  0.80798397024892177  0.81810042783254844
  0.82776430057156491  0.83725402043369246  0.84680737506754433  0.85639546852176263
  0.86594063109724850  0.87528482113322559  0.88460494032440273  0.89424976250416910
  0.90396875067842619  0.91330061310035826  0.92220146111376311  0.93073932601622333
  0.93927494709463100  0.94805692239281603  0.95652481607944362  0.96494277020133268
  0.97330239475378022  0.98189405282984255  0.99103789054521474  1.00000000000000000
 -0.00254188014932189  0.00924880730196290  0.02039022495203549  0.03108866652956316
  0.04116129913462677  0.05099314724500820  0.06102996439123989  0.07183260899108793
  0.08351909232729510  0.09535594661094751  0.10758903036077064  0.11978904435300819
  0.13170423157585820  0.14283806306224020  0.15329542727351295  0.16342656091543670
  0.17294623390081740  0.18214716547572224  0.19150366640143429  0.20105832207354929
  0.21112917227612954  0.22135789531839822  0.23187769208380393  0.24174006936473141
  0.25113119502208880  0.26082515794122751  0.27061769797861301  0.28059177643818389
  0.29087373548878709  0.30152889900557489  0.31233857341476967  0.32306642110207673
  0.33322644670794116  0.34274030101007558  0.35245858191233875  0.36239104472351014
  0.37255210896653834  0.38207097756379338  0.39166357180687528  0.40184103773686591
  0.41322198546240974  0.42451739478919592  0.43573516472111146  0.44686120965932441
  0.45794008394177915  0.46883962808711310  0.47972452499586832  0.49054761714331013
  0.50116396236643213  0.51185698742965013  0.52172660106362811  0.53170919225870417
  0.54139819517014365  0.55148258243326320  0.56241464199563562  0.57402895841818402
  0.58655025701402796  0.59974285597407628  0.61277299494149218  0.62516164254800322
  0.63701940228961806  0.64845366634127877  0.65938848466853117  0.67031203295878317
  0.68192255704130800  0.69353893699136693  0.70440854919906382  0.71563845450691888
  0.72654316190281287  0.73612313876263857  0.74505221482723072  0.75403184497513354
  0.76327725905318367  0.77280627935518864  0.78287764752629596  0.79322470529379019
  0.80324278277424355  0.81261844901114333  0.82185981721651169  0.83138568691773718
  0.84136974518704111  0.85162777291221370  0.86232020165827838  0.87297112555729806
  0.88316007835595978  0.89333457029638275  0.90389461278719130  0.91417715777207520
  0.92420321632294311  0.93423618037124956  0.94492582438035744  0.95598881090725885
  0.96722920381601218  0.97854162760235153  0.98937816862630878  1.00000000000000000
 -0.00256451353794715  0.01027832625091536  0.02061205186482988  0.03020213382744126
  0.03958417615548505  0.04966760205998172  0.06094162226217210  0.07229233139365776
  0.08318825655032176  0.09429391952111785  0.10547681928619976  0.11740956069153465
  0.12849914138280508  0.13902286541941580  0.14948083369447715  0.15940429257719307
  0.16927674208028132  0.17879429511594105  0.18795338000711220  0.19735345609145943
  0.20700624976477391  0.21676436316797792  0.22734627379257491  0.23751440091824505
  0.24871486559298633  0.25889995783463621  0.26946953874206175  0.27931620153067194
  0.28952033481877293  0.29932507206344949  0.30905657827961908  0.31938964914490603
  0.33029025815747443  0.34194512601472038  0.35403811791396350  0.36597415868463529
  0.37733034629826834  0.38802480253071014  0.39786656104910650  0.40757507924922193
  0.41768012521555409  0.42702923575605817  0.43786784262168205  0.44783608026754596
  0.45812202118823536  0.46811787682129780  0.47889432691203582  0.49055042121202230
  0.50249364056214973  0.51382064161429342  0.52492323565809085  0.53605738063657327
  0.54664152271727540  0.55654832751748740  0.56628948119276523  0.57614683710998515
  0.58686229108601273  0.59751994591645941  0.60856819507237681  0.62008079187880316
  0.63114076936884500  0.64122753131770349  0.65132499316222359  0.66150394078066621
  0.67177932569982002  0.68235633202789236  0.69308564860478872  0.70346446345149372
  0.71363633591201203  0.72369052728107586  0.73314515343008990  0.74266228280941271
  0.75208255334068153  0.76389691615846944  0.77568209783990594  0.78721390127332047
  0.79896735336685021  0.81069093910530365  0.82166976165439964  0.83269580640784335
  0.84345801052552405  0.85401072552064261  0.86480273311198919  0.87565287110016998
  0.88709977587708466  0.89711210675547304  0.90651081019317059  0.91568079210919961
  0.92452467564593255  0.93517889777216834  0.94699706452121812  0.95860280569776879
  0.96923226581985478  0.97954875612007830  0.98984009197923595  1.00000000000000000
 -0.00302262741999812  0.01049750244185193  0.02221993307984286  0.03397387426481020
  0.04564921713729374  0.05718891354014286  0.06763520955782462  0.07691072800789758
  0.08618802420882146  0.09528469099336337  0.10385773646252680  0.11242351315564302
  0.12131889344576965  0.13207937062234509  0.14316831249491510  0.15386292940660276
  0.16467850933557548  0.17602771078748652  0.18783348680139858  0.20011061467806324
  0.21215379749374869  0.22389109418246073  0.23566855683880719  0.24718102116570134
  0.25801818498691825  0.26872656404366785  0.27988381818464014  0.29071185569196090
  0.30077026153578390  0.31054344891182717  0.31978369632029774  0.32883824492828273
  0.33800756811977029  0.34699083340317566  0.35653244933321265  0.36623130952271088
  0.37642745640075503  0.38815659426647880  0.39991375088725728  0.40988889844793852
  0.41981532850483588  0.42985310994614312  0.44037192793236768  0.45009466311023261
  0.45978356717500524  0.46991874166708958  0.48067054790831037  0.49146378556284470
  0.50237194984252365  0.51320090944321795  0.52341556308863746  0.53332315328562174
  0.54311862178334325  0.55283226010632014  0.56262115667364532  0.57248386366626414
  0.58263287813690223  0.59312992640661077  0.60401512544347835  0.61574108916274506
  0.62825811041486157  0.64054005860021179  0.65243814431275238  0.66345201033732204
  0.67456975287679077  0.68498767088686296  0.69489699897359991  0.70484168897183042
  0.71466069017246314  0.72541360720789372  0.73590832174875331  0.74631966332184108
  0.75727040308571658  0.76748073984808662  0.77715554802093934  0.78661919408493219
  0.79671347001857407  0.80765218614152945  0.81785460127916887  0.82792353210149172
  0.83797125103133308  0.84876386674256155  0.86005729343126580  0.87117769644251053
  0.88243797704569227  0.89326274039918752  0.90323987505750114  0.91271214711192528
  0.92279509924286884  0.93398857352188647  0.94494851365392851  0.95538629383095997
  0.96567755624544804  0.97687010100302385  0.98809929812888586  1.00000000000000000
 -0.00176580705614072  0.00688909700707574  0.01414340970724450  0.02179637936264196
  0.02919627133876868  0.03661728466225989  0.04450362521550822  0.05344933087462838
  0.06289214716158190  0.07238092855988139  0.08128962811457655  0.08955753038391226
  0.09826945327256757  0.10684394072609273  0.11597614800720059  0.12544687697614210
  0.13542179780131608  0.14473974295419398  0.15381971953369933  0.16318770722886788
  0.17243646107029956  0.18215258044343352  0.19154896077890646  0.20120667989285418
  0.21100231854791729  0.22073523369657186  0.22998626807280156  0.23982814592822893
  0.24991919125792136  0.25990043675246077  0.27011428354341888  0.28105829018887724
  0.29210386429706170  0.30328540465017467  0.31488470278394126  0.32740999643024266
  0.34017786894159524  0.35243308501269144  0.36377758922632469  0.37516456918925206
  0.38677635836906332  0.39890041255766795  0.41115708661925621  0.42355399756067541
  0.43620150886614983  0.44789825959660140  0.45952044837335548  0.47143860135183213
  0.48351373582612844  0.49599991479045141  0.50961812329745182  0.52414229259761780
  0.53822458121224648  0.55121739286844496  0.56363284774794853  0.57642493362632308
  0.58946236580844102  0.60245692023252073  0.61505242969516050  0.62724875389992740
  0.63900323465410303  0.65063073611760980  0.66255290469527617  0.67495015613777598
  0.68729995010291256  0.69948182761928412  0.71074952170122208  0.72121219962306726
  0.73116011121714120  0.74135748854191763  0.75137395974875865  0.76150070613617649
  0.77174882882955820  0.78263672776911231  0.79431785444200231  0.80600264415993017
  0.81786556380473951  0.82939713939289628  0.84041185795036788  0.85030543935618774
  0.85977876948590848  0.86952906008559749  0.87935188023435840  0.88997597337579071
  0.90012987716723092  0.90983479150722413  0.91958666127975408  0.92923150804453714
  0.93854537042962027  0.94737204379997053  0.95579777690261347  0.96421319168352504
  0.97292520051858045  0.98197460042205531  0.99124400536031454  1.00000000000000000
 -0.00229547822115689  0.00914511731538068  0.01845116599680260  0.02858740604960341
  0.03889309707687907  0.04919138525008832  0.05946876183447027  0.06943213945922302
  0.07910512641306423  0.08823661429285269  0.09745394064331418  0.10705616849100616
  0.11705473634961493  0.12754322956388656  0.13787516509345710  0.14754699214868555
  0.15695837546139738  0.16647564142526794  0.17670234914548963  0.18738499850790577
  0.19784614203217510  0.20776081084928044  0.21774072180474074  0.22801705483799969
  0.23853365919877526  0.24918767103874806  0.25937205192915208  0.26985358761588174
  0.28020837035687962  0.28986070639251937  0.29925389674099767  0.30901994543678052
  0.31977525151801506  0.33086507327187414  0.34144395851111004  0.35138109394659051
  0.36094679699102766  0.37042183878626866  0.37985710765748781  0.38960715046242755
  0.39991345846745491  0.41082881959385631  0.42181550169394655  0.43274621674654984
  0.44377907220558183  0.45472550125413719  0.46576885281663993  0.47706021868066928
  0.48842605655355614  0.49985337268018060  0.51140161854505739  0.52328580098805766
  0.53558780021821906  0.54782454737468922  0.56050781537841521  0.57265945258785733
  0.58419269649781813  0.59473789408024680  0.60524404586476732  0.61604382669604274
  0.62611587426054260  0.63536842415431605  0.64477532069171606  0.65471127472047852
  0.66472791866286873  0.67421653871625797  0.68435054632082992  0.69538931467203136
  0.70711482762763056  0.71821983425875435  0.72915540903697018  0.73987480533335281
  0.75025214786201810  0.76027750923014792  0.77042382512928209  0.78086849321554874
  0.79131442081727388  0.80228188331478967  0.81311136355694114  0.82347873796041959
  0.83396965039039017  0.84507640988492505  0.85653067119026882  0.86711135903786074
  0.87728162471640603  0.88836943021798376  0.90006542370782472  0.91144265131698299
  0.92237443359812954  0.93320038200885425  0.94400635959131773  0.95471543435082662
  0.96544223880640523  0.97652535346918856  0.98812723955167581  1.00000000000000000
 -0.00268796338358377  0.01033442639295582  0.02111528335066812  0.03180498510877206
  0.04210916755826156  0.05369123537374824  0.06480526896774272  0.07523005441709725
  0.08537807364716060  0.09579533085097057  0.10574628926476229  0.11501372949897049
  0.12428248514863917  0.13389096840904036  0.14342671825303746  0.15259970425555994
  0.16201670864612824  0.17250213851602544  0.18361366450910360  0.19476916580524462
  0.20572381166100856  0.21693561175319739  0.22870252091566201  0.24002431357884707
  0.25160669609290376  0.26378406096762197  0.27543219897838983  0.28677168395828612
  0.29720878679959434  0.30750242705246944  0.31734945726984937  0.32724882483129414
  0.33733801040990818  0.34714437495491990  0.35703385384156705  0.36675319224529995
  0.37727638571309630  0.38895061747479709  0.40123951659020229  0.41394804475328306
  0.42504679916663507  0.43528468995044423  0.44522786109683765  0.45495257782489279
  0.46507527642571778  0.47529446209182175  0.48608758158230420  0.49739610776987098
  0.50942985425622778  0.52167812536683911  0.53345961041556289  0.54456455632582523
  0.55525646460838229  0.56557714938226400  0.57550485043619914  0.58560420345229391
  0.59575947633021831  0.60609942374581216  0.61643444830994232  0.62676806020050058
  0.63703371568876099  0.64730676889052319  0.65746055737019160  0.66767261583301563
  0.67767105481347034  0.68741971660586798  0.69723603329033967  0.70720325598112255
  0.71806931203157132  0.72902009123243483  0.73983209235144842  0.75084056538463684
  0.76184756857653579  0.77228472140857607  0.78195083719961256  0.79204242864641805
  0.80223731224646222  0.81363445229683196  0.82494116334083334  0.83605079404413385
  0.84744200583956852  0.85897270338609477  0.87067897881594458  0.88207740552029645
  0.89290303726407161  0.90313881423738573  0.91299732795145783  0.92298709065825890
  0.93309544508621456  0.94294022282383305  0.95240683593840803  0.96189794268167395
  0.97158948185120209  0.98117504526189969  0.99043508629395305  1.00000000000000000
  0.00005541302783764  0.00032148526550324  0.00059089282585513  0.00087526196866086
  0.00116506102169586  0.00146353967493040  0.00177908147611563  0.00210429729217445
  0.00244961935078928  0.00279815017768952  0.00315052491483718  0.00351862460364608
  0.00388637235017953  0.00425280994870042  0.00461691696369876  0.00500288324828838
  0.00540072219866801  0.00581004451018783  0.00623104337725929  0.00665489123790399
  0.00712448014061978  0.00762264732544139  0.00814745680906686  0.00869621197980508
  0.00924343911399746  0.00978531638182309  0.01033215517619650  0.01089201857900314
  0.01145601306640076  0.01202105547720393  0.01259839942518511  0.01320882532887839
  0.01386508589379654  0.01455853245325921  0.01526852688512117  0.01597224441476193
  0.01670740830739372  0.01746623093470588  0.01827002211266714  0.01906701139519440
  0.01986058188673355  0.02077067422444423  0.02170141893394064  0.02264479764973404
  0.02362418416640293  0.02459422481173582  0.02558646377456418  0.02664340216197922
  0.02772438910578347  0.02883238078736221  0.02983675033162404  0.03089212249875780
  0.03193237302604272  0.03299555710555992  0.03412605031968920  0.03529807739354299
  0.03662851013849269  0.03797049948034828  0.03932792566276722  0.04067948118902413
  0.04211948865715789  0.04359457898727616  0.04496134486801048  0.04607775742830927
  0.04728877761381886  0.04853596574983854  0.04992023151113172  0.05155365179062878
  0.05347143856735125  0.05536229828695288  0.05754969294676270  0.06010816594765576
  0.06283453581595222  0.06677961988751985  0.07093526161103886  0.07492185557294626
  0.07900308748660946  0.08245279347353122  0.08577804170759748  0.08915086578627922
  0.09290950292598975  0.09700087718739853  0.10111188359076559  0.10522117914517176
  0.10962709399785922  0.11466885757326443  0.12012572672488420  0.12747088083791414
  0.14189641431481778  0.16144097776320251  0.17032074787635432  0.17735428120732169
  0.19531777780401122  0.21371118871078429  0.73054361238589072  1.00000000000000000
 -0.00213973753727549  0.00880005099579855  0.01777616724014760  0.02651447643388935
  0.03516927382845077  0.04387344561147283  0.05328275030615634  0.06229848057459687
  0.07144797031337881  0.08060075912392994  0.09001001156961187  0.09901993917519257
  0.10779565308112034  0.11675571036849244  0.12608937946915105  0.13612670429450405
  0.14621363064661366  0.15585805836466751  0.16523407515595678  0.17447877583297983
  0.18380661987238167  0.19356361580651715  0.20335499127184609  0.21323677287356321
  0.22290951728636355  0.23282827667077455  0.24291155732319511  0.25297110091650099
  0.26317552841230207  0.27362930797434654  0.28413284311238118  0.29476070412950200
  0.30579216171945339  0.31749835322596598  0.32933540374547998  0.34095544524915539
  0.35286824884523660  0.36554492985871184  0.37862781751837510  0.39185472740400568
  0.40406338102500322  0.41544577273883881  0.42687091563576673  0.43886370116418522
  0.45159393372712392  0.46434173224655650  0.47673807179400512  0.48838979140001471
  0.49955412112041081  0.51073509652724558  0.52243339028030245  0.53503443613782964
  0.54617387504392068  0.55695770474957462  0.56886555786483450  0.58240425082965697
  0.59534960194452113  0.60845577105322368  0.62092657476640944  0.63190549849313704
  0.64263988435873276  0.65386982140220551  0.66556132003098845  0.67776079912663600
  0.68996779320578761  0.70187341859168473  0.71359200293477398  0.72488758136681553
  0.73576383492765363  0.74640897778353477  0.75686978321769527  0.76791155597457816
  0.77925853418760915  0.79048644255849954  0.80106565981973288  0.81123757629109727
  0.82136125017424078  0.83106332639408620  0.84032177126003638  0.84998832905300226
  0.86063408135991104  0.87144049752561870  0.88169427578091830  0.89127971200008527
  0.90073731037638061  0.91058380503975933  0.92006785519777723  0.92934085610488237
  0.93855846991636604  0.94779502430325413  0.95718870717280991  0.96611764503737341
  0.97487311419443334  0.98358328104897330  0.99189567279133972  1.00000000000000000
 -0.03300501886697116  0.58125058916384398  0.65465543821096239  0.69800668884063677
  0.72549560535048074  0.74684826338337640  0.76484164986066616  0.77929218121246502
  0.79164907418788721  0.80261513044931787  0.81248558487942235  0.82138368778409743
  0.82950339856265165  0.83671623727758271  0.84336349134094513  0.84967835217758836
  0.85548762648469268  0.86086133221961159  0.86598324114700687  0.87086176840796592
  0.87540185342399457  0.87964006081769697  0.88361697396374994  0.88749668405675586
  0.89125656676307030  0.89484947333828724  0.89811190346978054  0.90116646322893379
  0.90409224085052020  0.90695474228245809  0.90972588816514954  0.91250379567614215
  0.91517810225975549  0.91780490031623774  0.92023771808189359  0.92259298860395023
  0.92492694983423263  0.92711858798755598  0.92924245899896596  0.93131271196642795
  0.93339729264157190  0.93545899620862860  0.93736789811660359  0.93909301778657284
  0.94068552772071024  0.94224059578319552  0.94387139408036136  0.94549450915215505
  0.94715600642906994  0.94873896666250879  0.95026590104747022  0.95175081254563831
  0.95319286480271825  0.95461053738236479  0.95601927449929991  0.95744079048887742
  0.95886650122788319  0.96023434368299010  0.96157731235544763  0.96286201653595360
  0.96410082666076502  0.96531131335935749  0.96649461994071373  0.96763522958007675
  0.96874307336076049  0.96985105992094423  0.97093530856606680  0.97201103646466058
  0.97306726716701641  0.97407868447983548  0.97502640812560715  0.97594764720529981
  0.97684263883066624  0.97771688247144228  0.97860640370203122  0.97953115503294796
  0.98048956209611182  0.98146444091322438  0.98245635555502853  0.98343845375816308
  0.98440053650377235  0.98532726992520792  0.98621808218035090  0.98710278965941611
  0.98798157486613669  0.98879610813482166  0.98964087773736209  0.99048469911708159
  0.99134006999151292  0.99220277122227685  0.99307580546732177  0.99399433943418658
  0.99502219381146173  0.99617888809185795  0.99776932885970826  1.00000000000000000
 -0.02199601076573241  0.10751246717080620  0.14505926339138847  0.16898973101903353
  0.18816718655733908  0.20393230099679266  0.21737301407272636  0.22933523259088071
  0.23998576927992460  0.25000809591272288  0.25999297900043938  0.26953987960336689
  0.27807821916944697  0.28616967233781454  0.29431555609447452  0.30254636289119985
  0.31071253450987024  0.31850995401775517  0.32588285177124310  0.33321101562658700
  0.34095837288016900  0.34860402554138170  0.35575550807264938  0.36249947782035696
  0.36938843727721948  0.37623111017131600  0.38323482407971515  0.39011677679026102
  0.39641292723110844  0.40219972753536232  0.40775000104375375  0.41321237759386015
  0.41865763584653171  0.42400904938057710  0.42912257579051499  0.43474727099902949
  0.44019849012271273  0.44559698395721575  0.45142513628141573  0.45746896194269099
  0.46335803565247441  0.46892218579545675  0.47432862124937319  0.47987573676181772
  0.48592348661042845  0.49199514529901728  0.49800295713997755  0.50385534486413730
  0.50960982494354057  0.51529269192263727  0.52089475764410331  0.52644902452327869
  0.53189137471008718  0.53752439338284019  0.54326017991598607  0.54867466584513302
  0.55416692518478405  0.55954585169673376  0.56517529499703978  0.57095148049405842
  0.57670140375515910  0.58231198000505835  0.58784970738761366  0.59343182183072118
  0.59917757938771321  0.60508969006119673  0.61085269367529060  0.61621734413824203
  0.62133521280670023  0.62651886541589086  0.63197445728882273  0.63794399238367194
  0.64400006695342760  0.65050842867582226  0.65729176959534674  0.66396620905107206
  0.67088926202679100  0.67814596066524446  0.68568794814175116  0.69365880255245749
  0.70214371093768624  0.71115877550692186  0.72048020703443461  0.72960914266845400
  0.73864241082291604  0.74783371046271885  0.75680909135767194  0.76604810364187004
  0.77611498059693473  0.78689250557019574  0.79858157697441801  0.81229924613496185
  0.83034944576356495  0.85331404832033297  0.89018344813519790  1.00000000000000000
   1.6034556945631222E-012  -1.0000000000000000     
 F F F F F F F F F F F F F F F F F F F F F F F F F F F F F F F F F F F F F F F F F F F F F F F F F F F F F F F F F F F F F F F F F F F F F F F F F F F F F F F F F F F F F F F F F F F F F F F F F F F F F F F F F F F F F F F F F F F F F F F F F F F F F F F F F F F F F F F F F F F F F F F F F F F F F F F F F F F F F F F F F F F F F F F F F F F F F F F F F F F F F F F F F F F F F F F F F F F F F F F F F F F F F F F F F F F F F F F F F F F F F F F F F F F F F F F F F F F F F F F F F F F F F F F F F F F F F F F F F F F F F F F F F F F F F F F F F F F F F F F F F F F F F F F F F F F F F F F F F F F F F F F F F F F F F F F F F F F F F F F F F F F F F F F F F F F F F F F F F F F F F F F F F F F F F F F F F F F F F F F F F F F F F F F F F F F F F F F F F F F F F F F F F F F F F F F F F F F F F F F F F F F F F F F F F F F F F F F F F F F F F F F F F F F F F F F F F F F F F F F F F F F F F F F F F F F F F F F F F F F F F F F F F F F F F F F F F F F F F F F F F F F F F F F F F F F F F F F F F F F F F F F F F F F F F F F F
  <DiscreteSampler_grid>
  grouped_processes
  1 # 1 for a reference and 2 for a running grid.
  10 # Attribute 'min_bin_probing_points' of the grid.
  1 # Attribute 'grid_mode' of the grid. 1=='default',2=='initialization'
  0.0000000000000000 # Attribute 'small_contrib_threshold' of the grid.
  0.5000000000000000 # Attribute 'damping_power' of the grid.
 # binID   n_entries weight   weight_sqr   abs_weight
    10   10   6.507373844062021E+000   1.863414275051690E+002   6.507373844062021E+000
    16   10   6.586469702980113E+000   1.925549789991512E+002   6.586469702980113E+000
  </DiscreteSampler_grid>
