  0.00203688946209186  0.01773703644353865  0.03229845006169282  0.04555050856987471
  0.05840735197872197  0.07091018214803944  0.08255368922572823  0.09436941189169984
  0.10568088081683728  0.11664637107837869  0.12738787285544820  0.13867373709738123
  0.15005270201947299  0.16105766991227852  0.17208226045867647  0.18322176357201286
  0.19383477601525828  0.20422306272516777  0.21469624239401719  0.22551874501991898
  0.23636486594678777  0.24715817931301670  0.25806136944759867  0.26921434280971590
  0.28022287502960203  0.29132444212074737  0.30274273015003900  0.31439907880033269
  0.32630887449812390  0.33797459906220340  0.34964761171309888  0.36055018845510517
  0.37056755044145345  0.38027965593786872  0.39005615148272743  0.40044115528820567
  0.41061265893650156  0.42087319463957473  0.43108351456636962  0.43994881564156563
  0.44789036498763590  0.45622144226836892  0.46570084912736220  0.47603771553451513
  0.48627953715817251  0.49658290185638093  0.50747919271678377  0.51901422895171467
  0.53059740623357177  0.54166773733061280  0.55238100736315310  0.56321698381437357
  0.57401925865799530  0.58476616861132258  0.59595280002732842  0.60755796708296228
  0.61924191586448296  0.63010467512323731  0.63993530186423819  0.64979525818294870
  0.65993408678086407  0.67065248312744030  0.68231703511965769  0.69389353924963015
  0.70503253816767353  0.71579791937297366  0.72585795442621615  0.73561882813994228
  0.74552902585597480  0.75627481498192495  0.76721831308858335  0.77758908728663312
  0.78752838957100868  0.79740015001535869  0.80746758334770874  0.81702403599278439
  0.82565072479619062  0.83415803429099000  0.84265475238560050  0.85102448979211109
  0.85979437409664250  0.86927736432697600  0.87946937123388524  0.89001022524642903
  0.90054231985901334  0.91096116206278133  0.92125453445745020  0.93172096916507396
  0.94231785270924573  0.95267356088219957  0.96253677167884355  0.97090081223634339
  0.97931164120999570  0.98664135904378314  0.99232190778851925  1.00000000000000000
  0.00955975610190545  0.01575878872699718  0.02463406998822859  0.03499619063890387
  0.04531756099193768  0.05652342501566641  0.06758604381402157  0.07879988174165110
  0.08962472566121921  0.09965284570198572  0.10917742550521438  0.11846668073728586
  0.12816993595566845  0.13896752923250419  0.14986535693044334  0.16083181151368786
  0.17198338771000596  0.18287071912700692  0.19396941405422882  0.20463266358275639
  0.21425691175951520  0.22309002804043332  0.23250946236157549  0.24252776215688099
  0.25244374781785273  0.26168203017932562  0.27049552353671974  0.27977856466993245
  0.28943327167987765  0.29948301892084611  0.31010139678164372  0.32112304440867651
  0.33235636577047634  0.34353614662565796  0.35450509423311116  0.36567048298763921
  0.37691905966897221  0.38805185764933070  0.39860726593233214  0.40890874726404042
  0.41968777860440165  0.43146329560544644  0.44276512257759781  0.45397555251692845
  0.46506323389081056  0.47637916953474513  0.48707363294018230  0.49775271402256660
  0.50784998310088447  0.51765533843304656  0.52790925028366309  0.53870631356061094
  0.54904637629440400  0.55903037271502187  0.56931046904886562  0.57977011236485410
  0.59035364222284548  0.60087125964486043  0.61194236440167138  0.62253068865234962
  0.63367418211116477  0.64461935962007044  0.65573338449368213  0.66626564365861407
  0.67645519223669937  0.68629457394092874  0.69608844585531515  0.70600811240239147
  0.71640119639995037  0.72696361851933056  0.73781689073043866  0.74853110816073920
  0.75946037757245943  0.77054710677575011  0.78102729047542208  0.79111581520688912
  0.80029268292701450  0.80896197392157843  0.81777956671564678  0.82723793069711959
  0.83767899513598687  0.84871172021657415  0.85959550954141162  0.87076870036843546
  0.88205287115581432  0.89332317849061993  0.90412448939265189  0.91456873386390580
  0.92447071511828938  0.93448893332383165  0.94525788838990987  0.95643523224734972
  0.96757954583197614  0.97802689561959089  0.98875191229283976  1.00000000000000000
  0.00156765027604331  0.01905514960947799  0.03294202328933533  0.04530038171944716
  0.05707834534227554  0.06942787744144632  0.08195410247465296  0.09417265549848619
  0.10660407821051647  0.11847233464844845  0.12988677576774288  0.14033278589828713
  0.15084022418152826  0.16108188795206452  0.17059221142597947  0.17878664023137089
  0.18753861334050237  0.19710665353094606  0.20813689873524180  0.21949131234673580
  0.23068515194951580  0.24150688954033439  0.25226436720264767  0.26278413913999110
  0.27285199493880341  0.28305157675057691  0.29351297536434107  0.30397400100580546
  0.31387289708719679  0.32402354053357374  0.33468046654398825  0.34597759992316934
  0.35690566164090026  0.36709900381678112  0.37680865513174211  0.38664242592653797
  0.39666722370801760  0.40721010639933058  0.41810272881335392  0.42944223362736927
  0.44059170927632724  0.45187017815117414  0.46270283105471749  0.47302053308470393
  0.48297298836469266  0.49301918723531052  0.50321896587544124  0.51354002239848029
  0.52303195345376818  0.53186935170767113  0.54071242215867299  0.55058131054466308
  0.56137045976187083  0.57190321369689578  0.58106687882452268  0.59088216155692075
  0.60123232561164974  0.61181518343872654  0.62239688053808773  0.63284150187620725
  0.64325847181638907  0.65344104093386679  0.66371905387211760  0.67353607709043661
  0.68295948966370634  0.69142351600728691  0.70030823653180863  0.70940484866832276
  0.71858700411284770  0.72796640324180195  0.73840749790342297  0.74853010024478028
  0.75918122218481687  0.76945381328315043  0.78021414315344373  0.79124788190711504
  0.80197603455576594  0.81248804669666375  0.82276936872041084  0.83314380126393117
  0.84358333889530335  0.85376200919775724  0.86353074259263840  0.87327616057747504
  0.88336810030500246  0.89353022908715096  0.90318924014875157  0.91251983605503817
  0.92202915577721800  0.93180063766128363  0.94179755506486706  0.95216662097968197
  0.96296892364737263  0.97367735975929115  0.98339508886333793  1.00000000000000000
  0.00000438386613623  0.00000456836243839  0.00000464615608783  0.00000472575896981
  0.00000480433494992  0.00000488531840675  0.00000497197230251  0.00000506665658185
  0.00000516211931629  0.00000525503472770  0.00000534022113328  0.00000543225219948
  0.00000558075005782  0.00000572150049634  0.00000587556662517  0.00000604399849893
  0.00000621367189875  0.00000637474703065  0.00000653296670730  0.00000669075853545
  0.00000685535751426  0.00000703876340809  0.00000723255737904  0.00000743374202188
  0.00000764195659298  0.00000785207370995  0.00000806454840894  0.00000828040570354
  0.00000848897568304  0.00000869104378747  0.00000891059210636  0.00000913388389360
  0.00000935157513876  0.00000957343977560  0.00000979945104278  0.00001003827586396
  0.00001030443848694  0.00001058726498494  0.00001088834582976  0.00001121386934126
  0.00001155573754664  0.00001190290460291  0.00001225667662483  0.00001262248119737
  0.00001299159684467  0.00001334925663096  0.00001370372803421  0.00001407069759864
  0.00001447030960033  0.00001490664533378  0.00001535030698508  0.00001579872312284
  0.00001625883737706  0.00001675147176137  0.00001727765782475  0.00001780732473395
  0.00001833905953838  0.00001889713768447  0.00001949352818931  0.00002012634380321
  0.00002079465261170  0.00002149365590041  0.00002227959259004  0.00002307033757341
  0.00002382534803365  0.00002479804317795  0.00002584083062104  0.00002691409040689
  0.00002805112309300  0.00002926954469041  0.00003058059427596  0.00003202237757009
  0.00003366367447573  0.00003550365809572  0.00003750797188848  0.00003968635614840
  0.00004210433190250  0.00004486198125104  0.00004799054081086  0.00005155145851501
  0.00005584448897273  0.00006089772162780  0.00006713725874708  0.00007616935425838
  0.00008866498078173  0.00010618504875255  0.00013015819670189  0.00016378439965980
  0.00021714623266031  0.00030422464184553  0.00045067821494007  0.00075867507178289
  0.00169136961799784  0.00691327704378061  0.08384873770783147  1.00000000000000000
  0.00000195580615949  0.00000251853954482  0.00000287253681739  0.00000321880139434
  0.00000357092862064  0.00000394668510866  0.00000439211964896  0.00000488514424431
  0.00000537488894382  0.00000585253237513  0.00000632111470439  0.00000678094537944
  0.00000724874861463  0.00000775740765559  0.00000825932979952  0.00000873346652686
  0.00000918971717622  0.00000966195535039  0.00001010665319418  0.00001051376859350
  0.00001095144459039  0.00001143014106526  0.00001193916149903  0.00001246128367536
  0.00001298799498795  0.00001353417901773  0.00001409273429676  0.00001464455381044
  0.00001519588750807  0.00001574142746992  0.00001630599688105  0.00001692933364860
  0.00001757274077799  0.00001822831155113  0.00001893943485594  0.00001967912234897
  0.00002043915506966  0.00002124772907266  0.00002204461880979  0.00002284988500032
  0.00002367238299389  0.00002452268180668  0.00002537548001015  0.00002626740616338
  0.00002721306192343  0.00002818235496390  0.00002917535695386  0.00003021569578956
  0.00003130754216875  0.00003250155293109  0.00003376058675178  0.00003510167535668
  0.00003649484636432  0.00003791833419116  0.00003935936625388  0.00004082301246607
  0.00004238202381757  0.00004398400574849  0.00004568304133710  0.00004763489339794
  0.00004982008670010  0.00005220547451792  0.00005481178138047  0.00005795173642150
  0.00006144064681335  0.00006515952704085  0.00006906049326460  0.00007317458107575
  0.00007765284152173  0.00008262656691079  0.00008872236619521  0.00009575267635349
  0.00010359413607425  0.00011225970735366  0.00012169242126906  0.00013191006367717
  0.00014311152133813  0.00015554185447321  0.00016993652912847  0.00018745389353120
  0.00020863163633813  0.00023326467213635  0.00026143278026479  0.00029412665428364
  0.00033336689286377  0.00038172348197294  0.00044098592613760  0.00052278117478658
  0.00066333533922405  0.00085776453390993  0.00113559423855136  0.00160294393611397
  0.00277197145187278  0.00680416919543994  0.07508248963830361  1.00000000000000000
 -0.00184854425151275  0.00656707597513184  0.01436677221792407  0.02266730801445654
  0.03130994827161412  0.04042802540582407  0.05007772827919581  0.05963943470519610
  0.06865614832084228  0.07735584766617482  0.08614344282408251  0.09506484332703913
  0.10390159481680876  0.11263640229451338  0.12151806025567438  0.13102370433037552
  0.14104545565429988  0.15092645074274735  0.16092259609861986  0.17158139020023688
  0.18258268227076016  0.19319509047870662  0.20410580270897036  0.21509929877396383
  0.22725459528203526  0.23881739605862820  0.25013736461567565  0.26119778645347047
  0.27239717285157006  0.28285248354128589  0.29226256867920108  0.30215941883253311
  0.31360323351276193  0.32642912369416693  0.33902868577535600  0.35123057723643397
  0.36387813214746484  0.37722273000057965  0.39079070585895254  0.40413156332280281
  0.41683610816251826  0.42896979769710536  0.44092727725877395  0.45421912250668312
  0.46822092602648835  0.48299192166974070  0.49801783834950647  0.51159049899396947
  0.52530907623592804  0.53947901904216267  0.55272703159315728  0.56537071668215610
  0.57810979395799711  0.59037985410476890  0.60264504177005995  0.61491319299630953
  0.62778035455098646  0.64068759989170543  0.65288660429290790  0.66433265864937885
  0.67516958236535340  0.68597615928401912  0.69608694299918827  0.70636027587423711
  0.71732497188968880  0.72880051294190795  0.74103414410287272  0.75278695369355830
  0.76461142969033236  0.77541159040634644  0.78582696522097462  0.79599647388830075
  0.80579481053912105  0.81564779354524208  0.82452521625993591  0.83295004099955272
  0.84111010781127404  0.84954850917759883  0.85815894496730072  0.86705256317115564
  0.87587538394048003  0.88403765126694323  0.89192564375360006  0.90016671882227661
  0.90849631957014187  0.91731241927082263  0.92623965095090177  0.93494733401058772
  0.94346996869815314  0.95156686034138505  0.95936679840941097  0.96732385897203299
  0.97544514282986006  0.98362921928615665  0.99175431435493688  1.00000000000000000
 -0.00271541703686086  0.01020162695143136  0.02062608967281968  0.03066670708822282
  0.04110493863429627  0.05153276907424364  0.06216702941403972  0.07321998084054432
  0.08439309600362610  0.09542065165784071  0.10634979772204260  0.11734961672227161
  0.12810289170738334  0.13831731032317854  0.14829609002181501  0.15819402706683403
  0.16838083843554710  0.17938246718101436  0.19075530364543178  0.20269920267123032
  0.21367316000370185  0.22403960375612611  0.23423269416934048  0.24395359020933913
  0.25329875400704249  0.26232163577452761  0.27198703690720005  0.28210035256620591
  0.29276133307637675  0.30346035292931811  0.31394998906979399  0.32426356077508467
  0.33479792660903052  0.34580413460070819  0.35641806160447953  0.36637978660848336
  0.37618028870271009  0.38643302702745824  0.39673030197357928  0.40635436700969352
  0.41561183272084734  0.42515467802240459  0.43490382414563156  0.44455672873248125
  0.45418564707575759  0.46423068513350252  0.47484862300210862  0.48524773963370343
  0.49557775526328068  0.50567259095000183  0.51635945682340956  0.52789940612627284
  0.53879987338376556  0.54920273752927495  0.55909415924658556  0.56985397674839089
  0.58123061077918803  0.59253789119048250  0.60373557403440770  0.61486457054673327
  0.62596556512345947  0.63660213877673499  0.64690096602802372  0.65681199628818820
  0.66684413652625452  0.67747557445859119  0.68816967972681997  0.69905770857416138
  0.70988769675288832  0.72068723561206960  0.73126950454947892  0.74149228842583559
  0.75195665473532991  0.76242905148408313  0.77286736979657789  0.78263629260264145
  0.79234260972351023  0.80252698752706086  0.81328840315782935  0.82452502907788550
  0.83631215505573708  0.84905263047112134  0.86170409871277998  0.87343111853011957
  0.88448515644008985  0.89483730074751655  0.90484111802211264  0.91527033733261787
  0.92695819709291305  0.93918087852413912  0.95068153101647956  0.96086646946118826
  0.97049946203650317  0.98027828981555098  0.98955589202065064  1.00000000000000000
 -0.00218033486109965  0.00866217466509472  0.01762429504953802  0.02710232433245230
  0.03731785994254418  0.04826799310756116  0.05919288872536956  0.06966110559566233
  0.07935470134891705  0.08935184894558926  0.10032117298434991  0.11133960784962978
  0.12308626686646169  0.13491147712099855  0.14620935495918017  0.15662620150040313
  0.16679089611956266  0.17735501650427918  0.18849372228071898  0.20020811827997403
  0.21248385065513900  0.22495695722593387  0.23719692486636942  0.24886540655341785
  0.26007979462417646  0.27119650928992767  0.28227962561777747  0.29337413314864969
  0.30420850111025161  0.31402082945450649  0.32284450966176631  0.33151730736359941
  0.34087354106535322  0.35118483573154619  0.36145432408399686  0.37165045577760525
  0.38194904001862184  0.39280149946723458  0.40399667736850903  0.41555608467850147
  0.42665673859959219  0.43690268754265532  0.44666499211517602  0.45612244913374900
  0.46562898765210126  0.47552534788064338  0.48586887169857279  0.49630408874099591
  0.50677755328085361  0.51758730590860469  0.52851919109996082  0.53975726173747396
  0.55142259232816049  0.56289157367970999  0.57334412109822230  0.58316207972791423
  0.59302627611735781  0.60308029120767637  0.61359402462274970  0.62458872546475919
  0.63589914079094267  0.64736262664243016  0.65849126317738860  0.66918431968604497
  0.67961299265352437  0.69022466024725793  0.70144478222144113  0.71264096604785787
  0.72360038622621470  0.73447032041743843  0.74508772843815596  0.75573951605789336
  0.76690268521990834  0.77873424585309281  0.79105183002106683  0.80297934868421306
  0.81480832944973092  0.82654152192391972  0.83719174020987497  0.84723183833712501
  0.85711121292010484  0.86673553898782330  0.87631779655127984  0.88603849224319708
  0.89594172945401729  0.90510531386552728  0.91358293123178658  0.92183145235846820
  0.93039022245365122  0.93964778296597606  0.94945587374680895  0.95950051606115860
  0.96983938313555040  0.98026928896627219  0.99021586726763078  1.00000000000000000
 -0.00253579830046930  0.01002523587787503  0.02067843989326489  0.03193849831099894
  0.04203356203400263  0.05168863744615196  0.06005940404971661  0.06812018531784732
  0.07667921685976663  0.08622105561258975  0.09670272564778361  0.10725175704239806
  0.11777635882829073  0.12795780550755176  0.13763384386453514  0.14704092815424336
  0.15660759872992971  0.16659006540776908  0.17685477310715753  0.18739459887127644
  0.19838439322332360  0.20961448888061676  0.22067427066829615  0.23146071113065700
  0.24222235507602669  0.25326044453475038  0.26468887050486173  0.27585501942441548
  0.28673618344107721  0.29759768635960970  0.30833661021929387  0.31868405057968502
  0.32879940875756825  0.33949313601321157  0.35094782300673460  0.36222957452512794
  0.37323303898197630  0.38447766898743768  0.39543691433139849  0.40570320794930242
  0.41581088793362941  0.42610845191007446  0.43647014597650530  0.44658607102677322
  0.45628929891711523  0.46639045846726501  0.47642842863326507  0.48614021976872634
  0.49581263039029905  0.50584630961130217  0.51619953680576203  0.52658444269977267
  0.53696490998318125  0.54744670831652542  0.55786075187749418  0.56807383437946390
  0.57806986389510873  0.58789223679118108  0.59783091158805035  0.60822060756547458
  0.61886788330309772  0.62909468771264743  0.63897097979605721  0.64949777266965725
  0.66068380827789430  0.67173177699375430  0.68260376003046264  0.69391039009875211
  0.70557485677162890  0.71712332208345186  0.72822960078268684  0.73940671325098462
  0.75070198911157882  0.76213624387604040  0.77302306626138473  0.78355065848399053
  0.79412625071318543  0.80477736793333676  0.81544734353861537  0.82617499637047898
  0.83687088942500110  0.84723566008441398  0.85775653233657967  0.86843999923046833
  0.87907136687780718  0.88945119601621381  0.90006740454981693  0.91180548200245892
  0.92378956680733504  0.93568846813131834  0.94653197935333511  0.95714755938747187
  0.96745240604601312  0.97806793912042778  0.98915165607510003  1.00000000000000000
 -0.00211372039010696  0.00754593656158167  0.01577647541025700  0.02353499459513414
  0.03134239714638445  0.03935033568819946  0.04748262206994545  0.05589372497576310
  0.06480844063991205  0.07427508300887645  0.08412413449425331  0.09403683179523493
  0.10383087893542847  0.11376058642282094  0.12353655267726478  0.13317321373704802
  0.14335294470419155  0.15424336186607104  0.16569940405534447  0.17713315715737848
  0.18724720621780891  0.19697634786310636  0.20682454752997984  0.21651781426268982
  0.22710117064550195  0.23859042912238318  0.25066268137297060  0.26232324223213055
  0.27356806323928362  0.28486962328145976  0.29638721988090450  0.30790837741999266
  0.31893030966092406  0.32935831640002045  0.34010309819593720  0.35090290108388333
  0.36200193078295290  0.37371233822970912  0.38658266556247978  0.39983843070544367
  0.41289996379834704  0.42609145194523185  0.43909019593858795  0.45177085974973402
  0.46425805752511096  0.47656083816296335  0.48887417805150141  0.50172797223878962
  0.51490595768968261  0.52744427598146038  0.53971834446754818  0.55214900459381833
  0.56349556866059491  0.57351740088469938  0.58310669232395296  0.59437720523541171
  0.60520207790501501  0.61598747045979241  0.62769906767021477  0.64035685415856525
  0.65304330665624155  0.66565131000597555  0.67857773293510248  0.69108750136094232
  0.70410393674403882  0.71660228268420467  0.72903147836481186  0.74067196563559468
  0.75150977155747423  0.76189558909854782  0.77218996478396018  0.78218700957717380
  0.79232874343132076  0.80199526318133496  0.81153678271334373  0.82083480085883243
  0.82990889446383853  0.83900636813442042  0.84848302829679678  0.85799191903752614
  0.86740959534190265  0.87696675771897104  0.88687261854900223  0.89638758067315438
  0.90559739328006872  0.91433352919343858  0.92322474839703628  0.93212527990488425
  0.94129346582140372  0.95019927865140053  0.95881484381201276  0.96698879659450432
  0.97501564895195258  0.98311006452901717  0.99159339468271823  1.00000000000000000
 -0.00263174283594083  0.00983714928014189  0.02042050993307097  0.03046821457083958
  0.04059209448717123  0.05107154572968631  0.06194161960321454  0.07296851435975989
  0.08383128674931856  0.09519277382867418  0.10633027862875846  0.11775876401566994
  0.12890626114975970  0.13933618261911784  0.14988597645805243  0.16058578706444346
  0.17160640475929090  0.18308350468065401  0.19477244811952230  0.20618186676813308
  0.21705402168987251  0.22758365958377139  0.23822983611006501  0.24871923610375257
  0.25895647041569342  0.26892398577206172  0.27793112101995077  0.28654640967618078
  0.29534192917234775  0.30501280382505930  0.31579459705590701  0.32672666945209122
  0.33722548796966167  0.34732237853621578  0.35698384788983895  0.36630013875814293
  0.37555629308022964  0.38498891902301635  0.39474067044653460  0.40456704684103484
  0.41454983268188356  0.42409219327651321  0.43391372020846269  0.44400442152746433
  0.45491117449123125  0.46592442177370141  0.47700486908524942  0.48834053286829066
  0.49959739940396863  0.51109443537616062  0.52233146363414029  0.53366006721815307
  0.54490101156367232  0.55555508984123003  0.56628386144014153  0.57694055350476559
  0.58748013220719653  0.59753638347161198  0.60719055461094440  0.61636829144590299
  0.62567962264426946  0.63511188149605080  0.64502770200669490  0.65470006224544308
  0.66415582901898296  0.67291265392054278  0.68223698381487263  0.69188212165575913
  0.70223214194400230  0.71279438942588524  0.72355168635997980  0.73402112738742586
  0.74429503774056083  0.75488326524636917  0.76552998476436729  0.77640541263013285
  0.78699286057863649  0.79740318667446874  0.80720589941254128  0.81751918785521727
  0.82802370842277917  0.83871299404914368  0.84951568615968154  0.86102945665058461
  0.87348047774400905  0.88602018498726243  0.89849459254338959  0.91097728031786773
  0.92335084627356578  0.93519701693219803  0.94651422834672594  0.95705521317344477
  0.96824806764277704  0.97903339033281311  0.98977223456608798  1.00000000000000000
 -0.00206354059168784  0.00814580141212297  0.01680346266716035  0.02702822585664182
  0.03662167352939785  0.04665860399525142  0.05662074081421704  0.06676829938775651
  0.07709514379525302  0.08744976340090124  0.09837320211911503  0.10928515930318186
  0.12004786012418614  0.13080208512658803  0.14201457946994223  0.15285440939389627
  0.16355453675444928  0.17454329271371963  0.18535352222011403  0.19653263189481579
  0.20658954920098307  0.21694007465671417  0.22773244560625164  0.23930089213451422
  0.24987154731015165  0.25910886448822906  0.26817327491411164  0.27762031240501661
  0.28802164727626917  0.29838888198112523  0.30836235160834502  0.31816272447417265
  0.32807018077178651  0.33847346301100378  0.34956639190196082  0.36068975663812958
  0.37180922691178936  0.38294982729702937  0.39408311461058448  0.40554598696167121
  0.41709200722324347  0.42789290487578097  0.43825001072011655  0.44881147886323175
  0.45975565827794079  0.47017003945221642  0.48003672256563429  0.49027826589599172
  0.50094121355690824  0.51129207938177201  0.52123227827288521  0.53194323259084253
  0.54357923763560423  0.55492048701879360  0.56561131351307015  0.57574728582344248
  0.58570165171902866  0.59567734347854928  0.60588741636831367  0.61725738158902310
  0.62867759487010555  0.63988140720993525  0.65113473726278681  0.66200324268554445
  0.67230386872752423  0.68243109931696289  0.69349321296448863  0.70523115718515994
  0.71620845379409759  0.72627633156317928  0.73648779038554490  0.74716701699314703
  0.75809989260808608  0.76907444885069087  0.78014181302412766  0.79091076191939758
  0.80108825228512492  0.81119212160924181  0.82145562986838416  0.83191189548853650
  0.84240897413169469  0.85311290768897496  0.86430128916110538  0.87547921960059494
  0.88648283708465281  0.89741439593294492  0.90787847429972723  0.91888535285444195
  0.93041863214906717  0.94174591814705855  0.95255701255221892  0.96312282341675337
  0.97322754319141747  0.98234672029086889  0.99129250727014673  1.00000000000000000
  0.00008518466280997  0.00030340703310611  0.00052326513694901  0.00075161303944129
  0.00094247026851968  0.00108059630944025  0.00123148369252795  0.00138852141809098
  0.00155087360390568  0.00171980498163975  0.00189289633637414  0.00207034094022018
  0.00225835257957562  0.00245067318248645  0.00264663119077997  0.00285133697598174
  0.00305742802244868  0.00326613770246803  0.00347854462505880  0.00369601181660532
  0.00392025923220842  0.00414725367521826  0.00438458135608834  0.00463292188589011
  0.00488832291785221  0.00515594339081125  0.00543497607734876  0.00571347468515314
  0.00599019599307429  0.00626880106714741  0.00655521003172040  0.00685261519967360
  0.00715919453909274  0.00747219142915194  0.00779564018160966  0.00811918951232775
  0.00844798898797323  0.00879165848519660  0.00914939713186691  0.00951728587337466
  0.00990657033252098  0.01029691727868473  0.01067813974803633  0.01104567579121526
  0.01140302399230060  0.01175211695750019  0.01211193092134646  0.01249320941596369
  0.01291139567432042  0.01337002760690757  0.01386085500346852  0.01438068388361633
  0.01490639460254467  0.01545228334352363  0.01603010020302589  0.01668905494365783
  0.01741081473293526  0.01814801036214672  0.01888139383953562  0.01961834596326172
  0.02037619027036288  0.02118021586743657  0.02204610130470356  0.02297746027376273
  0.02390354048318948  0.02477092103852376  0.02555607191781838  0.02641796601113804
  0.02725045017838393  0.02810810561865884  0.02903251934095087  0.03000384021822402
  0.03105157216024101  0.03223535302238284  0.03357255433044745  0.03482427545070815
  0.03602785811145749  0.03758216642203337  0.03933171292338280  0.04106144951799937
  0.04328203321508311  0.04575421804912179  0.04828142024374764  0.05114724482794267
  0.05399489348050605  0.05680014285929720  0.06001010705277119  0.06251338965273337
  0.06664204828397668  0.07321645558215724  0.08018180772427086  0.09019826716544037
  0.10428286701781518  0.15076266459306578  0.55872389917382081  1.00000000000000000
 -0.00235139757345056  0.00838749938854225  0.01837975694221827  0.02879836334956412
  0.03984410808948904  0.05147697990939595  0.06344297926508091  0.07535235902938316
  0.08671819695995532  0.09698803247628265  0.10691584688875153  0.11693924036506445
  0.12746962717691931  0.13801067696982761  0.14797484338910435  0.15777217284454439
  0.16736121447226207  0.17667007655952396  0.18678645764755117  0.19635169476530701
  0.20531071759504335  0.21400185205495972  0.22293966827272865  0.23217098243058207
  0.24154436510448729  0.25096529881475294  0.26025236571575755  0.26939700568600539
  0.27880556208603940  0.28819339249561043  0.29764304583484275  0.30720846263559110
  0.31783373614830063  0.32879834992392398  0.34010736171779782  0.35163871386794304
  0.36338852450793846  0.37453070931931265  0.38501175854110103  0.39512576921180775
  0.40514907020367169  0.41648688720604138  0.42786497613196878  0.43934487945015660
  0.45091329702493665  0.46361511195880345  0.47667825982882311  0.48878195923327938
  0.50113365882467664  0.51375730667534936  0.52533524826832034  0.53576569910144023
  0.54680802802380635  0.55686874838389266  0.56601413694992686  0.57488274225179514
  0.58425492369755250  0.59519098500581902  0.60569575697340139  0.61582355633956798
  0.62575045338732227  0.63548587892996511  0.64515218786934325  0.65485718830060335
  0.66481270673175086  0.67557330299652651  0.68674270957450956  0.69790888243330729
  0.70880782251639451  0.71917717303801521  0.73002597502311029  0.74118477081768508
  0.75231471925164473  0.76326933125281426  0.77425442815941958  0.78522126481972998
  0.79667338819849842  0.80826213112745005  0.81940375252359743  0.83016173742659094
  0.84096652945480876  0.85199135615319110  0.86285620317771727  0.87323401532373102
  0.88325994318223644  0.89349638697410461  0.90381584309115570  0.91455001690113202
  0.92573972800720983  0.93686849892234914  0.94784753532197707  0.95854689724333542
  0.96907415490507620  0.97933239425825647  0.98963436595341014  1.00000000000000000
  0.04716216293281250  0.57340775161620150  0.64598068218337956  0.68749825688726129
  0.71608179757713430  0.73833283863911658  0.75636872640234132  0.77155743905266982
  0.78443622231450982  0.79622396063433465  0.80686247594540539  0.81601287086173024
  0.82390703695565837  0.83140227449538240  0.83819598864282630  0.84459444230379721
  0.85083273460921038  0.85662602937112997  0.86191601840330723  0.86696905228147336
  0.87176941794057750  0.87624828456820480  0.88038855477951894  0.88424692192828946
  0.88794012175395243  0.89146658754748853  0.89496440396983645  0.89818453882529048
  0.90130003416365689  0.90430320088686256  0.90725913617808163  0.91009642953450065
  0.91288274186258900  0.91551090717633188  0.91786990366113430  0.92011412415291582
  0.92229276951272310  0.92441253973795712  0.92647010162299026  0.92850194651913054
  0.93050656624364425  0.93247813508638022  0.93442144423677853  0.93634279032140300
  0.93820336943649452  0.94001308869912725  0.94178382130619087  0.94343802934664955
  0.94509953869695928  0.94670930301291556  0.94823476346379365  0.94965909094159029
  0.95101307955411585  0.95238702469300807  0.95378652510336515  0.95519318485448601
  0.95665224433795315  0.95802370788899893  0.95932800882710534  0.96057844507301737
  0.96181552827496253  0.96307400719582636  0.96432827784330510  0.96555843503405425
  0.96675563433123901  0.96793582860953908  0.96908568207273726  0.97019321114362012
  0.97127782908686733  0.97235298111857627  0.97344818883894491  0.97450087781235295
  0.97556985118326478  0.97663385722690510  0.97769130772624435  0.97875856990147958
  0.97985054257576631  0.98090123678984320  0.98193519829195908  0.98294382220410803
  0.98394580677891452  0.98493301121788512  0.98581023694392933  0.98669554352529898
  0.98755686138687238  0.98843103615418781  0.98931265340110608  0.99019413307956328
  0.99106782214969036  0.99193214213979430  0.99285351641186681  0.99388917112548469
  0.99494217485775993  0.99617615508805135  0.99776413266129838  1.00000000000000000
 -0.02312161014116080  0.11187975133903791  0.14813210858519599  0.17048680166675018
  0.18875050171378346  0.20402727902916826  0.21793755023365757  0.23033829807340703
  0.24177100135992891  0.25258017134442379  0.26235165174021435  0.27158732885671044
  0.28010942269091693  0.28824060948744140  0.29571952210195684  0.30298745720781456
  0.31039909492516232  0.31806692260673153  0.32577754860244601  0.33310092251424417
  0.33961921466089506  0.34592902264256387  0.35225370657586536  0.35843168324740049
  0.36516240048207782  0.37216539839718821  0.37884396296132022  0.38528544819573957
  0.39160936416690995  0.39747020033573349  0.40312710679343000  0.40877768484567473
  0.41459744634950713  0.42062191339697763  0.42671815883362063  0.43281457405655493
  0.43876378377518832  0.44437493928792404  0.44973732497171787  0.45511649995444542
  0.46068498580144490  0.46630904282621843  0.47168930419445854  0.47705630985575326
  0.48257106472907174  0.48797376912156815  0.49321240443148506  0.49846713139148530
  0.50349219115981425  0.50855627146464899  0.51373574290137658  0.51911495737988200
  0.52472955836467472  0.53042919677373579  0.53590620142134227  0.54157861145361341
  0.54710144511825121  0.55228414029907680  0.55740916519963091  0.56237089703119836
  0.56771263414308004  0.57340504683534466  0.57930173050187528  0.58541335123306315
  0.59174821853129578  0.59828793422228776  0.60473791302717927  0.61081961244142768
  0.61659376167145330  0.62218797302817141  0.62789312376975037  0.63405547900783776
  0.64065095895964541  0.64744226909429192  0.65423518042992912  0.66070869024591017
  0.66701577581592342  0.67357974850109692  0.68061552193591235  0.68801571817883189
  0.69557176563360379  0.70304355863153578  0.71095893524190190  0.71949077825894525
  0.72846246072896093  0.73775934371424012  0.74755115025578411  0.75818351511172677
  0.76941630803272232  0.78186520329897136  0.79607397539969726  0.81250294894571384
  0.83130714441129061  0.85445227866170381  0.89052893216375140  1.00000000000000000
   1.5911053809793547E-012  -1.0000000000000000     
 F F F F F F F F F F F F F F F F F F F F F F F F F F F F F F F F F F F F F F F F F F F F F F F F F F F F F F F F F F F F F F F F F F F F F F F F F F F F F F F F F F F F F F F F F F F F F F F F F F F F F F F F F F F F F F F F F F F F F F F F F F F F F F F F F F F F F F F F F F F F F F F F F F F F F F F F F F F F F F F F F F F F F F F F F F F F F F F F F F F F F F F F F F F F F F F F F F F F F F F F F F F F F F F F F F F F F F F F F F F F F F F F F F F F F F F F F F F F F F F F F F F F F F F F F F F F F F F F F F F F F F F F F F F F F F F F F F F F F F F F F F F F F F F F F F F F F F F F F F F F F F F F F F F F F F F F F F F F F F F F F F F F F F F F F F F F F F F F F F F F F F F F F F F F F F F F F F F F F F F F F F F F F F F F F F F F F F F F F F F F F F F F F F F F F F F F F F F F F F F F F F F F F F F F F F F F F F F F F F F F F F F F F F F F F F F F F F F F F F F F F F F F F F F F F F F F F F F F F F F F F F F F F F F F F F F F F F F F F F F F F F F F F F F F F F F F F F F F F F F F F F F F F F F F F F F F
  <DiscreteSampler_grid>
  grouped_processes
  1 # 1 for a reference and 2 for a running grid.
  10 # Attribute 'min_bin_probing_points' of the grid.
  1 # Attribute 'grid_mode' of the grid. 1=='default',2=='initialization'
  0.0000000000000000 # Attribute 'small_contrib_threshold' of the grid.
  0.5000000000000000 # Attribute 'damping_power' of the grid.
 # binID   n_entries weight   weight_sqr   abs_weight
    10   10   7.138562405616090E+000   2.234499745677335E+002   7.138562405616090E+000
    16   10   7.156308691513249E+000   2.249698376583497E+002   7.156308691513249E+000
  </DiscreteSampler_grid>
