  0.00380633056224614  0.01263944648437068  0.02358517773277527  0.03394525238956044
  0.04384106496569904  0.05294576102071834  0.06233063997238197  0.07307469579100344
  0.08246664807899391  0.09184520345111015  0.10204482294815061  0.11110314542245740
  0.12099179224498534  0.13002688370495422  0.13953391445644303  0.15076416061117953
  0.16329107532630471  0.17560232652560329  0.18704784472978397  0.19850203381189852
  0.20935391852505478  0.22015561390364610  0.23123824668856935  0.24099251269897862
  0.25103912844350662  0.26008266674429553  0.26847559492965101  0.27597716536959721
  0.28343555097047557  0.29214034173376835  0.30095147368996572  0.30973198769309623
  0.31863636351426156  0.32737102679287722  0.33692994771644208  0.34920588719218992
  0.36170109582446242  0.37344623768201379  0.38507050308466145  0.39735147125486103
  0.41043001838610027  0.42371408236585872  0.43614351546738517  0.44894334836719096
  0.46226625954491501  0.47516322233601727  0.48808060483502941  0.50180004743721907
  0.51541302459311855  0.52851719107448991  0.54035175656107981  0.55260434078024179
  0.56422628138442910  0.57562354491116308  0.58688477122460703  0.59739188546182387
  0.60816833078214982  0.61861113184420624  0.62793399502210390  0.63696229007990657
  0.64558801029578072  0.65445816267123536  0.66377943015055807  0.67491161576011904
  0.68767596481914439  0.70048210159444246  0.71187910717899183  0.72264227427830807
  0.73219928256490174  0.74267566563221821  0.75346973739547807  0.76408003773177258
  0.77340989578407038  0.78286625675261734  0.79280174403801484  0.80207404696952900
  0.81044559038774822  0.81881039407397083  0.82817951302756976  0.83894587376503016
  0.84986486069073508  0.86212416555750038  0.87414340121014211  0.88600590280261626
  0.89768413026607496  0.90844683686697847  0.91862937964972680  0.92798809664519921
  0.93795040265509355  0.94755386097223282  0.95655164037033069  0.96532350389776833
  0.97369189677669821  0.98232398130877396  0.99145159764888724  1.00000000000000000
  0.00221739685512232  0.01694342054283950  0.03520341653814626  0.05158025432246599
  0.06654359909843041  0.08069335497743881  0.09376313090952483  0.10499517536536519
  0.11487868059898808  0.12462988991072806  0.13520204544019573  0.14620310087373514
  0.15643519426576383  0.16574969486595481  0.17337081099757667  0.18113303744200004
  0.18965090843027840  0.19825225699166962  0.20633753581586098  0.21512326263854598
  0.22493439855532546  0.23495750947037605  0.24442544052347512  0.25385615361310926
  0.26291074513675927  0.27160151631065338  0.28060138144754887  0.28941813195387511
  0.29753980905946997  0.30673117723103693  0.31557516564213595  0.32265824891483685
  0.33142234465512643  0.34066735094339640  0.34999683389099812  0.35910770145130905
  0.36711212738843119  0.37646594378068199  0.38736053162959744  0.39967621778316409
  0.41290764252338913  0.42540952545881555  0.43887064292736161  0.45273431996707880
  0.46580378417745316  0.47796978575531707  0.48952270869536391  0.50187369544205329
  0.51489311591020492  0.52631271035082750  0.53507789911701331  0.54386908875680340
  0.55378816566232725  0.56483369592481014  0.57827239861476787  0.59033848233778152
  0.60289783795118401  0.61454497900827554  0.62545624398938326  0.63630084187008329
  0.64561414880745216  0.65429313356852747  0.66311874690838524  0.67381361292226460
  0.68592305925798547  0.69943508252569153  0.71119587681719187  0.72188104508004403
  0.73265444745562203  0.74312547237742377  0.75360838888607662  0.76488629615884129
  0.77698899823915135  0.78939920123742480  0.80100340607869014  0.81058210754413251
  0.81969051669146087  0.82933802838492787  0.83987626024193884  0.85245431982376574
  0.86627975044255645  0.87901722536334970  0.89033926263162499  0.90112641205410859
  0.91167430593788867  0.92040786285508347  0.92726852328578513  0.93455014838399197
  0.94344631824626879  0.95505867276791678  0.96591858031007738  0.97437804168680020
  0.98146154796132168  0.98762512215908616  0.99216892019972835  1.00000000000000000
  0.00875232171846109  0.01908395087126800  0.03014466615403795  0.04057159485584370
  0.04938041137816288  0.05639360005198964  0.06311117288166991  0.07059244860750397
  0.07896278177263712  0.08691057517741177  0.09514775378901788  0.10484581533793622
  0.11452752006070385  0.12348124125203289  0.13276550245676144  0.14276120540174425
  0.15292503895106183  0.16247790163322601  0.17257280114310000  0.18436186725949943
  0.19689852148442322  0.20852905185903239  0.21828833799292480  0.22693662138887269
  0.23516389539347399  0.24315061720753409  0.25106744795921732  0.25805089299303269
  0.26480831932034077  0.27408559124181181  0.28689673584259234  0.29905592618559890
  0.31002429421862771  0.31951693940603682  0.32923510990525823  0.33919337950981693
  0.34852435650627356  0.35759674331347074  0.36647101302917967  0.37724161447836430
  0.38924765301295833  0.40061115308174028  0.41254312016994604  0.42427632461425574
  0.43618565297663658  0.44799887715553355  0.46015579276774099  0.47181420764457682
  0.48292333833708218  0.49359066665747786  0.50433864062954592  0.51607878001094576
  0.52817074533257613  0.54165920740192386  0.55421670904802234  0.56551948448765155
  0.57614378356086460  0.58638147200414648  0.59694728948792875  0.60744892798426842
  0.61726062215839383  0.62665916219446960  0.63727721209076638  0.64758707117956349
  0.65849428685931233  0.66921732985721682  0.67880759489810849  0.68809995089665477
  0.69627524649374328  0.70384052473846670  0.71063661627531749  0.71744750898426546
  0.72454772928337829  0.73375421327062995  0.74413877034461495  0.75493860248940337
  0.76567723451407255  0.77595584251432737  0.78666568064761044  0.79816300512735272
  0.81022937565429143  0.82238500399052561  0.83386405665047669  0.84527902411858213
  0.85760410468957216  0.87118035637101676  0.88439064733334960  0.89696290620627073
  0.90894301432754865  0.92240451877816443  0.93723444256294419  0.94904546490308128
  0.96121403849098641  0.97279549321728975  0.98552939974192555  1.00000000000000000
  0.00001263066311903  0.00002073943104431  0.00002654208221269  0.00003101778138978
  0.00003558486343922  0.00004046972695257  0.00004590046634225  0.00005118269278541
  0.00005736184315210  0.00006353050633332  0.00006949247578524  0.00007505997179049
  0.00008075399439337  0.00008630658185419  0.00009297357952397  0.00009974737179487
  0.00010691319315224  0.00011441171124197  0.00012257213726624  0.00013229956825221
  0.00014270341291494  0.00015386612366572  0.00016581321998419  0.00017840531772271
  0.00019191751989102  0.00020681203038885  0.00022362298520946  0.00024212829610522
  0.00026176308436168  0.00028256301194586  0.00030520637061227  0.00032868166735159
  0.00035278062341843  0.00037857918522568  0.00040761349731375  0.00044198846091272
  0.00047792329242127  0.00051333837820541  0.00055050152519655  0.00059639802861515
  0.00064518745910279  0.00069740959927033  0.00075664148169015  0.00082392807669553
  0.00089072562167983  0.00096007292144624  0.00102997885560614  0.00112010938477321
  0.00122870994522162  0.00133920978698379  0.00145786068176575  0.00157978040300772
  0.00170103213231183  0.00181144311589423  0.00190600712522973  0.00200806189795049
  0.00215361097464129  0.00230965710006519  0.00248165038672085  0.00267902246436410
  0.00287925805961170  0.00306558627369659  0.00325287506945683  0.00348658230156000
  0.00380638641209511  0.00417099292793350  0.00458867891944380  0.00504736700400630
  0.00543842139032782  0.00574508764917750  0.00594000919211463  0.00615732921616571
  0.00642815371011005  0.00663359037455152  0.00684455196185440  0.00702400155115610
  0.00721075025636298  0.00739513575621974  0.00763027209396057  0.00808924326585111
  0.00912616163725421  0.01123065005567757  0.01235655186401444  0.01334018018551545
  0.01589192134854613  0.01851031212203210  0.02114380858523696  0.02355533915943306
  0.02426443621672141  0.02606711870161306  0.02739656905657005  0.02777582084527661
  0.03305098694007717  0.04356901386858759  0.05455023276246185  1.00000000000000000
  0.00000292062849071  0.00000437002931094  0.00000562354694890  0.00000668889434472
  0.00000762694159483  0.00000850809908947  0.00000937504676998  0.00001028994755212
  0.00001141844236394  0.00001291203414667  0.00001416419980793  0.00001574140254588
  0.00001717237579461  0.00001864312769058  0.00002011945867756  0.00002182464609067
  0.00002386968225798  0.00002637459402437  0.00002880550789539  0.00003147681322278
  0.00003458574884863  0.00003836200003239  0.00004270656928587  0.00004804506270999
  0.00005442026254564  0.00006158231286214  0.00007038038569814  0.00008037596356832
  0.00009071394451700  0.00010012998833934  0.00010965797653404  0.00011924837559450
  0.00012907365554913  0.00013972699113029  0.00015104013696561  0.00016304537286748
  0.00017614344771613  0.00018959212592328  0.00020358365461323  0.00021749740861193
  0.00023194096768164  0.00024777858145498  0.00026492813318726  0.00028511247688980
  0.00030653427536770  0.00032821672554656  0.00034902946003502  0.00037042726223799
  0.00039552589404410  0.00042294586926694  0.00045269938313554  0.00048466476218742
  0.00051719708303892  0.00055253993055422  0.00059081500089693  0.00063319816964050
  0.00067018232432441  0.00070334456806527  0.00073729483122802  0.00077256241779280
  0.00081679927962204  0.00086947224639930  0.00091404254853249  0.00094693698948022
  0.00098648078807402  0.00103704134299595  0.00109270620317848  0.00115002479992488
  0.00121956347431347  0.00129441807672470  0.00138411944044589  0.00148515582662153
  0.00156702247755100  0.00163675727810548  0.00173276238815222  0.00182140952324781
  0.00191739795369334  0.00205189564259303  0.00216623942135631  0.00230391016737646
  0.00254322483396337  0.00291495201231313  0.00336231845989054  0.00365302456066399
  0.00391411087954788  0.00419195955853748  0.00454851597930218  0.00496244651306377
  0.00807396740013957  0.01133074644450142  0.01403191908085573  0.01597730319386916
  0.01904030309623187  0.02970614458723431  0.03767030020366634  1.00000000000000000
 -0.00258350040485496  0.01048878549747646  0.02048804114638763  0.02877114194584713
  0.03732592103080690  0.04602342750714979  0.05508142368523399  0.06419114167337085
  0.07470701524597961  0.08653568412338718  0.09958695258006292  0.11184594502355014
  0.12189475296765796  0.13106068161159029  0.14023490206845982  0.14967036737023626
  0.15932921188301463  0.16918249647656483  0.17958142087495585  0.18997345497395721
  0.20034905221687060  0.20994439439657220  0.21965525800721256  0.23097769871606452
  0.24406639413023448  0.25763775603946104  0.27120763301027762  0.28483996758784547
  0.29836245323636162  0.31195012773863839  0.32506760482391428  0.33680656917745433
  0.34726389045789013  0.35684624019581229  0.36683075060126369  0.37769353696389263
  0.38876595712338285  0.39831916473531315  0.40637714252095669  0.41485074524413496
  0.42407963710914459  0.43310576231660280  0.44135967444670055  0.44974671616819140
  0.45975371695854139  0.47222552919921529  0.48625138890584113  0.49956202515628217
  0.51176350484001143  0.52290043982703283  0.53333560749885967  0.54362933463103291
  0.55382420883169037  0.56376439713435211  0.57259842555673646  0.58070957239875765
  0.58866068336912647  0.59802757489390523  0.60759914888888422  0.61828263900849467
  0.63127679453839425  0.64414381651712238  0.65474055996727087  0.66506892018832320
  0.67602288744923544  0.68763344481972333  0.69835170768099497  0.70823005783899395
  0.71803689005035576  0.72918196742959041  0.74203211177352058  0.75617337548169639
  0.76994511391161802  0.78217609190484527  0.79253532304986718  0.80220417253276721
  0.81166565203444496  0.82031998257830063  0.82894850557135757  0.83786878200011494
  0.84608957602012369  0.85621304433428957  0.86740757344608554  0.87872775136945991
  0.89026242023899393  0.90265481905930556  0.91501996835525423  0.92612236312126506
  0.93658576156954498  0.94675297642587464  0.95586116399941168  0.96359432310839455
  0.97165427021233464  0.98150485670743570  0.99089913076750258  1.00000000000000000
 -0.00232680361539939  0.01009643246155710  0.02087087728362529  0.03092874230354319
  0.04061899822381286  0.05213306955388036  0.06480627880822347  0.07518198104158338
  0.08489709677926885  0.09446586434422713  0.10530811237681437  0.11543091981823206
  0.12458810801958181  0.13318475774763214  0.14164224645640994  0.15042653717204049
  0.15961424461194942  0.16973121315252981  0.18094771918450550  0.19275988435787134
  0.20433339700827138  0.21484693368330818  0.22402265556985493  0.23284619379883872
  0.24243701981440349  0.25349116917295417  0.26505617148998101  0.27594673247522511
  0.28621314064731185  0.29634620064756306  0.30674965526059877  0.31862644095399223
  0.32904141051204949  0.33820291966319149  0.34783412445728373  0.35780609173737471
  0.36878363626634236  0.37934397951468463  0.38879135158568578  0.39788062393413454
  0.40705854699646521  0.41704503902839557  0.42738198982112685  0.43787516268136767
  0.44895720849165538  0.46135126956618838  0.47326823336460611  0.48549487992469881
  0.49636975739723954  0.50762224239309561  0.51814849713440803  0.52829979822792117
  0.53930466964711310  0.55014344955091687  0.56082829592945016  0.57211809855986406
  0.58448672243631505  0.59727817989089960  0.60922603407835862  0.61979525943245761
  0.63025021045349017  0.64078142652588022  0.65149650819160287  0.66255721662452982
  0.67369849516072589  0.68433833745834582  0.69373267796645155  0.70372804832116109
  0.71423947365966045  0.72669165311583872  0.73924601702031700  0.75024373668925859
  0.75810356212340868  0.76594924037777112  0.77457349623984972  0.78270224370859387
  0.79131603640062609  0.80007904012985320  0.80827357586484638  0.82046598332560028
  0.83473104583624858  0.84930999148367692  0.86029758197213502  0.86869881277966610
  0.87712440680582515  0.88657867279374347  0.89655426226023482  0.90616385687233625
  0.91503139414109025  0.92564794594429334  0.93853755880575551  0.95189643203943131
  0.96453252638215226  0.97636702655171959  0.98811914282107616  1.00000000000000000
 -0.00251312823291872  0.01017679931930730  0.02035429446962444  0.03065998611866900
  0.04090701422252695  0.05232082919659752  0.06189515712566770  0.07254592376697912
  0.08416404597248717  0.09846129809506148  0.11225752114259281  0.12383799700459035
  0.13419389875184790  0.14525921707798958  0.15540953663221371  0.16591763738561946
  0.17551599657684383  0.18579907255066985  0.19800569958172043  0.20917188525443409
  0.22036009133304704  0.23134365126365186  0.24104870417594668  0.24999352218451745
  0.26156031800753660  0.27368517915134405  0.28620543892209993  0.29825874256574147
  0.30925476431958021  0.32017870372292273  0.33151427963994162  0.34287731589861536
  0.35427727941170434  0.36482565431526315  0.37489456097867696  0.38348205531471447
  0.39163937815793265  0.40084730725348167  0.41155912538481987  0.42350086053313007
  0.43621561303284628  0.44930485469019965  0.46108672374945148  0.47166095893848725
  0.48213720285914319  0.49291255819311158  0.50357650221210859  0.51349261880040109
  0.52251961257831903  0.53170964884095429  0.54277554190883881  0.55403916387243901
  0.56609427989962602  0.57786386876620810  0.58717866430387378  0.59532981555114539
  0.60386710621412998  0.61306028531763423  0.62205528918624053  0.62938141617378729
  0.63594941670369731  0.64315017049247070  0.65373863728319515  0.66636933869824977
  0.67894630340982542  0.69053488603342794  0.70169736545638772  0.71240966554119778
  0.72265434551001262  0.73211925436236025  0.74112310233116019  0.74952626689772084
  0.75886843876084764  0.76935819286672791  0.78062210717023450  0.79216099829227848
  0.80456712427064259  0.81711405763751088  0.82966027063628223  0.84113343993311784
  0.85121936354477890  0.86024248621245525  0.86879420710952637  0.87868969718656809
  0.88961451057936869  0.90177868113634829  0.91205450991083148  0.92215224287449893
  0.93266594185829721  0.94314624394799906  0.95302234491814430  0.96266394851420822
  0.97224644778513469  0.98220967015224603  0.99147810880884302  1.00000000000000000
 -0.00277923098815456  0.01120346761689757  0.02335189043788426  0.03402212475876857
  0.04454818573350926  0.05498889578363256  0.06554341221683287  0.07629349468135370
  0.08671984031165864  0.09754848651270824  0.10608704843793351  0.11478547988527803
  0.12477294374307962  0.13372276159496049  0.14191262734341986  0.14971787830153746
  0.15808217666772476  0.16726767236270840  0.17728633913949923  0.18536608845327227
  0.19356852731131455  0.20292279649196440  0.21299388935711194  0.22409280827481917
  0.23493585607434153  0.24431906774763157  0.25310862278345725  0.26264432907815721
  0.27377964415799194  0.28426865613260699  0.29390600433782110  0.30267073575767617
  0.31179473740677210  0.32149167873154338  0.33096614449141043  0.34167520135590063
  0.35374858956143379  0.36621048759202623  0.37800225555753630  0.38889331923756543
  0.39900412764071624  0.40883129620268949  0.41914382561008773  0.42932854222958383
  0.43875018504569741  0.44723895170646566  0.45511688971787878  0.46296191531904957
  0.47222497381869655  0.48314501763723411  0.49405943805188435  0.50511239241613481
  0.51705784584604053  0.52899020241838512  0.53997645018571694  0.54980136040278038
  0.55940053938994039  0.56904195250073764  0.57979000115264456  0.59315024740902322
  0.60630494521738520  0.61844239688556546  0.62960915980378462  0.64092485818326650
  0.65338541402600492  0.66563841853247119  0.67758917155483023  0.68985922404549560
  0.70292795371683037  0.71728586127545024  0.73116382413670777  0.74103275478910269
  0.74962443797637746  0.75796266970517512  0.76652705536237442  0.77576013331692772
  0.78776190351703701  0.80130369010054692  0.81340484124417534  0.82516788161944188
  0.83652391575599283  0.84813324395548062  0.85872658385319089  0.86801977955106335
  0.87726591711400181  0.88695658070819372  0.89726507958149637  0.90705761714030053
  0.91622014026544929  0.92655583700446498  0.93770367315970660  0.94915954781928291
  0.96255415435131042  0.97645233644473728  0.98926071828020490  1.00000000000000000
 -0.00271210876415170  0.01093095540794671  0.02230934863334442  0.03357729706534992
  0.04435478555606601  0.05419086340023337  0.06358716703991397  0.07394693338126145
  0.08420022991673523  0.09450410744732063  0.10380465200813686  0.11208190300629649
  0.12078521947418920  0.12946128044683994  0.13779934082634238  0.14719382676168768
  0.15675795792334180  0.16599632959180211  0.17595875053216040  0.18700040061106646
  0.19667209361345650  0.20650299692285862  0.21842485434127942  0.23092671833080161
  0.24339523695578211  0.25533259662974500  0.26694888038593029  0.27837479657992997
  0.29080732705182960  0.30003563812818973  0.31078174655282836  0.32134577240821011
  0.33295928360261151  0.34497718011758588  0.35507056799047781  0.36439414451672292
  0.37348098352705811  0.38416993121342458  0.39532891085188743  0.40601627833952264
  0.41578091427447283  0.42447228479121640  0.43180878119883542  0.43994290040807654
  0.44986494433143120  0.46049750488862123  0.47112724193604427  0.48174426013945409
  0.49219958840106676  0.50245502651410223  0.51525304387340654  0.52705995341879330
  0.53991688573184793  0.55393028184961268  0.56700084274960483  0.57752561608935515
  0.58721916971426547  0.59621959314629802  0.60484417673711255  0.61364395288387030
  0.62324136428419452  0.63188949198388333  0.63961079507898655  0.64747827162800564
  0.65565044719812948  0.66387119915957427  0.67509483690749483  0.68572335895539049
  0.69686875626561129  0.70693856483593753  0.71957935337869083  0.73201330896296024
  0.74323144399174079  0.75360476423332079  0.76337928102582242  0.77359711345971915
  0.78494602193471907  0.79800389720942255  0.81108872697183598  0.82272041654504113
  0.83351710694098036  0.84374137774891411  0.85454777790635050  0.86579523302335748
  0.87706285813597296  0.88802973014503805  0.89879447310091565  0.91021784270343753
  0.92151174032514582  0.93181700908087206  0.94107165682031813  0.95033180871722234
  0.96094310800130545  0.97351779788947423  0.98622834770928491  1.00000000000000000
 -0.00111475157308451  0.00498994442574064  0.01303905425596900  0.02139445946614250
  0.03219279304851668  0.04410870157130469  0.05487622683489347  0.06530956815901044
  0.07702832457549288  0.09025846548920964  0.10325733903660428  0.11532199300316587
  0.12701399692791029  0.13933902338104553  0.15192538711134523  0.16424931751868305
  0.17625700884447681  0.18807313971715872  0.19942372656742519  0.21070315361378394
  0.22262146314755618  0.23489741201351264  0.24650801332174133  0.25674727544591541
  0.26584357785758661  0.27493914468461195  0.28499009648880791  0.29638867475679626
  0.30829360511883269  0.31970319897011296  0.33111171215163865  0.34195299245570354
  0.35222688470140057  0.36062082525644640  0.36832139300327510  0.37596702726066694
  0.38326836115727619  0.39078973151351204  0.39914023460751952  0.40848513618904653
  0.42023596477189135  0.43342034414162972  0.44543287809498600  0.45569668287491333
  0.46537653332514856  0.47516146874302029  0.48572426572699190  0.49615477251103002
  0.50441546137810755  0.51140392513185162  0.51849443222880998  0.52568601480368971
  0.53248625988172982  0.54071064617807640  0.54836148568474219  0.55671685644291147
  0.56443219060484695  0.57193891038693434  0.57913405219783665  0.58712105533865089
  0.59621779433455302  0.60839589040387132  0.62323841457873153  0.63756785995668808
  0.65205911339331413  0.66563717620661045  0.67795552627405087  0.68926337997760667
  0.70086709949184534  0.71239508135030383  0.72312462636859309  0.73389690760034731
  0.74502227853120939  0.75645536677881697  0.76753401996338189  0.77930117579342018
  0.79173753836165162  0.80345986041633066  0.81472924005239344  0.82531575826674430
  0.83506418813739514  0.84344583363718739  0.85169970786117999  0.86029421096127956
  0.87108050765671052  0.88311625217191425  0.89491592307370837  0.90653025840322576
  0.91862550646859453  0.93155015549763676  0.94484723393128589  0.95798292709801613
  0.96936858840190021  0.98007316043196857  0.99037561366209437  1.00000000000000000
 -0.00129462307373577  0.00656981345549243  0.01349885476712672  0.02062681228034811
  0.02841922414265696  0.03674005784680118  0.04615909177378721  0.05634249289829095
  0.06650740856851674  0.07772000170224949  0.09107510242252305  0.10544545176420189
  0.11864998201555735  0.13130403218655390  0.14371570438182046  0.15560582500711650
  0.16704546902925915  0.17828751380438265  0.18948863638646410  0.20172121325526979
  0.21521559977669766  0.22922042870156606  0.24244600766160118  0.25479349409375557
  0.26645105289740906  0.27777533070853677  0.28847515657450024  0.29899594031191379
  0.30967375710639816  0.32001010407331693  0.33098285243411940  0.34086145549957103
  0.34929343361342885  0.35679673168267867  0.36409591779201106  0.37237431586027070
  0.38201012908515558  0.39429985293467834  0.40763980277946305  0.42141680956945143
  0.43428399972758058  0.44584121958375073  0.45662305823192006  0.46783507576771904
  0.47957200176834230  0.49255296145475436  0.50324161205115481  0.51270119565421357
  0.52208869732683982  0.53319149149009282  0.54368281742126912  0.55302818673815624
  0.56200578502100751  0.57113442827520555  0.58124900345046771  0.59191703310843324
  0.60291582978483815  0.61498175090295804  0.62590458773722746  0.63665571664557163
  0.64726806010181626  0.65662961582157531  0.66525752173647745  0.67432180578167777
  0.68318197215330645  0.69261540344254791  0.70154635586117675  0.71050587423538880
  0.72180285481093576  0.73386242486273723  0.74622932557699750  0.75798835091858696
  0.76889209105391254  0.77929582425028088  0.78869239582004713  0.79727115481266497
  0.80573617895043981  0.81386620889265426  0.82259320194198648  0.83294076778107917
  0.84413707822394068  0.85458467987332576  0.86380231820583619  0.87292361072555380
  0.88340117487115821  0.89600082694055116  0.90902209999461470  0.92112574247176993
  0.93155505105995162  0.94190304676538017  0.95268111525591515  0.96329508587778601
  0.97268855973730095  0.98205237888917696  0.99113773383065651  1.00000000000000000
 -0.00000604721137675  0.00034697123275111  0.00066255168629291  0.00091610248328985
  0.00109238307904898  0.00127359637550088  0.00145862130256229  0.00165077148147273
  0.00184801152650801  0.00204784498853775  0.00225333243173638  0.00245693377719206
  0.00265930351065236  0.00286061718727240  0.00306286874737876  0.00327043184006218
  0.00348665924913339  0.00370933047050492  0.00394516551608562  0.00418964455724680
  0.00445518559637176  0.00475516223842802  0.00505989512657128  0.00540363318518277
  0.00572720546996156  0.00603882921908874  0.00633365551045702  0.00662553192226441
  0.00691824129389284  0.00723515359703592  0.00763589821875782  0.00804709182084334
  0.00845669755333261  0.00889502738240310  0.00935471871213868  0.00984993516040635
  0.01034831496204297  0.01074197893921177  0.01109450998181981  0.01143696141508723
  0.01175537426744545  0.01202535754059488  0.01230577248775764  0.01258767921612521
  0.01285771929884161  0.01324003075215127  0.01364242647153934  0.01400745266376304
  0.01434682980832272  0.01469825523407420  0.01505356197675801  0.01543751544593417
  0.01590040316768226  0.01652712671543367  0.01713167447261190  0.01771672579026758
  0.01832388706915649  0.01890585429536601  0.01937191485687019  0.01983799138047952
  0.02032016235444134  0.02088804883162039  0.02123905412855941  0.02154713181237999
  0.02185231619594419  0.02213803178864250  0.02243518273401269  0.02279567177129186
  0.02335866710229056  0.02391923512275971  0.02444635132552844  0.02505974255019705
  0.02578572945070561  0.02648248483267892  0.02736728723924291  0.02832738395326495
  0.02947754574190604  0.03089638174005717  0.03216570925915636  0.03351426296284487
  0.03533863436444903  0.03708514210282376  0.03872460231199624  0.04041411740579639
  0.04203610281406001  0.04520842163557408  0.04879134943666506  0.05201604672338986
  0.05558652599118532  0.05967053010311265  0.06187855736790923  0.06346877364966866
  0.06697578799883583  0.07749440688654349  0.64011643637724691  1.00000000000000000
 -0.00338739247503714  0.00950491112241125  0.02123394128535001  0.03304592226228924
  0.04555276764791449  0.05786801529872508  0.06958398860898156  0.08110333870816602
  0.09268027602240314  0.10387711654970559  0.11412340240826739  0.12487957251946208
  0.13687374360770377  0.15069160092938094  0.16363392969773835  0.17635697377078133
  0.18842995643073712  0.19968218163224710  0.21024768311212438  0.22002671493346615
  0.22901254866483967  0.23784496696723012  0.24770648924657124  0.25848742436483663
  0.27031172923555269  0.28373077249458611  0.29825153324196035  0.31086865770770483
  0.31950849423489303  0.32636491168454529  0.33401984790120687  0.34182478030469010
  0.35004419544829113  0.35976898066509433  0.37023301577597617  0.38219862390424775
  0.39549999254976353  0.40801891900655884  0.41947632613297553  0.43070876121149015
  0.44085936946096271  0.44967294842770678  0.45779879531497630  0.46601628251222155
  0.47479751249903801  0.48434301783286904  0.49375312789439890  0.50219686411546127
  0.50979779244233370  0.51812652169110474  0.52728439620996637  0.53629176883390040
  0.54534225203288478  0.55407555309216239  0.56324952800579475  0.57466107465899718
  0.58646599266315336  0.59804743404030059  0.61084746493246767  0.62597569326830582
  0.64121959721719490  0.65449774805639582  0.66676934400853594  0.67847889110390958
  0.68946959234048188  0.69953931885409848  0.70970740400271570  0.72047632438325360
  0.73190156715659949  0.74422180924457793  0.75713900789855981  0.76956320796385702
  0.78126041991903883  0.79260296798617680  0.80425533228455537  0.81574648506006420
  0.82724522009702162  0.83777683612296205  0.84807437009439468  0.85852041515549715
  0.86894791731365173  0.87904553741747626  0.88969218951196938  0.89984549796503766
  0.90889250329381155  0.91617866815870075  0.92296237243623613  0.92994994486194271
  0.93789928689229318  0.94722216236228685  0.95699784583900538  0.96676844736321899
  0.97579971738708460  0.98442191065217655  0.99249616649165939  1.00000000000000000
  0.21545290964046340  0.50366021933860949  0.56943504534563372  0.60720162378046727
  0.63325832153169137  0.65403580506258896  0.67149780774065859  0.68903035992091732
  0.70693142264660824  0.72051693407442474  0.73165874961820743  0.74114026427314261
  0.74951898520317928  0.75739305686986680  0.76521140706601465  0.77328688077587682
  0.78191435079532323  0.79041870104762713  0.79834791681321993  0.80610622157873635
  0.81282059258609185  0.81891755627887020  0.82478614643890580  0.83047346117379317
  0.83667410904622996  0.84230611730968552  0.84793207643369228  0.85335374864340008
  0.85853301468866905  0.86325009199812264  0.86821637351614300  0.87312690097123458
  0.87773953001492255  0.88199791863657451  0.88592215911664207  0.88967905509863721
  0.89334282507878837  0.89669308718063490  0.89993503262175689  0.90298859690897570
  0.90570176425562265  0.90835558497434177  0.91098481261848896  0.91369904898697929
  0.91634360256230118  0.91960188600667470  0.92277068952216701  0.92564007232049339
  0.92823414673696092  0.93084853008460000  0.93350590412642664  0.93631360387252405
  0.93924343555741630  0.94192412683782512  0.94446497452731981  0.94697335399863047
  0.94930733065965234  0.95173192777259841  0.95397636043702183  0.95637114505851506
  0.95817291247154135  0.95967533581752906  0.96100475560086207  0.96212557100842777
  0.96316096403270335  0.96436245314918234  0.96567602898990212  0.96699226471679556
  0.96829521934251284  0.96964121108975987  0.97093981208807667  0.97214614390181209
  0.97328119534547874  0.97444684718338404  0.97563046635964445  0.97678450825400609
  0.97793290237923136  0.97921508763350329  0.98040902743274472  0.98153085337203094
  0.98264332276134003  0.98375348984736666  0.98486657897447605  0.98586865533636459
  0.98686431779603168  0.98774188402821006  0.98856458118356916  0.98946534461889901
  0.99040572336960997  0.99149204520683742  0.99275118136792051  0.99406861136341484
  0.99533300195657815  0.99657328391741751  0.99813790834752536  1.00000000000000000
 -0.02207171745555975  0.10917405569031725  0.14964864474283140  0.17470694963832586
  0.19222298772303997  0.20503199580380835  0.21492180974263678  0.22494639387070633
  0.23404754897791841  0.24285159513416349  0.25144520187241304  0.25863738130275743
  0.26624198514243608  0.27370703501738258  0.28290908432456519  0.29135477890850098
  0.29953122575309271  0.30789548898650992  0.31691197139040722  0.32603867394565572
  0.33433477713866883  0.34162509044613543  0.34822571120331586  0.35403330006208267
  0.35918524109166211  0.36472227199588603  0.37064681120679299  0.37604595451694678
  0.38215011445463953  0.38895722498684315  0.39620840608526436  0.40314928646647552
  0.40982098006183793  0.41647143430015526  0.42296349059374977  0.42964766676517385
  0.43569869306537251  0.44162508429433717  0.44702151510344668  0.45341497381039825
  0.46060339620989926  0.46866961695040243  0.47524167234752934  0.48074234947637967
  0.48596924582575979  0.49143665797049813  0.49714528389111651  0.50297505475117210
  0.50898647474023206  0.51506556481456245  0.52024594760759202  0.52545850926645887
  0.53100356830819828  0.53650746664819982  0.54154082580902285  0.54649444424227189
  0.55196669237839424  0.55811895946128109  0.56492908568858535  0.57305420348933966
  0.58220025939274223  0.58909965174958301  0.59559292333250624  0.60175596969855849
  0.60834703977198490  0.61535822523303907  0.62184846911786718  0.62645236984131936
  0.63051922440522623  0.63446350662961237  0.63935513428795776  0.64484694879248983
  0.65118528464324366  0.65707583764816313  0.66239718126003189  0.66766350669179919
  0.67282379124005820  0.67756299857824398  0.68249598916725629  0.68829854035070037
  0.69616080228046628  0.70438231606437252  0.71229165087206836  0.72097597187630846
  0.73118051601598655  0.74271090833464881  0.75417076225581503  0.76533129702005787
  0.77720636568585799  0.79036425044450076  0.80562526756433128  0.82129925762529665
  0.84096497316008656  0.86489415576216155  0.89749357502814542  1.00000000000000000
   1.2095982016311242E-012  -1.0000000000000000     
 F F F F F F F F F F F F F F F F F F F F F F F F F F F F F F F F F F F F F F F F F F F F F F F F F F F F F F F F F F F F F F F F F F F F F F F F F F F F F F F F F F F F F F F F F F F F F F F F F F F F F F F F F F F F F F F F F F F F F F F F F F F F F F F F F F F F F F F F F F F F F F F F F F F F F F F F F F F F F F F F F F F F F F F F F F F F F F F F F F F F F F F F F F F F F F F F F F F F F F F F F F F F F F F F F F F F F F F F F F F F F F F F F F F F F F F F F F F F F F F F F F F F F F F F F F F F F F F F F F F F F F F F F F F F F F F F F F F F F F F F F F F F F F F F F F F F F F F F F F F F F F F F F F F F F F F F F F F F F F F F F F F F F F F F F F F F F F F F F F F F F F F F F F F F F F F F F F F F F F F F F F F F F F F F F F F F F F F F F F F F F F F F F F F F F F F F F F F F F F F F F F F F F F F F F F F F F F F F F F F F F F F F F F F F F F F F F F F F F F F F F F F F F F F F F F F F F F F F F F F F F F F F F F F F F F F F F F F F F F F F F F F F F F F F F F F F F F F F F F F F F F F F F F F F F F F F
  <DiscreteSampler_grid>
  grouped_processes
  1 # 1 for a reference and 2 for a running grid.
  10 # Attribute 'min_bin_probing_points' of the grid.
  1 # Attribute 'grid_mode' of the grid. 1=='default',2=='initialization'
  0.0000000000000000 # Attribute 'small_contrib_threshold' of the grid.
  0.5000000000000000 # Attribute 'damping_power' of the grid.
 # binID   n_entries weight   weight_sqr   abs_weight
    10   10   1.215903462912629E+000   5.135913484717734E+000   1.215903462912629E+000
    16   10   1.217949869314622E+000   5.145416827295221E+000   1.217949869314622E+000
  </DiscreteSampler_grid>
