  0.00155776186067354  0.01837995774638381  0.03541166614338377  0.04914972499532150
  0.06055765349782805  0.07226148705316393  0.08397145169288531  0.09556950896088612
  0.10709260715375331  0.11929992753617963  0.13087241833000665  0.14263895188899436
  0.15395441643466673  0.16528439630678052  0.17655198077209941  0.18802797221363018
  0.19918360630476611  0.21087680924883898  0.22299887152294859  0.23503436882415998
  0.24658032385195064  0.25766233696550761  0.26807579218150612  0.27787848911731550
  0.28753462141134672  0.29731870105265112  0.30760233499564116  0.31739796158870703
  0.32687305007886708  0.33691287958837912  0.34769506903808783  0.35814594252848730
  0.36835865587196281  0.37868103793443386  0.38944260453472684  0.40042573422988209
  0.41125698384802345  0.42302972034601016  0.43492744431749875  0.44674253213343385
  0.45841993624609745  0.47025444788987136  0.48220810403561321  0.49385884589187268
  0.50427105076279310  0.51334282779866536  0.52238813599678591  0.53195295741372739
  0.54190622033908464  0.55184279292414906  0.56125495964222705  0.57066758279615870
  0.58075531698475280  0.59049065135202483  0.60127454246971512  0.61202417224918704
  0.62341926728543173  0.63393498988887387  0.64416373344453481  0.65480862766645886
  0.66545695957677797  0.67542128153812653  0.68445940383428361  0.69440002677822876
  0.70427311295548978  0.71463554226848114  0.72515317458718964  0.73562403817566191
  0.74671034356698940  0.75754355097659487  0.76815151366273882  0.77826153093962569
  0.78751424956022331  0.79683874578199576  0.80684750355047341  0.81729152401444016
  0.82719913495274333  0.83667502956730044  0.84671549397109525  0.85682601417891913
  0.86599954416310043  0.87422251856725286  0.88295606577764019  0.89257665781522710
  0.90252279768909016  0.91273792551499011  0.92232616168566139  0.93181102287692608
  0.94139574702786388  0.95142312343591096  0.96129752884508346  0.97029893536862566
  0.97864528210276880  0.98629631882366275  0.99234742657723318  1.00000000000000000
  0.00915556704717412  0.01748678977353516  0.02834576437207822  0.03957189971049542
  0.04952908293276618  0.05909841633330190  0.06887915730196480  0.07919586165435624
  0.09016417536753116  0.10146361743197842  0.11281090419098011  0.12341782672194455
  0.13416002660634596  0.14496541063258270  0.15648674203849303  0.16786314481602918
  0.17827378001800070  0.18833666819159536  0.19821006005598590  0.20779689828829656
  0.21757916576045991  0.22769118616424197  0.23794528136806137  0.24869553746308345
  0.25969533009625267  0.27085278417626357  0.28170638695332811  0.29278124101624953
  0.30465582147404807  0.31683425125302550  0.32813820066408661  0.33878299458452776
  0.34925112768732802  0.36021400664875391  0.37145352629133460  0.38190726483539594
  0.39150616416395317  0.40067047929055238  0.40943044816110108  0.41808934558557165
  0.42709736937551362  0.43631490124380123  0.44632269465118990  0.45683216201021248
  0.46741122991524375  0.47744305078980159  0.48775894586802210  0.49831870992078070
  0.50950156919756628  0.52011686732398354  0.53009294833062737  0.54016320040853139
  0.55043498425168225  0.56142694016801431  0.57258225592575185  0.58361033486923164
  0.59499179201318364  0.60677070093449303  0.61833397720382111  0.63039503969688393
  0.64201347667698083  0.65304801513652611  0.66311919133561392  0.67367739753662381
  0.68417812114720067  0.69449718010094252  0.70407189762307509  0.71498273850152005
  0.72650466060824503  0.73824233840432307  0.75028691791418178  0.76207770437189459
  0.77321340622066137  0.78367758014528111  0.79364753430810830  0.80315107237263705
  0.81259121343858076  0.82146772483480335  0.83047667576009920  0.83978099119837246
  0.84974502309853972  0.85934613726005116  0.86917699884713961  0.87914148567728123
  0.88987960037649660  0.90018579588106695  0.91094836782478539  0.92103180035603405
  0.93060967248296145  0.94077103405515028  0.95126313888982850  0.96193147676398238
  0.97207530583534707  0.98118717122300603  0.99130245727680577  1.00000000000000000
  0.00230318354121674  0.01698505840634767  0.03162940975210941  0.04462327053940909
  0.05729471430555555  0.06997050014281070  0.08159482618114627  0.09264726783863844
  0.10351183286993110  0.11399604743110299  0.12425092149018578  0.13469674933650375
  0.14542291565856502  0.15689298623126044  0.16843731908081003  0.17982097959665283
  0.19107172546484880  0.20193150271247917  0.21288365400134940  0.22377407114616410
  0.23480438083392430  0.24605661163758411  0.25677327152077184  0.26704272178185290
  0.27733866623115205  0.28758837191288666  0.29767214606420106  0.30796182942791583
  0.31856652848793748  0.32939473769111377  0.33962957371931424  0.35012922002176483
  0.36182237501840198  0.37407427428505946  0.38708965152022023  0.39957119889463466
  0.41108706595458433  0.42238038207766015  0.43360896505820373  0.44509664856350978
  0.45638259607834952  0.46735438069303648  0.47829542661800079  0.49019761807476186
  0.50200005804198022  0.51344605462188131  0.52455107688235825  0.53576862762166866
  0.54702460047801460  0.55818599463478791  0.56824368303128203  0.57715204520556995
  0.58613102309359999  0.59543571988504818  0.60536896642489912  0.61549486827274580
  0.62653603441932426  0.63901219921130037  0.65156382233589794  0.66295313554999102
  0.67354131296003716  0.68413535206516163  0.69452268174228537  0.70500215512269615
  0.71566056128250277  0.72657895052326282  0.73786361461933281  0.74861623392606469
  0.75891735565942708  0.76881507499018786  0.77840911304484128  0.78902151482809724
  0.79934323822873965  0.80909274974218226  0.81868663049749724  0.82840284144768361
  0.83896426111183897  0.84968247979468992  0.85966814733510688  0.86908391891323689
  0.87888482331579820  0.88891944050216676  0.89822867685706898  0.90655125319706598
  0.91510896722321977  0.92481504049640439  0.93452681812565930  0.94283678705928164
  0.94974100143298956  0.95702264615426424  0.96467772079223901  0.97209557245291167
  0.97933416025026765  0.98576788059109555  0.99234576643727646  1.00000000000000000
  0.00000317011809924  0.00000332746628794  0.00000344584853079  0.00000355236617983
  0.00000366170538649  0.00000377252062834  0.00000388791727650  0.00000399960554637
  0.00000411233444843  0.00000422058581121  0.00000433160232977  0.00000443493819971
  0.00000458931496213  0.00000476339112873  0.00000494319868343  0.00000512614910839
  0.00000531399235894  0.00000551461332829  0.00000571452837538  0.00000591688820188
  0.00000612071827166  0.00000631973492718  0.00000650986380204  0.00000669747722209
  0.00000687287966710  0.00000704813649760  0.00000723526683078  0.00000742593114523
  0.00000761987022455  0.00000789206193040  0.00000817889477466  0.00000847150142060
  0.00000876828194677  0.00000907857342726  0.00000942344600707  0.00000976036553633
  0.00001008551301419  0.00001040569532734  0.00001072424373008  0.00001104408288800
  0.00001136913539349  0.00001170741500261  0.00001206830798930  0.00001243776624053
  0.00001280475275129  0.00001319468718327  0.00001359385749759  0.00001398570432879
  0.00001441458653941  0.00001487104754885  0.00001534041157921  0.00001582639447777
  0.00001633853528481  0.00001687488036119  0.00001742317876997  0.00001798368980362
  0.00001857137081442  0.00001920175879789  0.00001989056287340  0.00002062344249105
  0.00002140345723048  0.00002224131290269  0.00002311582480543  0.00002408333452124
  0.00002514245479241  0.00002628264251910  0.00002750996259240  0.00002886691390594
  0.00003032124809727  0.00003194413818925  0.00003360467501298  0.00003542191906910
  0.00003756112803455  0.00003990130498257  0.00004250884867392  0.00004574443292865
  0.00004976297011752  0.00005462052360041  0.00006037506955427  0.00006781329543483
  0.00007782331890530  0.00009187306136018  0.00011241873618240  0.00014044419642218
  0.00018092737963345  0.00024983093807051  0.00036309845926120  0.00056693360259080
  0.00095270942243557  0.00168427478660187  0.00300241201175231  0.00609279544054288
  0.01300947384639739  0.03267937303484551  0.10061646861340866  1.00000000000000000
  0.00000071123772328  0.00000182943123685  0.00000243089147115  0.00000291708020494
  0.00000335175917103  0.00000380356942655  0.00000423554125361  0.00000467502039374
  0.00000517779108335  0.00000570912945021  0.00000623908689528  0.00000675465558069
  0.00000728296005355  0.00000786055933203  0.00000849042272819  0.00000912493295111
  0.00000972501834879  0.00001028407207880  0.00001081175190897  0.00001132625568951
  0.00001186014236054  0.00001243331083586  0.00001305250974533  0.00001365261509131
  0.00001423522522507  0.00001479880274036  0.00001536050502236  0.00001592700256668
  0.00001656218971598  0.00001726615303664  0.00001800663532289  0.00001877921993894
  0.00001957099643498  0.00002039163984491  0.00002127103431818  0.00002221083643718
  0.00002316080509837  0.00002416639843746  0.00002530762148043  0.00002645929802994
  0.00002763848455839  0.00002882557155339  0.00003007862113104  0.00003140590665865
  0.00003279220670047  0.00003422498980884  0.00003568888608741  0.00003716256087365
  0.00003871840391393  0.00004042875327276  0.00004229002498727  0.00004435060718354
  0.00004673440143295  0.00004937124282177  0.00005216096566430  0.00005510930440744
  0.00005831540599236  0.00006189627479124  0.00006592608002012  0.00007071444231071
  0.00007617651077118  0.00008237942839830  0.00008936073366741  0.00009714118093641
  0.00010583018590567  0.00011528875929863  0.00012575509047292  0.00013708614883111
  0.00015008874428474  0.00016415657561224  0.00017904265639645  0.00019623602145403
  0.00021658908489833  0.00024096982945815  0.00027196040611025  0.00031238408892307
  0.00035817655936292  0.00040889590908871  0.00047483897364394  0.00056561636819457
  0.00068356462851814  0.00083259616218340  0.00103080144620946  0.00132500784994996
  0.00171022230311652  0.00218560298024604  0.00282095013495890  0.00381956078586061
  0.00519430436528517  0.00689427128463298  0.00978148076207205  0.01321673534927877
  0.01623475345509762  0.04158273013257814  0.12980408877119859  1.00000000000000000
 -0.00160660627767698  0.00616216671960538  0.01324368314661184  0.02045541014852847
  0.02808149133233984  0.03638730549220140  0.04510266436907807  0.05462241978985192
  0.06371858560374072  0.07299695786519819  0.08198697394791624  0.09054946966851390
  0.09924590999708525  0.10843259027239524  0.11808278688965300  0.12803793247557949
  0.13800927973016242  0.14792028768999244  0.15842003151508532  0.16905411388714020
  0.17999974018278270  0.19157683728535599  0.20351847514496524  0.21536454529692292
  0.22641913831252172  0.23675651462592201  0.24688892478441904  0.25835309626653646
  0.27055517893047698  0.28190515331114735  0.29304590912857731  0.30461861216915675
  0.31614707701747069  0.32749805375116497  0.33901543938986339  0.35065521148201034
  0.36251967126311069  0.37462760877706613  0.38706816367865293  0.39960872407528208
  0.41190973752780169  0.42429982828295815  0.43651896338990070  0.44893838737853059
  0.46157701730678546  0.47423888703091954  0.48707533625525795  0.49976962434160016
  0.51172671942952075  0.52381245912114183  0.53663330371871709  0.54967193889536015
  0.56239405538198883  0.57551939388654361  0.58873704846351516  0.60187842502274247
  0.61455758223385859  0.62701886449865918  0.63917993329622969  0.65136233263764465
  0.66349275123915563  0.67574193847486685  0.68853798682874978  0.70151685246554318
  0.71331857847731395  0.72338472270272114  0.73282436009463581  0.74216416788125594
  0.75161238318439016  0.76143274397324834  0.77179159171148015  0.78369945965848753
  0.79532139490007181  0.80694784123459218  0.81782976386940598  0.82813055297309013
  0.83810130046743214  0.84785303097901010  0.85753511335108279  0.86699699411294751
  0.87645192937277483  0.88669829497686170  0.89623572979243027  0.90502863443553205
  0.91386537289428171  0.92248594099161907  0.93145772495563572  0.94031401459268082
  0.94822303458788360  0.95582697562066110  0.96333903130644538  0.97100085207743503
  0.97880387005889158  0.98597793787932619  0.99313514612411402  1.00000000000000000
 -0.00231082294599410  0.00879812284723596  0.02026323656904753  0.03153604708391902
  0.04237010845102736  0.05524682604823904  0.06658916000310641  0.07767193151658418
  0.08833156112543269  0.09885275296347863  0.10915933999239069  0.11937831414417312
  0.12980103428892914  0.13947307097396303  0.14898563883022314  0.15848820353444892
  0.16758643164633441  0.17665918559040805  0.18582062128555729  0.19583767862980761
  0.20531410368150801  0.21437752365940579  0.22359321348200370  0.23339880103464516
  0.24455855219527131  0.25533629486061260  0.26784366638952350  0.27935811369750213
  0.29117554982507915  0.30147632332978358  0.31183199746707801  0.32243762309867097
  0.33304864899997239  0.34354568220147824  0.35410616941970613  0.36508242962952409
  0.37627841993414896  0.38728944689186051  0.39801653531593378  0.40802557893651337
  0.41818171724636166  0.42868201792206612  0.43900467285967143  0.44892616215452130
  0.45888195303677626  0.46906239281595774  0.47919438030518086  0.48788229985491066
  0.49707826810692202  0.50697125886477412  0.51731255576977275  0.52719564344917458
  0.53658600263514344  0.54610063948617715  0.55638307377512775  0.56710579755192092
  0.57833467706713848  0.58906975350815871  0.59939644800052416  0.61031035322512772
  0.62214219250419178  0.63342784667377783  0.64415843345950463  0.65450012985159300
  0.66523696226587525  0.67560219031061475  0.68584165422650323  0.69633984057812026
  0.70767585937184663  0.71908748631232766  0.73004602959620202  0.74096290686518218
  0.75273958563121490  0.76494009744458058  0.77699477526763594  0.78872532709717713
  0.79987907861650431  0.81030407013872219  0.82133931517342695  0.83204851031148874
  0.84198472723652396  0.85161442429276557  0.86128090059819817  0.87075269228062246
  0.88021874648610898  0.89050567411460768  0.90203683799439649  0.91389943050421663
  0.92490501245889678  0.93468164518283137  0.94458061149872619  0.95537201189265542
  0.96594772245162541  0.97689956509587161  0.98823184552773813  1.00000000000000000
 -0.00183351908760761  0.00800393972023761  0.01696475402176782  0.02640584840828396
  0.03638065853884774  0.04581633253172698  0.05495267159177991  0.06444413222754977
  0.07492582478213800  0.08525785737438034  0.09563820634976000  0.10612434504553581
  0.11687789288700136  0.12765813576525065  0.13846786181621637  0.14890075108268999
  0.15888931706510157  0.16886938157583131  0.17920271312818872  0.18950867349350747
  0.19974660717722750  0.21013760044954508  0.22084137479545737  0.23211130984867936
  0.24360043869091133  0.25466347402024031  0.26511114589826495  0.27514009174218507
  0.28492766865641478  0.29451301652307055  0.30450287249093272  0.31481241409061039
  0.32533563168353535  0.33571234527373572  0.34599429347439054  0.35594683472800726
  0.36552580846410465  0.37524207762649475  0.38555237290894973  0.39616216111794328
  0.40693768723557161  0.41796237928386976  0.42892067889984942  0.43961582854189796
  0.45041637880148727  0.46112568067194482  0.47161670045950677  0.48199112506033737
  0.49271589662216231  0.50374080020836653  0.51502989213082617  0.52614563566404660
  0.53732859870687399  0.54853377014839733  0.55969788535586951  0.57064302490283403
  0.58160255997999877  0.59307481675613971  0.60526536175171097  0.61766392144858828
  0.62829349229800868  0.63819398326790922  0.64831820112996252  0.65891332458204910
  0.66964004384026388  0.67994403292096062  0.69069387475046551  0.70286724092403652
  0.71502345171833570  0.72659314851017032  0.73878719310197172  0.75052615052587690
  0.76099786661219815  0.77086314587876248  0.77907398070280354  0.78776909810370332
  0.79710022694079052  0.80609142869226258  0.81445432196979739  0.82334340575774956
  0.83330190455352671  0.84442265426868357  0.85618121355719023  0.86738454802233467
  0.87860787343514313  0.89082483806585366  0.90320218402110630  0.91651509592232649
  0.92823892634984873  0.93851567882540099  0.94844701713933099  0.95817818932013499
  0.96900555358276941  0.98015201719008260  0.98996805185294989  1.00000000000000000
 -0.00289624156053438  0.01032895632160041  0.02139280131844934  0.03239614933818109
  0.04325093480067003  0.05295821006885776  0.06293130024174456  0.07258651817637310
  0.08311583257623283  0.09345329219923715  0.10353347806855043  0.11317325755622024
  0.12297996253080089  0.13332757486970978  0.14298489246092116  0.15238409661757657
  0.16188899297530795  0.17251316051724599  0.18406274907896525  0.19487997509787452
  0.20513566852131565  0.21532498519048027  0.22618905816950086  0.23792586701018711
  0.24984942244436539  0.26118453900805755  0.27261251614039467  0.28458716424390174
  0.29692705794730084  0.30902831907658534  0.32102338032184752  0.33268224775649324
  0.34388667811832929  0.35503162086539386  0.36667780767090236  0.37888558447598880
  0.39107176054576076  0.40224175237004783  0.41251610794728855  0.42251309654528224
  0.43293638754088809  0.44301118216373797  0.45306891731520699  0.46369899458599406
  0.47349568185546492  0.48323341672781328  0.49265300928413697  0.50255687913970182
  0.51385291908676467  0.52482828349862753  0.53573255921532037  0.54633990487605100
  0.55653373382059068  0.56702487921922295  0.57737636878644183  0.58660245438626957
  0.59503490003274806  0.60372193432696175  0.61348073808767045  0.62377278606580611
  0.63413953185463989  0.64455837953858397  0.65542946981869421  0.66642621480813169
  0.67722384805269886  0.68789413893266949  0.69851002300281118  0.70912799160426898
  0.71968088783438056  0.73043427539082972  0.74137794415832947  0.75270515163572138
  0.76414341690110976  0.77598831154846626  0.78772439515267700  0.79914112824461947
  0.81012300922829839  0.82123847202829059  0.83188328495582742  0.84275140780295910
  0.85332873878605897  0.86417361335567899  0.87482001980282897  0.88563142347439827
  0.89582139949076900  0.90534232164761330  0.91487386483273225  0.92426194459174338
  0.93326583167936872  0.94178689848197439  0.95016326465297185  0.95948971408370765
  0.96955366861432790  0.97964341654717624  0.98973428851313261  1.00000000000000000
 -0.00179908701696269  0.00722572803177571  0.01538511586890737  0.02342284816525266
  0.03242921814163671  0.04035408885947168  0.04967223636935273  0.05747867442294671
  0.06637460976386773  0.07526684179692980  0.08348720008722403  0.09097882922637003
  0.09872397983977881  0.10705924396028631  0.11523274244277455  0.12309359231113362
  0.13136880353686972  0.13965898484708922  0.14883164930874285  0.15836293277637975
  0.16809512054877257  0.17808187677646983  0.18900554693345686  0.20106285124876569
  0.21232753546756730  0.22337367325697408  0.23446903780543443  0.24591556057050520
  0.25737697196303966  0.26907415950641361  0.28083312732864785  0.29245973749559440
  0.30356348521890864  0.31450799032848131  0.32602751018339632  0.33841194419847559
  0.35173673855366483  0.36440556685063097  0.37687341890509968  0.38845792831210180
  0.39982169958219510  0.41148453849606120  0.42382008443812219  0.43650402536973798
  0.44877348512821119  0.46060298206248107  0.47257555633813381  0.48543742436991627
  0.49884407574922329  0.51229256575096560  0.52563613446687274  0.53878720330644181
  0.55184078626023103  0.56480424336954371  0.57778545480907162  0.59086882394915341
  0.60370116080649339  0.61604661452580500  0.62841668866338207  0.64094917297577314
  0.65295748751033411  0.66413510510143037  0.67506825309134355  0.68609046362907178
  0.69706469242931424  0.70733856277303064  0.71788593663899070  0.72787189942217323
  0.73784001024340806  0.74790240724252743  0.75905320536641352  0.77067918192167972
  0.78183594762854292  0.79248275843894589  0.80206751408340138  0.81120714003224248
  0.82000355651351642  0.82852926156235596  0.83722811519254159  0.84650132893230545
  0.85598059060674492  0.86680862970789097  0.87770799561528789  0.88881891122935142
  0.89953759087096608  0.90959330650595138  0.91938741621563447  0.92913586019349514
  0.93853601937292075  0.94739388528314950  0.95601499830012004  0.96467835819937553
  0.97324887653963932  0.98195574393255280  0.99079842264217866  1.00000000000000000
 -0.00290351753275199  0.00995035193052996  0.02179894916338710  0.03409241677482687
  0.04644702973180781  0.05867900947859900  0.07051426053932359  0.08261411066754204
  0.09481106834795940  0.10664122695711740  0.11758419875045290  0.12793772584264004
  0.13796175198511784  0.14742514735697038  0.15609053679926124  0.16454520231080794
  0.17328292323831640  0.18196562651940229  0.19067065825872903  0.19967402201907289
  0.20813397922697596  0.21779331954073525  0.22719224121055021  0.23659565787314418
  0.24629844406107823  0.25683495641928483  0.26756069123578391  0.27853369162070568
  0.28948364311468477  0.30078252969350699  0.31199190449465408  0.32351929753555991
  0.33486814694670225  0.34611861764386270  0.35711928059955100  0.36793420964979623
  0.37857495227480326  0.38817243379062788  0.39741473367650426  0.40727376109339947
  0.41828015302959182  0.42963812928487705  0.44072337269958362  0.45157705824889688
  0.46242115583352245  0.47303825544278927  0.48378335808694578  0.49431670816474033
  0.50436926963443207  0.51435543909079395  0.52433669208343558  0.53486943628366934
  0.54533845066966513  0.55507108613916789  0.56461923492114419  0.57477143760792671
  0.58496900284973818  0.59497643856684557  0.60508795173005547  0.61550184682495734
  0.62751167156088916  0.63921487862813053  0.64977300947753835  0.65870134904996791
  0.66795465446227109  0.67734716250730453  0.68705058962136489  0.69653168800825105
  0.70574899395771395  0.71568173746571528  0.72637329346833079  0.73711035935131930
  0.74770094474541271  0.75852347976914691  0.76983391096665166  0.78184860831965974
  0.79430540521334381  0.80639154070993735  0.81783836231030527  0.82915768474523921
  0.84106751759353260  0.85331921274952238  0.86576146935404097  0.87741097389318845
  0.88852297985761108  0.89917305646098233  0.90826833185752320  0.91824247156469008
  0.92799690882129671  0.93737277058822510  0.94634446860451293  0.95547413008690696
  0.96569908265353399  0.97715798432151812  0.98813909548782186  1.00000000000000000
 -0.00188613699539009  0.00852655246865547  0.01775078412551420  0.02710332020273708
  0.03707415705710750  0.04760312923192261  0.05805135510836278  0.06755295431802764
  0.07693489921359116  0.08686328888035108  0.09740914340988156  0.10882059864425186
  0.12100618362278760  0.13328766719810148  0.14511748859143347  0.15576821499554361
  0.16578217682727286  0.17569931660922150  0.18578364890356097  0.19634478234108008
  0.20718603553977227  0.21845479709819138  0.22988056379856381  0.24134855690376086
  0.25223849452602648  0.26307482688821127  0.27311409039612472  0.28260756391617825
  0.29245125740119216  0.30264458382266202  0.31289422913384640  0.32331135731493449
  0.33378056710802850  0.34484784854580908  0.35569931118795822  0.36569086574893728
  0.37585299797771904  0.38582291906460608  0.39565250240874539  0.40528481712545034
  0.41534666576462731  0.42632575195297834  0.43785842857176915  0.44876913793805878
  0.45963039074510242  0.47058593143293026  0.48163732152877536  0.49133854506006108
  0.50112977300515682  0.51118288825617775  0.52108408292311192  0.53072014322996930
  0.54064888624709884  0.55140775182712520  0.56241631509276580  0.57292528341291593
  0.58271664367760789  0.59205901398829541  0.60175359819241891  0.61287442323777985
  0.62394380691668405  0.63479510000518802  0.64537661043424521  0.65534507530029262
  0.66569929376196235  0.67629412693773805  0.68761563934659298  0.70007433418817744
  0.71186764199753638  0.72361649721271393  0.73494728677367382  0.74581595874952877
  0.75670139725721086  0.76825567008692786  0.77915949676636065  0.78994088772406001
  0.80071268288488617  0.81189571755997880  0.82339283250763740  0.83503508100765289
  0.84681389009293495  0.85951782617073480  0.87167503119315715  0.88282698777917501
  0.89317199990295770  0.90301896101992840  0.91261372337029123  0.92247612152846581
  0.93278264883078676  0.94309469339731844  0.95315109089490757  0.96276361441339076
  0.97203446003682248  0.98096814285590683  0.99008870073199318  1.00000000000000000
  0.00000630554305883  0.00036039134221989  0.00071447714138095  0.00101471243752824
  0.00130608459964333  0.00162623218490926  0.00195322017248444  0.00231322379658504
  0.00267785774977587  0.00305020833809457  0.00341955763604430  0.00378710236719818
  0.00418212261773366  0.00459882672848597  0.00503575029910397  0.00549381255510992
  0.00596831489911743  0.00648601541126298  0.00705567896485593  0.00764899075769303
  0.00824861894174238  0.00885748999131744  0.00947804341633937  0.01011201570993689
  0.01077969633222635  0.01147540007355164  0.01219817671580255  0.01294929263048718
  0.01372502612037234  0.01450814510595641  0.01528806836610688  0.01606982722650035
  0.01687868959368655  0.01775149868711427  0.01869226011602917  0.01965218135366509
  0.02053265290844818  0.02139753503153363  0.02227089655863499  0.02316586039782256
  0.02413078660037464  0.02519201956084993  0.02632106261424347  0.02742973261786668
  0.02845274366589592  0.02940604552136894  0.03037823270901460  0.03146694187170981
  0.03255686161746761  0.03362332359299212  0.03466697849345821  0.03561937046310156
  0.03667208461491196  0.03766035410316763  0.03868409027775651  0.03985250008790982
  0.04104141957304668  0.04209827752068243  0.04300484639728669  0.04384256491738856
  0.04481617192669726  0.04591417495380894  0.04738946824172397  0.04908363999934713
  0.05054814709092346  0.05190686921945647  0.05311831157732036  0.05426252129020742
  0.05535321980705845  0.05671305079343299  0.05777286696840170  0.05897043949440395
  0.06052788835231821  0.06270589318509869  0.06455059246201206  0.06639767870212535
  0.06822998115262696  0.07002392942990852  0.07178911058052140  0.07374415515208890
  0.07590382029116087  0.07924961587148353  0.08391094179669270  0.08759293782227613
  0.09012942164136334  0.09224374356627456  0.09393265539733366  0.09553334150829002
  0.09767684364721459  0.10137476802757374  0.10315371757766995  0.10635689703777673
  0.11508912692485207  0.15656842474933103  0.65878203881395536  1.00000000000000000
 -0.00126377766272770  0.00533237631883427  0.01239788294753497  0.01991168283855119
  0.02789166809214256  0.03592776863743742  0.04428887375694622  0.05345249573846680
  0.06259085711936613  0.07149269369628647  0.08081293270755413  0.08976338809230285
  0.09913556937813951  0.10837471006881190  0.11798224934059694  0.12760594902562788
  0.13695950878698099  0.14654742481618049  0.15635565680777253  0.16637385563708107
  0.17655515092520302  0.18684527319781402  0.19706081430974623  0.20691660841835319
  0.21654601262120199  0.22621799486227678  0.23637028536664292  0.24729499514791808
  0.25874573673071377  0.26972945430105211  0.27990722537794083  0.28999615462433836
  0.30085505101285087  0.31256630260271839  0.32430268219730679  0.33595237329108435
  0.34825295902115200  0.36117577403017348  0.37462980322321460  0.38809180903813195
  0.40016176304694040  0.41127058298766089  0.42310020709543211  0.43530737208222475
  0.44671235681254268  0.45842127752640077  0.47381744491620742  0.48658606888255757
  0.49841341228595104  0.51129631400246400  0.52271666218918489  0.53393647239650210
  0.54655168843869506  0.56120086089433674  0.57514341130085589  0.58817007285225509
  0.60079933883504388  0.61319617053622810  0.62474432114107359  0.63569641662024512
  0.64668154580402715  0.65839766111244502  0.67069528471780526  0.68269625391694189
  0.69413708939171204  0.70528727078854192  0.71583127691366233  0.72601233036629009
  0.73616376955650475  0.74623065938500188  0.75636078875958923  0.76667149235993659
  0.77732372060461419  0.78820527791839790  0.79883412460372805  0.80840804670669175
  0.81756953063564797  0.82593778262664130  0.83408040409979212  0.84281116123654332
  0.85170114484538983  0.86175101805788168  0.87289845432490176  0.88393115747732875
  0.89521257836089907  0.90625481475076008  0.91705662969684187  0.92772059478361457
  0.93760609767611347  0.94695960912470289  0.95666947338269770  0.96613694118575233
  0.97564211252118616  0.98404473796436065  0.99202283197296337  1.00000000000000000
  0.02409573275599584  0.58088201385722549  0.65567927370628665  0.69679206459195375
  0.72534272690251023  0.74735270504555185  0.76530870920973315  0.78032330930699190
  0.79317483876326489  0.80431716810278786  0.81431953740086416  0.82323814348594027
  0.83134867968379578  0.83864690009342802  0.84552192373399870  0.85225986781150698
  0.85834682212474145  0.86382140087215453  0.86893349816587784  0.87384816424145728
  0.87843513722088229  0.88281520927132695  0.88706826497734692  0.89108914527867200
  0.89487588992928035  0.89835047327338868  0.90163100929188933  0.90487390690316538
  0.90810271174509782  0.91116888253597084  0.91411125214254429  0.91682767647917918
  0.91920402994920591  0.92158361328102889  0.92397349626449465  0.92629326011802304
  0.92853967705177720  0.93072016815689429  0.93282753607295854  0.93486727626173904
  0.93679854921816264  0.93858330887930741  0.94026081547277940  0.94190675669501134
  0.94357631768890282  0.94524913873329197  0.94691990287917549  0.94855271018485954
  0.95014457452085899  0.95166970548452645  0.95312746634335233  0.95451719975137606
  0.95584026810521772  0.95713453915936597  0.95839134423337091  0.95955336014851011
  0.96074504435014574  0.96191800336049871  0.96314257023270589  0.96436125148702123
  0.96554442863166612  0.96665947200282787  0.96770352475333310  0.96871171338306339
  0.96969127600887484  0.97070777424529475  0.97175365628476995  0.97280087401275717
  0.97385484264763245  0.97492340223945628  0.97596024392336866  0.97697535593346685
  0.97797569179515620  0.97893249874160781  0.97987823578734101  0.98082162457123923
  0.98171786992473598  0.98258514356976800  0.98342173743859085  0.98424453102431586
  0.98505694953716927  0.98585542109142088  0.98666114283647433  0.98750094826793289
  0.98838525348969453  0.98923933685912413  0.99001820902284843  0.99083577021747016
  0.99164304230533118  0.99245976317358531  0.99328333065786156  0.99412246339894750
  0.99506943108725887  0.99621096820955146  0.99770466079274456  1.00000000000000000
 -0.02262432323370344  0.11053994279992374  0.14811066474489804  0.17128693011775856
  0.18974533121668674  0.20559816494295557  0.21992004423107586  0.23229098292115746
  0.24351738237446593  0.25417782525215166  0.26444902822876959  0.27410097343912943
  0.28316414323142997  0.29200551548857528  0.30045409026913772  0.30862185818131427
  0.31675978446110187  0.32475737660126092  0.33274472953714418  0.34025043544424538
  0.34754695966977311  0.35443231948285875  0.36082533208903866  0.36711822051721116
  0.37339070765856180  0.37945689772151303  0.38530556606399602  0.39096377206832655
  0.39648355935291923  0.40200114985145374  0.40760217083014960  0.41325610738852453
  0.41879873112403532  0.42416259496932796  0.42947521047938753  0.43476524929683691
  0.44012364472537591  0.44564472463023086  0.45124232173788803  0.45685039895267499
  0.46231227746722853  0.46709712177848817  0.47158399861427996  0.47594415902470028
  0.48060436661557276  0.48568399223235142  0.49098590821239879  0.49623307243947334
  0.50148468429190574  0.50688597792840484  0.51264686996813857  0.51864165704199061
  0.52489907516173373  0.53103058916454315  0.53688166563033701  0.54227395706761272
  0.54746662264814250  0.55263556968689165  0.55803513112906478  0.56372667796036469
  0.56945275631994918  0.57520580353120210  0.58059592754671863  0.58566533312552205
  0.59072421768718897  0.59585621772177511  0.60110092623554423  0.60702998254647744
  0.61337421207763598  0.61967277632888562  0.62590682081708571  0.63227706055102284
  0.63890619646310964  0.64566938135899321  0.65239004132852241  0.65914283902753024
  0.66598659373018099  0.67270026433756069  0.67917166248154126  0.68557205999365023
  0.69254923858389061  0.70042638249719247  0.70899672953778614  0.71843554692925160
  0.72817460146513013  0.73789744231766552  0.74817641810198177  0.75935781699251970
  0.77164665552336131  0.78439477469155439  0.79818431739342210  0.81371863577972225
  0.83143895605277529  0.85369631867326745  0.89236330065881053  1.00000000000000000
   1.5953951382863913E-012  -1.0000000000000000     
 F F F F F F F F F F F F F F F F F F F F F F F F F F F F F F F F F F F F F F F F F F F F F F F F F F F F F F F F F F F F F F F F F F F F F F F F F F F F F F F F F F F F F F F F F F F F F F F F F F F F F F F F F F F F F F F F F F F F F F F F F F F F F F F F F F F F F F F F F F F F F F F F F F F F F F F F F F F F F F F F F F F F F F F F F F F F F F F F F F F F F F F F F F F F F F F F F F F F F F F F F F F F F F F F F F F F F F F F F F F F F F F F F F F F F F F F F F F F F F F F F F F F F F F F F F F F F F F F F F F F F F F F F F F F F F F F F F F F F F F F F F F F F F F F F F F F F F F F F F F F F F F F F F F F F F F F F F F F F F F F F F F F F F F F F F F F F F F F F F F F F F F F F F F F F F F F F F F F F F F F F F F F F F F F F F F F F F F F F F F F F F F F F F F F F F F F F F F F F F F F F F F F F F F F F F F F F F F F F F F F F F F F F F F F F F F F F F F F F F F F F F F F F F F F F F F F F F F F F F F F F F F F F F F F F F F F F F F F F F F F F F F F F F F F F F F F F F F F F F F F F F F F F F F F F F F F
  <DiscreteSampler_grid>
  grouped_processes
  1 # 1 for a reference and 2 for a running grid.
  10 # Attribute 'min_bin_probing_points' of the grid.
  1 # Attribute 'grid_mode' of the grid. 1=='default',2=='initialization'
  0.0000000000000000 # Attribute 'small_contrib_threshold' of the grid.
  0.5000000000000000 # Attribute 'damping_power' of the grid.
 # binID   n_entries weight   weight_sqr   abs_weight
    10   10   3.927398088139412E+001   1.538657201191475E+004   3.927398088139412E+001
    16   10   3.927152689513623E+001   1.538473094346833E+004   3.927152689513623E+001
  </DiscreteSampler_grid>
