  0.00230477998554540  0.02182224308484033  0.03723375681311471  0.05060449920925172
  0.06246234569048206  0.07334824053733241  0.08270625560040798  0.09006354295328649
  0.09737346623003065  0.10441544771863483  0.11061510602094619  0.11662333234800779
  0.12342693986417491  0.13014848301583298  0.13638140401324375  0.14337716522942048
  0.15403668477229479  0.16770965328680371  0.17851505145222307  0.18735688103641848
  0.19577069723694102  0.20497479973375660  0.21536188549429980  0.22501409692119381
  0.23493326036294582  0.24563571797476610  0.25592562555023862  0.26553576698211756
  0.27475529379227659  0.28258750721416476  0.28943902817386713  0.29645008378590598
  0.30416910413658610  0.31378394867672171  0.32763807340114387  0.34599105706958388
  0.36208007990555502  0.37618185661134834  0.38883510358508966  0.39964458127462393
  0.40992942617437839  0.42017173212287012  0.43078935782888828  0.44154586136512858
  0.45196522230042319  0.46367493330063048  0.47602697871495259  0.48856055692989964
  0.50027535026383085  0.51074255411806324  0.51979846814843622  0.52782112236166934
  0.53433660598332944  0.54121654210766579  0.54925150320037042  0.55541769815707243
  0.56157791624286546  0.56914437265982221  0.57827854674793411  0.58890358043881741
  0.60011116197074366  0.60985151307909580  0.61964238927588311  0.63141794387131978
  0.64510259477206333  0.65807822145011574  0.66947831851317874  0.67914752360171382
  0.68814889039073968  0.69804915251655775  0.70806259620348622  0.71829948923202003
  0.73007264443020115  0.74123389955553498  0.75257298959349916  0.76236273692861600
  0.77281711815164855  0.78282912650145875  0.79394278719332745  0.80765892796765992
  0.82307608729187698  0.83822881139865590  0.85100247136339302  0.86380345457141705
  0.87750790973295578  0.89180370203123771  0.90525527018455476  0.91761494930495946
  0.93042809789740011  0.94519249395823313  0.96000293219984012  0.97036149446865461
  0.97887292385952507  0.98630142013994837  0.99236946314551688  1.00000000000000000
  0.00798832474781457  0.01895155814115866  0.03175578504856102  0.04510905847190376
  0.05746411089818067  0.06789864961695741  0.07758773717333257  0.08797911228407440
  0.09849899019218263  0.10843278025982440  0.11826423979438588  0.13032916752419851
  0.14188987199788486  0.15125005644317230  0.15970757750768066  0.16870347699796343
  0.17985164735073372  0.19412342770202168  0.20838192975275383  0.21723610423902062
  0.22592899475092476  0.23469482494353530  0.24540703761304355  0.25591196656300880
  0.26488395111478069  0.27414086692093820  0.28392124889150067  0.29253835169259740
  0.29951668954744920  0.30579931379309727  0.31389795847018642  0.32531447266480051
  0.33847173359958310  0.35265250320723435  0.36523168310294851  0.37645329121375598
  0.38724366250669473  0.39929906133421406  0.41241921302926138  0.42207615502801005
  0.42999473430820057  0.43815560192421438  0.44603203096749489  0.45544745916210100
  0.46682647271257116  0.47737973176675685  0.48746220342162916  0.49797708471950403
  0.50808815632792603  0.51855874837036153  0.52978934914521858  0.54140953062255048
  0.55350152663051366  0.56402309905098780  0.57513132100617947  0.58531208288605385
  0.59575433120656318  0.60715421385698609  0.61810872618503143  0.62779925830559724
  0.63743586138838881  0.64818054289017091  0.65985946160994891  0.67270161364725389
  0.68561133605692459  0.69769763802292262  0.70936963532531827  0.71899790565663713
  0.72709389414890979  0.73400329226197036  0.74193281541031486  0.75172717661201216
  0.75990594360876640  0.76680526804799554  0.77367709563496767  0.78140257020984927
  0.79062001841866181  0.79954527303431233  0.80678404975609230  0.81610626651127960
  0.82795575066702498  0.83973047780762489  0.84962818530494288  0.85880197978300410
  0.86902491232666157  0.87841849577800346  0.88762182810614221  0.89701601371921402
  0.90811192841002930  0.91932380498679001  0.93007949760812691  0.94120437772078813
  0.95328810578368106  0.96625014376937790  0.98045985759890775  1.00000000000000000
  0.00295467544007554  0.01430811145700954  0.02813202226488827  0.04169168056778477
  0.05696613856002668  0.07194933540818309  0.08468344948588950  0.09817303818647817
  0.11052575501310055  0.12448785902284258  0.13838033006855599  0.14985985946941646
  0.16016403162267412  0.17059323992806869  0.18155563704469582  0.19285272972693263
  0.20531406180395489  0.22108430640879034  0.23647292067443251  0.25110408234121318
  0.26694508683477214  0.28070992924096577  0.29146370218738871  0.30042063400515090
  0.30980388745501125  0.31922857515542036  0.32771415888946492  0.33659100645366796
  0.34666706870846814  0.35834365259386286  0.37124228547578975  0.38663952492921028
  0.40021197895539179  0.41214760436376230  0.42431295290351290  0.43795248640172013
  0.45018054573574845  0.45883281932770709  0.46591150332043840  0.47254329852076910
  0.47947610977991006  0.48598529303516735  0.49315047140000939  0.49956257890774614
  0.50544190996485250  0.51264049068606443  0.52026121873277342  0.52555218225808664
  0.52988583737668671  0.53429932963593596  0.53951701030434074  0.55031076744098784
  0.56215940221174499  0.57331177319228444  0.58402124204348915  0.59428553092922443
  0.60400289256677442  0.61372696900643364  0.62268960797777839  0.63207457454034821
  0.64344746671154263  0.65643712848780955  0.66864613641250714  0.67988454118595110
  0.69028481164004785  0.70065533922901357  0.71145698592384454  0.72059942673149513
  0.72702678914592245  0.73339002844337875  0.73952769895636994  0.74668797927563890
  0.75643265660691883  0.76735995192735018  0.77802874868341243  0.79053245079301027
  0.80134496457573501  0.81124956164381190  0.82115988692049269  0.83083055054922772
  0.84080394197352826  0.85154234048215649  0.86189568332890565  0.87215536235570013
  0.88289391681494933  0.89461295881924852  0.90487204477848759  0.91466583572358784
  0.92425127512544947  0.93468909160520852  0.94431878460577368  0.95311867144697271
  0.96222404947966733  0.97411145942004151  0.98682652384503333  1.00000000000000000
  0.00000510154266407  0.00000570014644729  0.00000606165515884  0.00000701847103255
  0.00000745192908520  0.00000772361203826  0.00000826022524626  0.00000878061360306
  0.00000896469940204  0.00000915524902567  0.00000937426481101  0.00000959749324400
  0.00000979860668782  0.00001016498072191  0.00001075758297693  0.00001154833029833
  0.00001234474642452  0.00001312663463887  0.00001387256113275  0.00001459365989264
  0.00001527349048014  0.00001575633459500  0.00001615167937378  0.00001656723447856
  0.00001694036397673  0.00001727891042892  0.00001759313613564  0.00001788258545593
  0.00001815699720444  0.00001844529920800  0.00001876936505645  0.00001918968445078
  0.00001961077086012  0.00002004084307033  0.00002050153615569  0.00002100908097614
  0.00002157800339049  0.00002222625867456  0.00002301964501481  0.00002381553095095
  0.00002461161306669  0.00002544128019709  0.00002628611711774  0.00002713762494061
  0.00002807104667757  0.00002903904290621  0.00002996912481361  0.00003093599624240
  0.00003223067418968  0.00003356807298180  0.00003494551449990  0.00003620074620889
  0.00003729514214798  0.00003849617594412  0.00003979844831510  0.00004114578492440
  0.00004245356313347  0.00004365175322583  0.00004487389566924  0.00004607962151680
  0.00004721740278420  0.00004852304155520  0.00005008612854289  0.00005189914475138
  0.00005403648089665  0.00005636582167453  0.00005870163556543  0.00006121885589776
  0.00006395139395866  0.00006641172508759  0.00006913624584837  0.00007294000131409
  0.00007692569970884  0.00008157143397216  0.00008674890172948  0.00009402430357495
  0.00010324931303805  0.00011486692529536  0.00012959407909685  0.00014810407596156
  0.00016971899927326  0.00019423189301740  0.00022407994658687  0.00026575786073261
  0.00031390120456189  0.00036598477667984  0.00043174404713017  0.00053961367575022
  0.00067737393384241  0.00090681049971970  0.00136547836626373  0.00201092002031916
  0.00297531241102157  0.00693234054653311  0.19399070632981116  1.00000000000000000
  0.00000600605945367  0.00000635467462007  0.00000664870877476  0.00000692857489788
  0.00000720420238653  0.00000746395010997  0.00000778151242370  0.00000814291085441
  0.00000844482207060  0.00000875813899072  0.00000910883276088  0.00000954444333462
  0.00000996152953639  0.00001030393538296  0.00001061346170769  0.00001094552355172
  0.00001138526397299  0.00001183745896200  0.00001227187239643  0.00001264997066929
  0.00001297398182921  0.00001330033333568  0.00001355544661465  0.00001378163486522
  0.00001400783663929  0.00001423541482665  0.00001453054807525  0.00001493227553556
  0.00001538300488282  0.00001580950020727  0.00001629844099427  0.00001700269593277
  0.00001773708228867  0.00001850913368083  0.00001934067116892  0.00002028290329364
  0.00002117395538368  0.00002201247300558  0.00002286716856322  0.00002373407155691
  0.00002479399461684  0.00002596955302446  0.00002736776363604  0.00002884506057431
  0.00003025872184153  0.00003182173277150  0.00003333155227222  0.00003481137453982
  0.00003631226341758  0.00003780140287207  0.00003923944156984  0.00004083697182281
  0.00004249615659269  0.00004415184133251  0.00004587390094156  0.00004764355076206
  0.00004960088577381  0.00005175924391496  0.00005406804481707  0.00005649198237154
  0.00005947439944735  0.00006356758167226  0.00006800378933241  0.00007243832661677
  0.00007673626404878  0.00008142290435692  0.00008788271544104  0.00009503290648473
  0.00010237252371602  0.00011144965068821  0.00012156000417978  0.00013226328115502
  0.00014391633459533  0.00015613581106502  0.00016832690122292  0.00018156144542878
  0.00019500834482628  0.00020976069448701  0.00022670440971533  0.00024499678521209
  0.00026712809796651  0.00029457536800349  0.00032675947741665  0.00035993255152705
  0.00039786298909943  0.00045894544575687  0.00055074060713087  0.00067826405790427
  0.00084798801986872  0.00109226263600910  0.00145120106847512  0.00197307159133114
  0.00283197194317005  0.00582413118893429  0.14549764542982116  1.00000000000000000
 -0.00173925598687644  0.00358913337036825  0.01007358064819637  0.01714306851962720
  0.02343693313978592  0.02896939978634110  0.03460147961566119  0.04333899355578224
  0.05390720307375840  0.06344023310387482  0.07241620834485078  0.08271509418422437
  0.09469824568383417  0.10591702838051589  0.11569649422006269  0.12516870142861372
  0.13707421876208464  0.15194871598515652  0.16583873195180476  0.17728920240045559
  0.18951424925314755  0.20152514805690613  0.21335002863581626  0.22422418854085191
  0.23582921223139902  0.25029732473045074  0.26832659132808540  0.28817287191634194
  0.30694257013919352  0.32359786592164730  0.33811313659533165  0.35038800525617841
  0.35934711341532172  0.36588123199249462  0.37263403585134625  0.37914961857866519
  0.38786305688289152  0.39768694754974754  0.40814705799995094  0.41916901642716697
  0.43466292248905147  0.45129909091466897  0.46640699895214277  0.47899782339568331
  0.48907135482281772  0.49806279021505900  0.50726575538429475  0.51768315255989317
  0.52938970029104926  0.54136909853859372  0.55405669602622465  0.56690355514434543
  0.58232774812036303  0.59737768518122769  0.61066385319253524  0.62371417020934050
  0.63610247594615177  0.65005166751546639  0.66621097957336750  0.67974367982007911
  0.68946010043275097  0.69764341224245818  0.70541796273916579  0.71309950390845811
  0.72405385450400406  0.73456599847616710  0.74421643843217733  0.75311280911219991
  0.76153949253144504  0.76909873338119472  0.77650017706494523  0.78368895982535258
  0.79133128056993440  0.79908258962709766  0.80623420942045954  0.81194075200900229
  0.81731711619245428  0.82384819160732969  0.83287690156104288  0.84461134933212723
  0.85613771361590185  0.86621885275641164  0.87654838399363200  0.88798627652473183
  0.89924760658091663  0.91029599496433411  0.92031837861225740  0.92859766482752126
  0.93575976865798627  0.94292491566090619  0.95039391397281137  0.95787661243267597
  0.96667401298791000  0.97556903428490327  0.98637039603252896  1.00000000000000000
 -0.00115395757495275  0.00606737722531860  0.01265452837031566  0.01956078136938633
  0.02554930197967531  0.03167735226269510  0.03831437576449118  0.05144042963044763
  0.06609168600163319  0.07818660605700517  0.08952983545748563  0.09642642483701869
  0.10269876763789899  0.10894125054579573  0.11705065950024326  0.12413741582698791
  0.13092496836792727  0.13873136485507515  0.14772204184839011  0.15700987604558014
  0.16563881741980416  0.17427628689979699  0.18597311187713067  0.20192234118706009
  0.21596081786839710  0.22806569122752285  0.24178681020462880  0.25638095277236239
  0.26549838084611782  0.27078305970221467  0.27959981211988444  0.28857908932382548
  0.29778865386692349  0.30792597173638520  0.31960442693029978  0.33258009377866249
  0.34631749470683870  0.35795081015961933  0.36960948640101726  0.38123303104437017
  0.39358369317407188  0.40509517856790656  0.41529306847287834  0.42471699747206104
  0.43287386102048270  0.44107501231727264  0.45016999233680860  0.46058937607539024
  0.47205289921834909  0.48354256432828796  0.49608295893878102  0.50964953408266345
  0.52391075748171745  0.53740380258079490  0.54976688219663217  0.56069253378879313
  0.57125680481249175  0.58405870321728626  0.59973936783166926  0.61347301810810850
  0.62381769972142220  0.63394279030536171  0.64527077390932286  0.65617848732260775
  0.66643604665188205  0.67698198823787292  0.68941012634484744  0.70304220800844597
  0.71656342599238376  0.72995267490840898  0.74323549306239634  0.75553665233496714
  0.76589271854303953  0.77469574312499445  0.78314220747466023  0.79229626595836145
  0.80364861847215341  0.81369859010063306  0.82172146121299539  0.82960545421907128
  0.83873855597849656  0.85106507537060927  0.86716995501069116  0.87984400965203924
  0.88979820733983273  0.89738249564857897  0.90492330288211853  0.91300882131693750
  0.92264557548568760  0.93239132150413340  0.94281489391438689  0.95241536252816339
  0.96355599613736476  0.97500472738511978  0.98682442773714296  1.00000000000000000
 -0.00305854161400054  0.01031401914118794  0.02115828960492476  0.03160269894229900
  0.04291171753725185  0.05186070578824657  0.06049457217079842  0.06845742239564362
  0.07804886141153919  0.08805151687038638  0.09808783425063711  0.10729860434776510
  0.11748243310043183  0.12706046249300565  0.13718836738285900  0.14728421736788433
  0.15678455581700029  0.16630881873764422  0.17322039260917246  0.18237217697909319
  0.19325816855753059  0.20281022799550166  0.21211460832134069  0.22079265115455537
  0.23035468016554300  0.24275593672612683  0.25750122890139637  0.27164570363506652
  0.28423352838324600  0.29617743043108263  0.30744694429776176  0.31799767588879158
  0.32696870288162511  0.33727262794407858  0.34886924294093430  0.36182957234807134
  0.37460987090749559  0.38681866640948703  0.40006822272431225  0.41491765817394505
  0.42927770936594389  0.44356690936197596  0.45792131524873186  0.46960436841304415
  0.48019910863058413  0.49135538411262680  0.50211394056365488  0.51330541124423179
  0.52507202581115486  0.53651624829741074  0.54693066407044133  0.55644141055545937
  0.56565976947334651  0.57506098067099465  0.58415336094277004  0.59355594944601708
  0.60451980402044192  0.61359936919023428  0.62370319534655150  0.63499306257039390
  0.64589207527896186  0.65587015764734535  0.66675792608697892  0.67968054392505928
  0.69430189310242574  0.70770152175293777  0.71958106057135518  0.73059185291500750
  0.74184461975551896  0.75153585543263657  0.76244629748936699  0.77400905081231075
  0.78651526080646672  0.79679483058418732  0.80597239835343271  0.81502158508684608
  0.82552467491288828  0.83811420600321340  0.85121939646593703  0.86032468421605957
  0.86888783424328819  0.87839017572070544  0.88543571676956612  0.89260051484141301
  0.90103362724765879  0.91074669812038778  0.91869895052882433  0.92612111851596390
  0.93405668797495556  0.94207657159855507  0.94968324031717932  0.95630245096374045
  0.96354417205632192  0.97131045936312566  0.98182643294313998  1.00000000000000000
 -0.00170059293890276  0.00908895196144195  0.01736990626200933  0.02599124578430153
  0.03605914136507667  0.04614991978107903  0.05433326591132465  0.06199833003916605
  0.06869648395686118  0.07593781195877738  0.08334192282095704  0.09101350995024550
  0.09811135626728190  0.10473654579143450  0.11106421342695354  0.11788012497480369
  0.12668822511056232  0.13992710823179974  0.15220233153880361  0.16224195212084017
  0.17164358531458368  0.18015014194827897  0.18957630934107578  0.19887858268680539
  0.20852722008640148  0.21774974666278896  0.22760653242178602  0.23945313000134935
  0.25088663220426843  0.26281344664641682  0.27414103376961835  0.28730620044112182
  0.29984554953506382  0.31261225311084534  0.32458925038767938  0.33672479484510259
  0.35121640157467149  0.36633577801082506  0.38112431304642713  0.39413472959672702
  0.40593779169770072  0.41787833902871763  0.42729028211204328  0.43777943821088355
  0.44826112119026235  0.45848251174457966  0.46602471636817305  0.47524588471825346
  0.48584229164591430  0.49776371299423916  0.50922828949052956  0.51900836353858337
  0.53301775385624917  0.54467333198188772  0.55334593911280527  0.56104555027676983
  0.56755121326832081  0.57425956361251840  0.58177548914770250  0.58935212375987756
  0.59877895775882251  0.60981669413358675  0.61937142938311152  0.62753654574097606
  0.63478631489370840  0.64228084726795731  0.65215994763347196  0.66487612763266957
  0.67843843611325183  0.69196757692096267  0.70485963597135037  0.71647481708384486
  0.72731883346662518  0.73871344250539528  0.75048302589630278  0.76365750777337016
  0.77704665330443912  0.78700106453802787  0.79676033803695567  0.80692387516894615
  0.82001072251543294  0.83135320358202780  0.84245668806827700  0.85388561865340540
  0.86342979191714064  0.87294107812350441  0.88284275913946908  0.89167666423168312
  0.90092461803648838  0.91111461352204304  0.92427212905435874  0.94025364714320647
  0.95476787438123623  0.96998667060177157  0.98519295409901442  1.00000000000000000
 -0.00153905549660911  0.00620669897704357  0.01271607743649244  0.02005698946058532
  0.02679680281639713  0.03374356790313684  0.04146555137252398  0.05116174669501139
  0.06011814452318799  0.06648771034271404  0.07267263820305893  0.07948423453049441
  0.08656189310148571  0.09435953976567901  0.10222981294011980  0.10818320063219701
  0.11300560272672104  0.11781652676166095  0.12176313153584713  0.12667646303633112
  0.13429767689516564  0.14265593483709252  0.14983764147153705  0.15941086373227056
  0.17030221177331770  0.18208387773132503  0.19405101466612495  0.20499445228826738
  0.21671409284079193  0.22889543781377950  0.24154869309726601  0.25356563782935049
  0.26201927052058399  0.26916880025527429  0.27691724351591740  0.28490274421593959
  0.29392840322669045  0.30372205908497196  0.31695748255437839  0.33291268663280910
  0.34800347168386370  0.36029695770121190  0.37196242442032140  0.38528789555402049
  0.40270890780291552  0.42431471618202282  0.44360232151302276  0.45883267803468103
  0.47234823318137620  0.48449406811378154  0.49761504287628783  0.51080551141176944
  0.52843715782311240  0.54378470885466224  0.55776845726503532  0.56994758554261227
  0.58222685353604831  0.59443900887241874  0.60741383373207369  0.62181869538427725
  0.63395682872918102  0.64556876505559502  0.65695029258093574  0.66790085149129363
  0.67955316740833704  0.69233409781211908  0.70677674656997980  0.72072710600381951
  0.73273920869668607  0.74177907336754667  0.75268499942739353  0.76519588218106904
  0.77407548505596102  0.78152116245462211  0.78886690269945425  0.79908064017509695
  0.81302267351094415  0.82469298447477202  0.83692326530004801  0.84809314745718922
  0.85816629875879336  0.86657440962649990  0.87548519230261668  0.88505433016023238
  0.89468387583967846  0.90511252815440879  0.91570452104066724  0.92341071727995028
  0.93195836540299204  0.94152322025497603  0.95103567673662293  0.96097062730926663
  0.97169820401706530  0.98189144706528242  0.99112395857599500  1.00000000000000000
 -0.00364441113567008  0.01319213276334326  0.02629430145002449  0.03878834726651778
  0.05312559885177756  0.07033665212609068  0.08813191421274462  0.10336037879791247
  0.11397510772225655  0.12177223217321656  0.13068961921300640  0.13854101776935690
  0.14735086095319533  0.16031134332349328  0.17377630886503981  0.18737072334622018
  0.19956380884324046  0.21093341312372638  0.22197070556879558  0.23100669204472601
  0.23885125149873454  0.24699804725359983  0.25321252621333712  0.25840725303307704
  0.26358408691197982  0.27008311523544737  0.27619481206848140  0.28245772377723743
  0.28827488202446216  0.29596160861236831  0.30480115052435663  0.31369243260505242
  0.32435395820258905  0.33453881909900518  0.34359672505298999  0.35306527375129354
  0.36522442666756827  0.37852732338859252  0.39133831326490376  0.40296915321623145
  0.41320657314513842  0.42265673560284356  0.43183831286504820  0.44136122931961030
  0.45184209879620918  0.46323106598279679  0.47464069215522203  0.48516929642359347
  0.49522923679701691  0.50576458486658016  0.51521655325129168  0.52385163828984638
  0.53272298869591850  0.54270428291626271  0.55247521810703659  0.56316945103769966
  0.57294483790107853  0.58188090017421235  0.59006351281883218  0.59826591318229949
  0.60693712725812021  0.61475106475868335  0.62293613465736974  0.63116205437375517
  0.63857031646018469  0.64993575760343814  0.66126270342389815  0.67361976519312483
  0.68770452756698575  0.70266827184750835  0.71393814280177392  0.72289958258677278
  0.73156546967584402  0.74192721748088430  0.75456525790494910  0.76429764650657905
  0.77300733118811726  0.78123050353639278  0.78990073951924999  0.79991789865473772
  0.81278471783752726  0.82522807903780260  0.83798794347895389  0.85223658311162087
  0.86561760878788896  0.87723785166498558  0.88879509355880282  0.89910986720407415
  0.90999605319696275  0.92214987272322146  0.93419318158895459  0.94552575361305191
  0.95874568301607288  0.97240647547501746  0.98674905926896783  1.00000000000000000
 -0.00228949168888334  0.00925016575955519  0.01796054471248910  0.02637633765677715
  0.03554477648198090  0.04444814950295806  0.05371485996847133  0.06070699617168365
  0.06883174687190825  0.07781609228908511  0.09163866690629531  0.11010392715057278
  0.12707837981483189  0.14102349102952699  0.15338926829059735  0.16562085209178506
  0.17783803846852828  0.18931775287060951  0.20033445151446772  0.21139431743848500
  0.22032378839157990  0.22925109177653827  0.23820514692519318  0.24760740745955870
  0.25621397189708656  0.26483881079897531  0.27430296781134555  0.28504967120262142
  0.29627395673236145  0.30664558477519038  0.31700716763952158  0.32719495714541197
  0.33851515010512478  0.34967331473030211  0.36010318552407355  0.36867481352485132
  0.37721663472395400  0.38656215862283178  0.39768862862845622  0.40859728294276904
  0.41777207051973098  0.42652897897291447  0.43692593054318762  0.44806575612639671
  0.45758267264402724  0.46714070607641472  0.47645324955871060  0.48814006053145165
  0.50105517193584559  0.50886281167166991  0.51705996781592178  0.52506916103824730
  0.53374461886788838  0.54620757725764579  0.55859084148255311  0.56934281803440534
  0.57740725933990189  0.58280566619195762  0.58797417451247436  0.59318040815313922
  0.59941191841922414  0.60786269679059757  0.61596380136805107  0.62178776177318629
  0.62761443184545018  0.63630354009173584  0.64410247707879897  0.65102519036905093
  0.65982491194855708  0.67036582156336144  0.68107538675185386  0.69090537179076861
  0.69999708674611205  0.70889611221660853  0.71882600476062408  0.72800955850207427
  0.73642899672253948  0.74416223595341757  0.75323415847511488  0.76497288802893804
  0.77839890317762384  0.79297917811776597  0.80816260564116349  0.82300894720132256
  0.83705485007932090  0.85166401502782019  0.86763874397234531  0.88385315980698897
  0.90106931244714916  0.91924071543356634  0.93512685172012922  0.94933033561153835
  0.96218583687987747  0.97471772929556866  0.98704719834996835  1.00000000000000000
  0.00005406542938040  0.00031416287103255  0.00056612262066812  0.00078723845521297
  0.00098688884862584  0.00115818341745689  0.00133410957128982  0.00151268840170991
  0.00169585701133108  0.00188281645153326  0.00208232782958518  0.00229205338355348
  0.00250929925673262  0.00273746053250873  0.00296505941363354  0.00319210118164676
  0.00341694376095665  0.00364812976526196  0.00388497171617551  0.00413418834569466
  0.00438740338706144  0.00464054525050951  0.00488336957205223  0.00509707403734234
  0.00529832004486750  0.00548817497409427  0.00563411405415840  0.00578119635630336
  0.00594318621203462  0.00614468317737905  0.00632238267934405  0.00650737714877371
  0.00668879954971832  0.00688427196068461  0.00709651812305431  0.00730080902368793
  0.00751961410537994  0.00781583986359924  0.00816418475635428  0.00851834233907333
  0.00885053695394056  0.00916494922589866  0.00948858310582969  0.00979532324159219
  0.01009588295874537  0.01042506887849767  0.01078462588479894  0.01113969728534338
  0.01148040099238569  0.01184011548778213  0.01217929666477800  0.01252537745960422
  0.01288923367497332  0.01323672907152830  0.01364835094116293  0.01404145405865701
  0.01439159985620914  0.01475119307819457  0.01516232942627554  0.01581507686775683
  0.01640689773409426  0.01693804605062014  0.01742703743832789  0.01795229460420223
  0.01855669642450086  0.01925997419475350  0.02008604711230417  0.02116789504341943
  0.02250337642095662  0.02380901953842049  0.02475367118260641  0.02561157628650607
  0.02636288851305270  0.02719248150334921  0.02803904348580722  0.02874644264260569
  0.02935086238282595  0.03004731993361933  0.03076465444057591  0.03148119000317431
  0.03298915667357626  0.03478944801865338  0.03601418287418597  0.03758717096365988
  0.03995354234125905  0.04174568012474964  0.04336289787169269  0.04630645593617937
  0.04965132299275007  0.05481201652370705  0.06219795575321085  0.06857203664943858
  0.07830075845219453  0.09326803052448575  0.13711365760729324  1.00000000000000000
 -0.00164422725433679  0.00765053939846460  0.01550578479948787  0.02215271924703967
  0.02980565262713961  0.03681453677328939  0.04409596829233931  0.05144383644882132
  0.05855224574310492  0.06637188690043817  0.07632070621782497  0.08575436982647318
  0.09499353802435453  0.10299537152939289  0.11044229857686232  0.11842271202005421
  0.12811594034549828  0.14052440777779504  0.15352582190891742  0.16509946695024966
  0.17467880782405551  0.18434193890121853  0.19502398108346508  0.20649880709891974
  0.21929211737814069  0.23235301445003362  0.24342978503277321  0.25455961981783964
  0.26547721511414457  0.27703954948599030  0.28825774024631107  0.30158357783479806
  0.31299830097424974  0.32627969272054963  0.33478542752837115  0.34281784390794429
  0.35108524721904194  0.36020376351027145  0.37184343152310201  0.38719625371931277
  0.40072152721963905  0.40782253422109682  0.41476377886202387  0.42246348423569446
  0.43125839667654203  0.43918461509092643  0.44606229174220557  0.45210500364947426
  0.45738110457193071  0.46400466376052085  0.47259302775179823  0.48324524323876589
  0.49336167494467131  0.50380256766538001  0.51445752534265921  0.52586916930626426
  0.53874535731311279  0.55264198460680791  0.56764938075119320  0.58253871337255370
  0.59633085332025737  0.60887765952304118  0.62089240814593738  0.63302116538153319
  0.64532026172828638  0.65959965833663381  0.67267646396721781  0.68475343293847157
  0.69440999824077687  0.70356944513650499  0.71339895239185225  0.72414569126094952
  0.73626347854391294  0.74941327440217309  0.76180216131442191  0.77285396306521781
  0.78241906534320937  0.79132081250536868  0.80063549173311177  0.81206530182827952
  0.82434895461416935  0.83649819292543326  0.84925118202483707  0.86192736852926055
  0.87364521062398826  0.88446561708998539  0.89457811568110446  0.90443658736720589
  0.91531419505572775  0.92584559765210794  0.93647463775525208  0.94831955358760112
  0.96112657404368851  0.97407252950511691  0.98693252010181032  1.00000000000000000
 -0.00238340243585082  0.51818382926600115  0.58780717931036053  0.62798543880050250
  0.65996349250878117  0.68380695867002805  0.70464608243057414  0.72116571211495650
  0.73498083529968627  0.74724925140615450  0.75874685097940808  0.76994445705683590
  0.78028246267927237  0.78972085566649486  0.79829526376144810  0.80691656963546421
  0.81329593979165971  0.81927793657703285  0.82486305956044226  0.83191794960569443
  0.83919505750942947  0.84556314191408510  0.85115607603190513  0.85659405601527361
  0.86175253964373522  0.86638322291677339  0.87051578422886366  0.87470112344725515
  0.87847786790401028  0.88143406135535707  0.88412977288206784  0.88669690420632485
  0.88939852516250073  0.89207825156621179  0.89576283378903987  0.89944091744914112
  0.90345052972987838  0.90771538296225807  0.91175695975852078  0.91521819788597547
  0.91841514264124158  0.92123993182893971  0.92379125949757268  0.92594129799344560
  0.92786249623142103  0.92982711434893495  0.93190052865832884  0.93426404793580153
  0.93631403443472849  0.93814253353738530  0.93977174975882360  0.94130349230288457
  0.94290925181532947  0.94471563189090579  0.94688856679357714  0.94897364994883648
  0.95054088063441078  0.95204799247270233  0.95337865462121218  0.95465999480599106
  0.95591580566585543  0.95734730881612662  0.95887989998393353  0.96039740215321223
  0.96213787304536269  0.96407835869290381  0.96567966931317228  0.96713320212324771
  0.96843974139589362  0.96960142729812893  0.97065826746007045  0.97171634003816465
  0.97275108906709029  0.97373904705738279  0.97472303359016788  0.97577885306377610
  0.97691729610098199  0.97808622066037043  0.97936267821731904  0.98076796582159875
  0.98218227008143488  0.98347529780385845  0.98460371017967718  0.98575541081688245
  0.98694254684501326  0.98808011220602776  0.98925744130389792  0.99047321960013268
  0.99171925461007882  0.99287386206562578  0.99392380993969565  0.99489339756167861
  0.99586389949055143  0.99693401276918148  0.99827442163534907  1.00000000000000000
 -0.01548876356086715  0.09348109715793382  0.13052433014779743  0.15889398036242955
  0.17641631972285116  0.19204391756417180  0.20885386048005133  0.22536038627646146
  0.23986820482815241  0.25345284073368468  0.26606572853888061  0.27641383176889256
  0.28525108925121034  0.29387025628040081  0.30289417489652987  0.31189392307484121
  0.31816564112816009  0.32310187769770682  0.32734533072249544  0.33174170538008618
  0.33695013505009808  0.34254322316670155  0.34673610374802050  0.35055741366720894
  0.35464559914873900  0.35937152324403004  0.36412905396723327  0.36836485322618789
  0.37242904587520681  0.37792180881549964  0.38525072136323263  0.39237639216304976
  0.39865629743729963  0.40411993811796759  0.40983055405426277  0.41565692130811011
  0.42072367694016405  0.42528620005482459  0.43027030795040572  0.43564785551880580
  0.44142839517434473  0.44738010285305946  0.45328179652451139  0.45990577320492232
  0.46689019273676435  0.47384261879974304  0.48051635127879971  0.48737449862390736
  0.49484016980728496  0.50179039125389202  0.50896516827866034  0.51616444030922082
  0.52300179027615490  0.52943734893058503  0.53564855401146971  0.54160277086111375
  0.54752477735882454  0.55389246919743540  0.56197195924001797  0.56734649071322751
  0.57210022882754541  0.57583474620043118  0.57946810963980189  0.58325246861897040
  0.58743691083026384  0.59242354717181089  0.59821191411115793  0.60387663164343153
  0.60947237287599165  0.61481560959216419  0.61981240334425913  0.62571108045695423
  0.63200402808157796  0.63774927151345784  0.64356889153004171  0.64950618362215884
  0.65522853420911586  0.66258074547108980  0.67020989972451428  0.67789047981885986
  0.68596967417222365  0.69521085544925321  0.70447699032575462  0.71435323712329934
  0.72491342996762098  0.73484046199971853  0.74431793676579694  0.75476766769259940
  0.76629591388590956  0.78177962199069817  0.80055761835995953  0.81978340128193294
  0.83813725316081111  0.85823389623525448  0.89320669335448699  1.00000000000000000
   2.3003823046300131E-011  -1.0000000000000000     
 F F F F F F F F F F F F F F F F F F F F F F F F F F F F F F F F F F F F F F F F F F F F F F F F F F F F F F F F F F F F F F F F F F F F F F F F F F F F F F F F F F F F F F F F F F F F F F F F F F F F F F F F F F F F F F F F F F F F F F F F F F F F F F F F F F F F F F F F F F F F F F F F F F F F F F F F F F F F F F F F F F F F F F F F F F F F F F F F F F F F F F F F F F F F F F F F F F F F F F F F F F F F F F F F F F F F F F F F F F F F F F F F F F F F F F F F F F F F F F F F F F F F F F F F F F F F F F F F F F F F F F F F F F F F F F F F F F F F F F F F F F F F F F F F F F F F F F F F F F F F F F F F F F F F F F F F F F F F F F F F F F F F F F F F F F F F F F F F F F F F F F F F F F F F F F F F F F F F F F F F F F F F F F F F F F F F F F F F F F F F F F F F F F F F F F F F F F F F F F F F F F F F F F F F F F F F F F F F F F F F F F F F F F F F F F F F F F F F F F F F F F F F F F F F F F F F F F F F F F F F F F F F F F F F F F F F F F F F F F F F F F F F F F F F F F F F F F F F F F F F F F F F F F F F F F F F
  <DiscreteSampler_grid>
  grouped_processes
  1 # 1 for a reference and 2 for a running grid.
  10 # Attribute 'min_bin_probing_points' of the grid.
  1 # Attribute 'grid_mode' of the grid. 1=='default',2=='initialization'
  0.0000000000000000 # Attribute 'small_contrib_threshold' of the grid.
  0.5000000000000000 # Attribute 'damping_power' of the grid.
 # binID   n_entries weight   weight_sqr   abs_weight
    10   10   3.481246063736541E+000   3.117431714566235E+001   3.481246063736541E+000
    16   10   3.425847635234271E+000   3.035553033628836E+001   3.425847635234271E+000
  </DiscreteSampler_grid>
