  0.00239092036024597  0.01621778146541634  0.03110839683999403  0.04453829050189348
  0.05669820621009436  0.06882052710442119  0.08103510676503642  0.09202169389859211
  0.10225300444585801  0.11286239857946574  0.12366703418174783  0.13407188279172760
  0.14414623832254847  0.15496486103941731  0.16599921255987157  0.17617046025810193
  0.18590459544305962  0.19632254906578567  0.20729525559917358  0.21800554061290781
  0.22885457181699922  0.24001473677904619  0.25097328160182453  0.26145161502493386
  0.27197473560087471  0.28299504544672099  0.29432733422283036  0.30556715876236656
  0.31678026602931003  0.32820199574180187  0.33963188759418705  0.35093087261698114
  0.36220804888760960  0.37339284653617399  0.38465794450481133  0.39594829452792646
  0.40733945685977085  0.41878996553040010  0.42975063756199983  0.44065048418531716
  0.45067317301372761  0.46026529753660089  0.46956980291815681  0.47923584014424425
  0.48974613722740862  0.50046722478488592  0.51079923682568307  0.52105880368088808
  0.53118615563241856  0.54172758993453662  0.55267785542670245  0.56301612701083170
  0.57329374892403162  0.58378023486994390  0.59465660543002941  0.60554257769886166
  0.61643253624371452  0.62703190962458100  0.63715352699693784  0.64715161290823553
  0.65720126720513250  0.66798907796546025  0.67920520587170552  0.69063069724321657
  0.70133858341046995  0.71150092068981730  0.72131402092975128  0.73045623580007102
  0.73933082176557219  0.74872989730821793  0.75789477970463870  0.76615996339996728
  0.77473906841951123  0.78412814689222976  0.79400165877504059  0.80352315406701980
  0.81282317646558966  0.82231412159199890  0.83201261175677765  0.84182669958372480
  0.85203517990044497  0.86256406777503547  0.87316517371329605  0.88374323027161639
  0.89426631670762946  0.90498627515096097  0.91570617020422307  0.92563093208796676
  0.93486884239469359  0.94432201947522754  0.95389881911753960  0.96361272895279260
  0.97302576267610141  0.98197604354056067  0.99106612586866483  1.00000000000000000
  0.00937425907708640  0.01653980839819694  0.02662319394600486  0.03839275387164014
  0.04890812944088457  0.05941627389522275  0.07021636548913271  0.08093985513466080
  0.09155568566185271  0.10212427567597973  0.11296872097724313  0.12397189821627355
  0.13472962036004346  0.14561601628676399  0.15635502208251417  0.16722362361663065
  0.17844990959909166  0.18933393920543706  0.19945678525923125  0.20999254342468682
  0.21990754897741113  0.22963429602363300  0.23913262310592395  0.24874016219977843
  0.25868276563824222  0.26876428670480212  0.27950631806076298  0.29039879051998907
  0.30075919020036823  0.31084620230746229  0.32082536199035300  0.33066911851630637
  0.34103467677832588  0.35120613071869394  0.36142221854203577  0.37188095303820157
  0.38213723956155204  0.39215325182982586  0.40174743369586274  0.41104648733444116
  0.42040109874258130  0.43060912042412003  0.44117263527243439  0.45203074034419977
  0.46230404638609274  0.47260156957669147  0.48336617609579957  0.49397060560687250
  0.50422177998499629  0.51438085275650414  0.52500345747382204  0.53577875816462139
  0.54622913501299930  0.55657705002487323  0.56665392851521479  0.57656661696729627
  0.58635225756415232  0.59562271608299888  0.60427471544601252  0.61294052937537802
  0.62189899608835009  0.63257637443150627  0.64382540300427127  0.65473694975533292
  0.66591036430111128  0.67681532093206476  0.68757623770223708  0.69800394735842319
  0.70882931865033394  0.72012725393077326  0.73094473602756305  0.74114904505578449
  0.75119258960793467  0.76141689669266888  0.77161845157269771  0.78208324382200978
  0.79342492375016216  0.80542263529460378  0.81773520410035083  0.82988039045351869
  0.84160143431643897  0.85335324479421237  0.86494222061003401  0.87629602885133706
  0.88615592366775475  0.89658519579359985  0.90670125545230784  0.91647493178635087
  0.92612851845185440  0.93591838260273008  0.94641879271318541  0.95708549723410496
  0.96762574477381813  0.97810756864114612  0.98865682016321765  1.00000000000000000
  0.00152231526430805  0.01888981863168744  0.03515900657000946  0.04850445848869881
  0.06086795403886459  0.07211792529967821  0.08331751309400251  0.09402388056865282
  0.10427715826794678  0.11443692524832214  0.12468476355394476  0.13619219906260585
  0.14801760652813536  0.15928279859190053  0.17143729639872610  0.18385636193665966
  0.19630807602412020  0.20849436949943476  0.22023613621139737  0.23146822016151763
  0.24240226472620338  0.25351753707215924  0.26418547442423851  0.27443875191775330
  0.28470878758750728  0.29542619741300041  0.30639205275443737  0.31780389522057356
  0.32924139683100800  0.34068636024267074  0.35215859405367178  0.36386449635827856
  0.37531651565565466  0.38610617242300765  0.39687542933751424  0.40742871926109653
  0.41741372643684233  0.42715414787821282  0.43669019234121903  0.44598096866399090
  0.45427416198867243  0.46281795363069911  0.47139446837182680  0.48058858766429069
  0.49090376351219761  0.50140688192329474  0.51299722185950936  0.52435936074422018
  0.53589667675076946  0.54628576739813661  0.55573298993007136  0.56546261666039899
  0.57617897646801319  0.58575320224197613  0.59535995034455724  0.60508500999607640
  0.61528129982527313  0.62516444565363294  0.63487755123652034  0.64459819785627537
  0.65421213561694147  0.66369060835744953  0.67353005846105052  0.68360835980030343
  0.69394866543650358  0.70455809977909245  0.71461095988989753  0.72415352089243390
  0.73370199500434530  0.74324595204373611  0.75289775516013902  0.76310205800440134
  0.77353832085215557  0.78359522826511818  0.79343056011353752  0.80339943575621742
  0.81374269084482953  0.82394549825863628  0.83367852371117557  0.84340331644321953
  0.85340545636099896  0.86374157201981117  0.87379586924375441  0.88363590566725447
  0.89383595016556994  0.90456478780455851  0.91584935469075202  0.92730567820207555
  0.93837524381731208  0.94872772994735011  0.95844100497792772  0.96784892837055758
  0.97678620464478982  0.98505338048381863  0.99276018624305762  1.00000000000000000
  0.00000304677237584  0.00000327539351864  0.00000345620279365  0.00000363218188268
  0.00000381236109960  0.00000399766862777  0.00000418632981449  0.00000437879051005
  0.00000457256466515  0.00000476231798474  0.00000493910327474  0.00000510833335806
  0.00000526724430098  0.00000542987664430  0.00000560627868127  0.00000579187447181
  0.00000598103170975  0.00000617658302130  0.00000636816344208  0.00000656208779147
  0.00000676320707771  0.00000699730813724  0.00000723740854157  0.00000747864789775
  0.00000771880800240  0.00000795349775689  0.00000818453427002  0.00000841249948840
  0.00000865029759662  0.00000889040359256  0.00000914480607057  0.00000941151370148
  0.00000969505509921  0.00000996776126178  0.00001022384862837  0.00001048613869714
  0.00001076024413560  0.00001104351786320  0.00001134472562211  0.00001164415622789
  0.00001194041213936  0.00001224432144131  0.00001257465528521  0.00001293681060556
  0.00001331896200029  0.00001371927782649  0.00001412974784048  0.00001453092354792
  0.00001493154967051  0.00001532588806491  0.00001573544662661  0.00001618792403226
  0.00001666439697454  0.00001713705501820  0.00001760442684398  0.00001808356453192
  0.00001859405671809  0.00001913583091796  0.00001969791160229  0.00002026730913142
  0.00002086960232323  0.00002154965550977  0.00002230772053608  0.00002308117061797
  0.00002388787886491  0.00002481992266411  0.00002582745651565  0.00002688045459349
  0.00002803149773382  0.00002927580543475  0.00003052363947352  0.00003206973214237
  0.00003376176635907  0.00003557548846952  0.00003749618280608  0.00003950629319686
  0.00004176403097055  0.00004426247581926  0.00004716566063537  0.00005041751593581
  0.00005430776363645  0.00005900461017059  0.00006481122750289  0.00007275110181378
  0.00008373296900899  0.00009852010985906  0.00011802134848967  0.00014541206161532
  0.00018791352813775  0.00025429294184635  0.00036680073794996  0.00059874860042503
  0.00122262596372359  0.00377332783667210  0.40184106228258787  1.00000000000000000
  0.00000170154357344  0.00000242189460111  0.00000290942911308  0.00000347000849050
  0.00000404339358093  0.00000457930123410  0.00000506103854379  0.00000554006134896
  0.00000604097755563  0.00000653672920713  0.00000704752006576  0.00000757229055675
  0.00000806881057711  0.00000856373883528  0.00000905080928963  0.00000955609669500
  0.00001006125114008  0.00001053582224040  0.00001099521362452  0.00001146800936599
  0.00001197736798109  0.00001254085633101  0.00001311957153844  0.00001369053699826
  0.00001424075442242  0.00001478329303627  0.00001531519072467  0.00001587625940437
  0.00001644943072863  0.00001708154120941  0.00001772310667346  0.00001837911376934
  0.00001906591527240  0.00001974395844661  0.00002040039926884  0.00002109548027360
  0.00002186130507005  0.00002266671425099  0.00002351562609331  0.00002441338770949
  0.00002528625781813  0.00002618557437185  0.00002711506913874  0.00002809067716589
  0.00002908258336126  0.00003009292555325  0.00003113693825518  0.00003224416682123
  0.00003339834134295  0.00003458700535131  0.00003585745620805  0.00003723537475619
  0.00003868783626852  0.00004021424573466  0.00004188890621972  0.00004365545943557
  0.00004547366570551  0.00004753282723726  0.00004975053558581  0.00005208761314290
  0.00005454539833873  0.00005715212918657  0.00006002640146852  0.00006342265638190
  0.00006718236423797  0.00007108725829476  0.00007525605898718  0.00007994288413959
  0.00008520908171612  0.00009095603337225  0.00009742871972142  0.00010483000750146
  0.00011297817865528  0.00012177314275275  0.00013177170894542  0.00014333386987293
  0.00015641539935123  0.00017114887386721  0.00018813561822974  0.00020779518347420
  0.00023077633491331  0.00025579626855381  0.00028308238766269  0.00031761660734351
  0.00036073392539151  0.00041543097203202  0.00048406985957555  0.00057245136497035
  0.00071149990744608  0.00091913841331135  0.00124019215321152  0.00178969050476558
  0.00301403171089508  0.00788797457810286  0.09765303163373144  1.00000000000000000
 -0.00186196355500405  0.00721172532529070  0.01484699282580819  0.02323284527586117
  0.03158072806894939  0.04013126960802854  0.04830187328820958  0.05657877421373931
  0.06564281258845359  0.07522272668995963  0.08511346472153240  0.09463398695141825
  0.10367987872846519  0.11235925774429460  0.12125063083190579  0.13110749813591543
  0.14138200959014241  0.15139863056167752  0.16101251535952305  0.17062761364791904
  0.18050789927268723  0.19063002069459031  0.20102673980506414  0.21145998142288536
  0.22163730490668465  0.23167656633832684  0.24154195593079508  0.25114454755846677
  0.26121454912513781  0.27206652694359901  0.28395000976394169  0.29556503550890439
  0.30724858388262721  0.31879592136590290  0.33019421384592584  0.34144162222690888
  0.35343194086683594  0.36567563990377039  0.37762636038906816  0.38926400242336839
  0.40110899774694969  0.41301942507323974  0.42539155786939775  0.43826648334589757
  0.45067391988634659  0.46340091999387406  0.47632867639394222  0.48907387859296481
  0.50105525614602797  0.51323876527734968  0.52578116531668284  0.53875367612816738
  0.55254627515290511  0.56682943082066295  0.58071427499238670  0.59355606090625945
  0.60594105735838155  0.61850058514127992  0.63158212382046497  0.64444351796418065
  0.65707191160175260  0.66971368380021401  0.68261385376351313  0.69537388458908878
  0.70763558677059024  0.71918676768955159  0.73023037171129412  0.74098756716668346
  0.75190350857254018  0.76260955942447706  0.77294728847143035  0.78331492753797993
  0.79371318005108549  0.80422000318442699  0.81483275954071444  0.82574415562483183
  0.83706287047405759  0.84716359008210274  0.85741894951099729  0.86651738746241724
  0.87644759684711337  0.88581167189002363  0.89446066426635473  0.90231337563596503
  0.91031008527615331  0.91866022149774107  0.92743771995016699  0.93591521291969371
  0.94387190059349868  0.95160753998038106  0.95949153588399505  0.96800710970448345
  0.97643675508794514  0.98455268625753822  0.99211637057773927  1.00000000000000000
 -0.00321590461229510  0.01163000571409765  0.02340903079595017  0.03392648986336570
  0.04378738016499424  0.05406916390891368  0.06516341706894334  0.07598675188623757
  0.08661724326279152  0.09751006787942673  0.10812436503046145  0.11811901282536214
  0.12851490090776746  0.13927051885794281  0.14945208188729417  0.15895889070733876
  0.16849749318836707  0.17869826781359274  0.18972424405126523  0.20098874529412925
  0.21100272514349169  0.22094190736452560  0.23097123253975491  0.24037132182757195
  0.25197074726287549  0.26289867602437639  0.27342500409496207  0.28305810453885216
  0.29255550841573907  0.30200494242953524  0.31145152174779783  0.32121320556414112
  0.33181526695046126  0.34264521329867798  0.35341331718691266  0.36305079781436711
  0.37261432617202328  0.38253991443262086  0.39274402092308291  0.40283888317434619
  0.41257565697431453  0.42293574897954822  0.43363985464750804  0.44463923864924437
  0.45583631094214799  0.46669314457708688  0.47717415728129098  0.48768618369626332
  0.49880008033635098  0.51040647241637294  0.52193970328693906  0.53279259505111365
  0.54387113170226453  0.55511926737575890  0.56628923843558887  0.57718808748665873
  0.58766188333295499  0.59806878641693306  0.60860539483440002  0.61911740182323893
  0.62947636744384572  0.63965864973782449  0.65055049731911707  0.66216596061345978
  0.67446897093658698  0.68620627328843808  0.69774802084897247  0.70903615261200525
  0.72044960853266626  0.73136832211616143  0.74194889922784590  0.75203358994657821
  0.76190686523977980  0.77215719117993153  0.78215130424323331  0.79218419315102262
  0.80161822635494395  0.81111310313233331  0.82097950302242007  0.83086349163703199
  0.84101174177994453  0.85138136089807326  0.86184461756369490  0.87269699365656017
  0.88364608129843503  0.89491204449383777  0.90573941157068116  0.91671874778154017
  0.92770704723643249  0.93813537320830598  0.94811883527743268  0.95787607562703725
  0.96879820977615871  0.97949159593821133  0.98964021920160583  1.00000000000000000
 -0.00262640306699727  0.00980571166867208  0.02069390335821535  0.03104093155637071
  0.04108671280139495  0.05161207309511374  0.06105004131224476  0.07052605093390556
  0.07999780263112290  0.08990848170667892  0.10050255462272464  0.11105902019282093
  0.12123229197156185  0.13169668370655596  0.14255628741566490  0.15316834361788201
  0.16291863389836822  0.17266648776842117  0.18296080484900515  0.19383066618347822
  0.20476747962183678  0.21619516456782048  0.22767627300954960  0.23886285686653239
  0.24922136367816342  0.25892654356223194  0.26908341724509721  0.27889457722996103
  0.28821693379564467  0.29715492529509518  0.30650274247979370  0.31695358643302396
  0.32865059345545139  0.34128998639883829  0.35390665660929155  0.36554452473625165
  0.37635306453725670  0.38648925886164448  0.39661601303973032  0.40693408433978784
  0.41736013180197623  0.42783253718657999  0.43818019977054051  0.44875654098957113
  0.45923581914561579  0.46903975626411620  0.47860414147236824  0.48850818575454835
  0.49909023809977188  0.51003293197886823  0.52071495402639223  0.53146903065966777
  0.54271206590964272  0.55364371474388929  0.56466400040491438  0.57493177339237078
  0.58512478857523265  0.59571882597793591  0.60650694206923284  0.61757808260341529
  0.62887453168589424  0.64021711012641913  0.65176451187433304  0.66345983224867855
  0.67563195890485794  0.68759635318231427  0.69939366356163279  0.71130113151704721
  0.72336841884368575  0.73469542328579507  0.74582457435320137  0.75591717981313955
  0.76494665113998828  0.77372200439944627  0.78289484442404211  0.79220419220583416
  0.80136913742050087  0.81058716524318852  0.82023133951602945  0.83027002542443040
  0.84025864450565746  0.85028366944323297  0.86066925682198947  0.87096490805917315
  0.88149834142620231  0.89265968129302131  0.90351071899404289  0.91430127862672983
  0.92464256264236500  0.93515302646082932  0.94649498651514352  0.95794883762107330
  0.96865600450771772  0.97902541743572313  0.98917141076446846  1.00000000000000000
 -0.00280063691170134  0.01011546398274086  0.02160275299630687  0.03284215594079296
  0.04407203355965475  0.05498550482081591  0.06547806318713710  0.07557540667096248
  0.08551946510746682  0.09550970116208021  0.10624304626398706  0.11747805522101083
  0.12813634428434201  0.13823038738617469  0.14752927822509809  0.15652280485036490
  0.16624261473649665  0.17644573250781567  0.18664286257905574  0.19634828876306895
  0.20571223973302444  0.21575173581308721  0.22665592470568821  0.23784731296814257
  0.24892977843192612  0.25980379793992686  0.27052100720910477  0.28108492036628963
  0.29186666681132706  0.30264431413907089  0.31351337174019123  0.32423243846541638
  0.33501164784203435  0.34575485463230859  0.35663416392562047  0.36793044581971596
  0.37980011779582717  0.39196312430417612  0.40365054434833381  0.41443221836672423
  0.42475022124362355  0.43501118355503487  0.44547643874949094  0.45625665363902557
  0.46724050726834809  0.47843320857187416  0.48981648407095413  0.50101896518029809
  0.51187115372599878  0.52231448827734317  0.53288194294132429  0.54288485633427319
  0.55242393094143105  0.56270143643976767  0.57339963231025648  0.58374884905440361
  0.59384786286437274  0.60415901412195960  0.61530282182995566  0.62586550644209937
  0.63576488137917586  0.64600602970915277  0.65698868349011674  0.66838728164712480
  0.67989599987345328  0.69168191605131202  0.70311717022804809  0.71315586905318840
  0.72240169291169543  0.73216633098385620  0.74197824138818569  0.75144782075221062
  0.76063862001205607  0.76997731499364952  0.77992217638087269  0.79037630990166641
  0.80132589361443796  0.81218385507733459  0.82304349149031697  0.83329879438685961
  0.84363046298879207  0.85382611661678209  0.86450355903813747  0.87566555975789084
  0.88690872073991578  0.89812182870668045  0.90908157671987733  0.91974445207202227
  0.92984185262173857  0.94002948038227729  0.95011013510845899  0.96015676887578194
  0.97045811508742030  0.98065790905894989  0.99054288906345933  1.00000000000000000
 -0.00177642568301093  0.00633799119893482  0.01410448487728106  0.02227633498329981
  0.03075543098962964  0.03943638419092604  0.04791964456062196  0.05622043148025090
  0.06496166308602307  0.07431685282541553  0.08398007517055224  0.09359731078483784
  0.10293902055599363  0.11201772554815612  0.12099996686852277  0.12998595970083843
  0.13930427585877109  0.14908723040701452  0.15846586741452154  0.16757089384526561
  0.17674101378607071  0.18616695438695918  0.19576236076098311  0.20567424442293974
  0.21636474438104317  0.22815751438243148  0.23939997324397153  0.25013356302421730
  0.26054333713140443  0.27156592189781759  0.28340298201806580  0.29542114241050399
  0.30716016673904450  0.31999870870374442  0.33336039028396486  0.34736405570074697
  0.35987332428719832  0.37139136082456115  0.38269808645666148  0.39403103958611480
  0.40535823888338868  0.41673011631811158  0.42889508590330139  0.44201234232604547
  0.45591384982596017  0.46948046609247585  0.48217331914761474  0.49401257492846462
  0.50556434718687271  0.51687007611063251  0.52845172093012405  0.54045403648383494
  0.55342786267305866  0.56626234277595600  0.57814582748995547  0.58960902559964889
  0.60029636425344857  0.61114966646281299  0.62211606565830346  0.63446809975002094
  0.64737100324422936  0.66099166719778224  0.67471863582899694  0.68783066778522672
  0.70057075211978237  0.71227341294300506  0.72318269296193971  0.73412559281057777
  0.74514583169269044  0.75591320864781308  0.76658059838134229  0.77773755332860062
  0.78889658888672642  0.79947857436742187  0.80982448777429750  0.82026361699941530
  0.83063013470384683  0.84049911752204476  0.84968540683602156  0.85895436311340001
  0.86850083739661921  0.87838003612502413  0.88836065765342587  0.89767125268994652
  0.90642892428464505  0.91538369400246478  0.92450109753162868  0.93336385077107920
  0.94197753021127650  0.95012241066111436  0.95810060856948143  0.96626724663105834
  0.97456287803228658  0.98298886228163473  0.99134991883058254  1.00000000000000000
 -0.00244157849394770  0.00954458378462269  0.01943153467542289  0.02876653236594707
  0.03766811399562799  0.04668263134020541  0.05585618056085753  0.06514012859399720
  0.07478896733969458  0.08512039505102027  0.09602215612160371  0.10649904950459439
  0.11603966345279323  0.12579492608045081  0.13625553282024888  0.14686007193810793
  0.15713603042707416  0.16764502335384512  0.17851300079986140  0.18931488589276893
  0.19967503397066702  0.21035611278736363  0.22182526632046801  0.23289052565566623
  0.24349439514847893  0.25386460466867100  0.26452954999983153  0.27585534801984518
  0.28703734870535741  0.29825237112646791  0.30954248989071581  0.32061033575538472
  0.33124247474236812  0.34231332512420970  0.35309220416167147  0.36289753245371548
  0.37230785269227501  0.38243915893613856  0.39282406313978374  0.40286162136026182
  0.41225989324075935  0.42209584628944569  0.43301740718145693  0.44402863427505351
  0.45482665943187045  0.46511488228731068  0.47526474847937911  0.48557347934001316
  0.49596479410430772  0.50611098688081035  0.51625255377458201  0.52708390420703133
  0.53871377648639984  0.55019744584796726  0.56145631638082449  0.57304763906576417
  0.58462605356857200  0.59532620345988652  0.60544326291851591  0.61552755109381685
  0.62584695003040858  0.63625162350435915  0.64718626055543838  0.65824469272456976
  0.66959209382046592  0.68109562560367964  0.69246903133659243  0.70322816429891288
  0.71327268357727192  0.72319492103137006  0.73329419999536016  0.74396537648353067
  0.75501031123740037  0.76541322679308033  0.77522619406073101  0.78470585107826885
  0.79489648494078236  0.80615470781673104  0.81851734447508717  0.83102791904697726
  0.84245630275510541  0.85298412889761865  0.86343141673872126  0.87357285361749160
  0.88389411328312240  0.89445214278173113  0.90498916216176384  0.91582073970684208
  0.92681283345581789  0.93789346730968226  0.94865331150793930  0.95908905058739580
  0.96941842027593383  0.97946234272077415  0.98965551322758449  1.00000000000000000
 -0.00277049308421999  0.00969190705868999  0.02082890882699680  0.03226045430999783
  0.04346254000466897  0.05463586115877956  0.06541491318666923  0.07554209322478293
  0.08560972999956291  0.09604535011682788  0.10737805727894380  0.11898231282937045
  0.13053876849210277  0.14159628498965990  0.15191787055054962  0.16178480914029669
  0.17160514116189302  0.18178702958585025  0.19178382844236075  0.20156524249849786
  0.21145241272521689  0.22146374938163618  0.23161730237712913  0.24210225994891507
  0.25301454875810703  0.26407346718783259  0.27499481497707540  0.28569459534294345
  0.29579910392809822  0.30599999284757567  0.31642811694948486  0.32635269122605920
  0.33638456309738435  0.34603280238105083  0.35547937174161987  0.36461606869409990
  0.37375200248302254  0.38335521780964094  0.39378489769042485  0.40345946500657698
  0.41405601356279498  0.42441157269099827  0.43519288474368323  0.44575057955559749
  0.45635415882634178  0.46748689942414251  0.47921249511085290  0.48969590202552160
  0.50080308558119335  0.51146001323631274  0.52216166308467871  0.53130449248030442
  0.54039405739504587  0.55019459103686852  0.56071220136776245  0.57160272877902796
  0.58284187642311858  0.59405631336640141  0.60532117842172384  0.61619780837814020
  0.62728497676749995  0.63709463609360895  0.64725417489550063  0.65717191313543499
  0.66751572151729088  0.67807396922963326  0.68909699326649376  0.70050719613308643
  0.71168705954779998  0.72277106203535102  0.73386462424224663  0.74506883507633248
  0.75590214066859962  0.76664566483464258  0.77707159022751959  0.78753062885858338
  0.79768911370098805  0.80742994359615516  0.81762688747107848  0.82834315998809083
  0.83920740465814903  0.84950952382037215  0.85903591494226550  0.86872848120532375
  0.87925420011294153  0.89013790900529877  0.90045557694123513  0.91052750535956761
  0.92090075363608814  0.93215732345966029  0.94333178978422239  0.95458969200591848
  0.96610164302933565  0.97708148437830211  0.98885174449800528  1.00000000000000000
  0.00010808580509364  0.00027731359339842  0.00045258435162583  0.00064373375180043
  0.00078971550472329  0.00090524940280679  0.00102950845562714  0.00115508685874683
  0.00128159463700885  0.00141381372538113  0.00154878830675652  0.00168665252048437
  0.00183107635489374  0.00198019937486479  0.00213379499613735  0.00229156542937621
  0.00245389666074816  0.00262335641940872  0.00280147682234527  0.00298944259027361
  0.00318837073050716  0.00339451950748881  0.00360560215101191  0.00381796665386879
  0.00403005292567094  0.00424592540191541  0.00446725703635874  0.00468649980518380
  0.00491752080917096  0.00515478012120365  0.00539367927896619  0.00564118162762102
  0.00589742549184761  0.00616072441384452  0.00645227026713290  0.00675168323388577
  0.00705410736240199  0.00736148250573503  0.00766738739152212  0.00797187307540433
  0.00828456721241411  0.00860857821873589  0.00894173861388569  0.00929239156984734
  0.00966938969888439  0.01005732253839916  0.01046155626496064  0.01086170657806172
  0.01127042182015871  0.01168785474946072  0.01211595830783908  0.01256148273607717
  0.01300820843243801  0.01345979620575697  0.01392023104190898  0.01438494331539914
  0.01486950736281481  0.01537080602332308  0.01589307836558952  0.01642661928479702
  0.01697724404300166  0.01751729803315593  0.01807706053955165  0.01865725802750992
  0.01928106215804666  0.01989643982656791  0.02051856322325088  0.02120768994766915
  0.02202014421580100  0.02292444574040628  0.02383179688498269  0.02473147140653598
  0.02565269084320299  0.02661233244080529  0.02772782311348221  0.02887522343878872
  0.03010648803796202  0.03151250648607654  0.03304395358878706  0.03460384735428655
  0.03607165683338804  0.03742823635975914  0.03913602884062109  0.04127486060185095
  0.04362384361533701  0.04596089792539370  0.04847632205327120  0.05182646426643402
  0.05548362030126927  0.05897547153673954  0.06345299493977613  0.07313214474651122
  0.09365950958411062  0.15039049770127394  0.46991652889310470  1.00000000000000000
 -0.00291173446661615  0.01062413685547709  0.02226171441174116  0.03363174056030725
  0.04470412187083021  0.05575741201265479  0.06658575636458691  0.07704132655656626
  0.08737023224008166  0.09780510272602150  0.10835159671191860  0.11895772171016977
  0.12988174575592251  0.14128601354174081  0.15269366350045385  0.16376557579491002
  0.17443487920062437  0.18458066737113099  0.19474730305355975  0.20508407997784656
  0.21598461542807051  0.22686454451640620  0.23675625517813687  0.24586805529382391
  0.25473654890486080  0.26334844298431481  0.27171836195507792  0.28002287718817248
  0.28902835210316274  0.29887556334322529  0.30898741130336771  0.31899174680549602
  0.32899040802130181  0.33889418119478110  0.34890187644926451  0.35910355219538659
  0.36969835496563647  0.38088400973755338  0.39201113545909766  0.40317231785767038
  0.41408992515776799  0.42536970218250447  0.43651170419164509  0.44780706407398324
  0.45978029442400742  0.47232420547649201  0.48537645445673266  0.49860250457474470
  0.51157552365463610  0.52382459082226018  0.53534420194482002  0.54666283611550059
  0.55777731470915470  0.56852837863328143  0.57961684862320251  0.59107204011520498
  0.60230629780850720  0.61277780511534041  0.62345207739699304  0.63526729845297925
  0.64772376372488738  0.65977712069356720  0.67198381347935310  0.68402547393415736
  0.69555671559028387  0.70657330361449266  0.71641477099266337  0.72620540589667359
  0.73602782679362821  0.74586618634858970  0.75552480888397777  0.76458465466588510
  0.77379643977014068  0.78352699095428513  0.79315107949844377  0.80325851543044613
  0.81300408423342085  0.82275962448994289  0.83177515256336199  0.84089799757559780
  0.85031160992121257  0.85967655005451504  0.86991716401189734  0.87987217850218380
  0.89029320036238568  0.90048850566726202  0.91029230565621444  0.91994605793156659
  0.92970827283091739  0.93986661235895119  0.95010835782905267  0.95986286093892359
  0.96955987053677972  0.97938076761600257  0.98980856199074740  1.00000000000000000
  0.02388735363151773  0.57372013689680634  0.64494528268225548  0.68548999781168074
  0.71438503238931550  0.73647127653851441  0.75480255984389688  0.77020948925200228
  0.78356368505013063  0.79532965487750840  0.80576025401823070  0.81496523002309973
  0.82324655445760087  0.83097459673738128  0.83802217664967782  0.84464496637682651
  0.85099919977872007  0.85688312445714931  0.86216123609032391  0.86718674971656584
  0.87211408208829699  0.87676787853147653  0.88102384733617523  0.88494400501009152
  0.88863575446698995  0.89213871096121333  0.89547856958092298  0.89867368806778358
  0.90178892894981466  0.90488176176124435  0.90788062854037033  0.91077111834144109
  0.91353189051344807  0.91613746701461818  0.91859996441452862  0.92100559736424026
  0.92338177638634966  0.92568461124575463  0.92791970555677583  0.93006035807239218
  0.93213246045202014  0.93417443580276405  0.93620078223070147  0.93802479611770195
  0.93978591745136741  0.94149603126747816  0.94319534798710414  0.94479412976243948
  0.94636931024929638  0.94793501139411485  0.94946440079873595  0.95095719593444250
  0.95246184974286030  0.95387586095467436  0.95524077385366024  0.95659550775633062
  0.95795230600998671  0.95928379269309005  0.96057205256564360  0.96182943117001296
  0.96307304012313721  0.96430547985995885  0.96550769452587126  0.96665672169003791
  0.96778388442612895  0.96892965759160299  0.97009120592874498  0.97124477278465982
  0.97234821785190650  0.97341700482922566  0.97448860520386826  0.97552787583793499
  0.97653706139823127  0.97751433817678546  0.97845111946235408  0.97941419263571705
  0.98032911327172911  0.98122345236234232  0.98211799519236576  0.98301420541671625
  0.98392509103666037  0.98488667468609759  0.98580889842276642  0.98670049899141343
  0.98760267168460680  0.98851447706257112  0.98947368434113792  0.99044446572804445
  0.99140325309306998  0.99235271782245760  0.99329258520444108  0.99426420625920853
  0.99524518854925526  0.99638251976640935  0.99783531576870244  1.00000000000000000
 -0.02211231621501293  0.10836254584099922  0.14243586416844339  0.16319347228879774
  0.18056543163274688  0.19576661786840793  0.20909063449108173  0.22126114628644009
  0.23267387041212048  0.24365863593128700  0.25351045731060479  0.26259017559496356
  0.27109992914074982  0.27885189861305343  0.28644751637691934  0.29400032217100502
  0.30161097628109873  0.30931850376796860  0.31643869755898146  0.32318543906450120
  0.32973135990970553  0.33650631569475309  0.34346099338394454  0.35039025067715179
  0.35726005401852901  0.36388849023465264  0.37031279845816967  0.37655472366608206
  0.38261730862332088  0.38871601162929470  0.39491307356775629  0.40115939496382119
  0.40750743509842696  0.41380794291773670  0.41986473169887639  0.42586633230723986
  0.43188720848392759  0.43790445825039409  0.44374178250174229  0.44941040149207706
  0.45498559596412985  0.46052796190363327  0.46614973046773339  0.47182771796881545
  0.47713412702966362  0.48212478215719567  0.48681707546312031  0.49129329905459146
  0.49586712705503677  0.50121224664406117  0.50722422921279520  0.51336347316999753
  0.51942717709783948  0.52533171894864661  0.53093669451850345  0.53630897187169591
  0.54132990348438015  0.54645412369096691  0.55171305799778947  0.55706075166906999
  0.56268856558512292  0.56877404094356387  0.57491512160372860  0.58120250693609210
  0.58731797548789977  0.59322380635852801  0.59905581508250827  0.60479488984348773
  0.61063168086526309  0.61660356136769001  0.62278184970767714  0.62926695089604845
  0.63588280776277861  0.64275049174324406  0.64965164097138162  0.65661339362130633
  0.66353651602063080  0.67053728108793820  0.67788264827218103  0.68546175107458607
  0.69333984478133470  0.70141088391145612  0.70968126249822627  0.71841396799089074
  0.72786629780643131  0.73788457278112141  0.74827124382352439  0.75918978500337742
  0.77055131257094656  0.78346765751792280  0.79778734066747925  0.81352982196309453
  0.83224014975594107  0.85676641470524006  0.89404785344099535  1.00000000000000000
   1.5936565222204759E-012  -1.0000000000000000     
 F F F F F F F F F F F F F F F F F F F F F F F F F F F F F F F F F F F F F F F F F F F F F F F F F F F F F F F F F F F F F F F F F F F F F F F F F F F F F F F F F F F F F F F F F F F F F F F F F F F F F F F F F F F F F F F F F F F F F F F F F F F F F F F F F F F F F F F F F F F F F F F F F F F F F F F F F F F F F F F F F F F F F F F F F F F F F F F F F F F F F F F F F F F F F F F F F F F F F F F F F F F F F F F F F F F F F F F F F F F F F F F F F F F F F F F F F F F F F F F F F F F F F F F F F F F F F F F F F F F F F F F F F F F F F F F F F F F F F F F F F F F F F F F F F F F F F F F F F F F F F F F F F F F F F F F F F F F F F F F F F F F F F F F F F F F F F F F F F F F F F F F F F F F F F F F F F F F F F F F F F F F F F F F F F F F F F F F F F F F F F F F F F F F F F F F F F F F F F F F F F F F F F F F F F F F F F F F F F F F F F F F F F F F F F F F F F F F F F F F F F F F F F F F F F F F F F F F F F F F F F F F F F F F F F F F F F F F F F F F F F F F F F F F F F F F F F F F F F F F F F F F F F F F F F F F F
  <DiscreteSampler_grid>
  grouped_processes
  1 # 1 for a reference and 2 for a running grid.
  10 # Attribute 'min_bin_probing_points' of the grid.
  1 # Attribute 'grid_mode' of the grid. 1=='default',2=='initialization'
  0.0000000000000000 # Attribute 'small_contrib_threshold' of the grid.
  0.5000000000000000 # Attribute 'damping_power' of the grid.
 # binID   n_entries weight   weight_sqr   abs_weight
    10   10   3.131539335170247E+001   8.681849300021404E+003   3.131539335170247E+001
    16   10   3.124463590123663E+001   8.649292085910034E+003   3.124463590123663E+001
  </DiscreteSampler_grid>
