  0.00298024558696159  0.01436655122600336  0.02677435554002128  0.03858888640036842
  0.05062768214922928  0.06284776232613486  0.07456076083115200  0.08603241349796960
  0.09754418955347248  0.10860479690310988  0.11878693941594162  0.12851294431674687
  0.13855158249686983  0.14993220943522395  0.16150201997662009  0.17206312709964539
  0.18211921260133898  0.19267054115946555  0.20417267607810013  0.21626660372200340
  0.22828574193903126  0.23941312308111465  0.25047826429454723  0.26089939530426531
  0.27210730988540499  0.28273924182335292  0.29319360281719087  0.30364449569169760
  0.31489532788905689  0.32691234788336937  0.33930404112493007  0.35133749109211249
  0.36274234277042056  0.37320355397574206  0.38318350515305899  0.39335284496122669
  0.40340239987678911  0.41301865229605100  0.42243861204494837  0.43195229882238856
  0.44181699676088709  0.45172465672663070  0.46129274647446367  0.47098243175980731
  0.48119747401846075  0.49137425814702868  0.50111683169553667  0.51134091046029484
  0.52199982575266224  0.53310072505126060  0.54415808645850761  0.55495046783382640
  0.56555407572092820  0.57583051176326694  0.58625412514822572  0.59675619028518689
  0.60719816740636079  0.61722922724636176  0.62688427100907940  0.63662343355483586
  0.64674971754597987  0.65699249380201219  0.66717982098869832  0.67736560529751977
  0.68745850650178597  0.69735943507086462  0.70696967906025288  0.71681208889560810
  0.72693853649122919  0.73724923211446325  0.74721667340473219  0.75762264701411908
  0.76828945972560925  0.77977734225332274  0.79152910892604178  0.80309821207602006
  0.81466275987126602  0.82605830996065444  0.83691448219482090  0.84727421399031022
  0.85770807983939101  0.86819386390705833  0.87817383750568245  0.88771892189857460
  0.89736196536396118  0.90718948714065695  0.91715082211378762  0.92688138762056493
  0.93605163853467688  0.94529778964656264  0.95481807271291530  0.96461990686784860
  0.97478076565823413  0.98417400497098229  0.99227598121572069  1.00000000000000000
  0.00969698879457228  0.01582608804424710  0.02544120871920107  0.03673301102897984
  0.04807371859744931  0.05917683687968385  0.07025757434766410  0.08151478729967719
  0.09312507070500331  0.10443677378066746  0.11501166690359767  0.12517449010524931
  0.13514829466512412  0.14513215388287659  0.15526746702392463  0.16591327100771447
  0.17726762732467266  0.18862316167999854  0.19917749387410066  0.20945414753386810
  0.21963829782875255  0.22930129979194913  0.23915548223264588  0.24907324743778944
  0.25981502100671683  0.27074046011362241  0.28229503488716912  0.29363257838332302
  0.30260086024692756  0.31212498833446667  0.32154917053389653  0.33178167163331884
  0.34196799004584105  0.35232797073402838  0.36322622281894124  0.37430382109852151
  0.38517746645409678  0.39635209800432930  0.40711244403468899  0.41719223153087731
  0.42686289724536575  0.43652992606533092  0.44661763925752618  0.45752484031768920
  0.46838692110283936  0.47853509260992111  0.48879398746688429  0.49941772558633946
  0.51023076157654801  0.52062713655093329  0.53069452332656475  0.54098090042147029
  0.55163816940607890  0.56228664906962345  0.57256453655737227  0.58285086701267552
  0.59365843475035807  0.60488500263016043  0.61624122382202617  0.62752575767948371
  0.63865223271075844  0.65019661813398832  0.66214682378765466  0.67380670942466048
  0.68512337384690947  0.69700158571154569  0.70911644071213498  0.71951354061450001
  0.72993627550038487  0.74045152608404197  0.75047876388059021  0.76030673823352735
  0.76904047818326127  0.77979433688322342  0.79115417070307525  0.80277254788617458
  0.81441028768299739  0.82502511413136581  0.83463086716017632  0.84398883800005664
  0.85322145594211651  0.86304259859132815  0.87406763292594214  0.88462195854337033
  0.89496989076143074  0.90529010169361024  0.91568078381156648  0.92521605941559171
  0.93418628013161664  0.94312943221099066  0.95297687493508965  0.96278158518842050
  0.97220530687383477  0.98233408476361339  0.99111000453486975  1.00000000000000000
  0.00075372209015589  0.02151841044440496  0.03983227046589687  0.05418063065922869
  0.06710624925743071  0.07873805048776099  0.08951273110483145  0.10006094576543578
  0.11064247468999353  0.12097335723657407  0.13130927218341204  0.14290967028815385
  0.15377986633018492  0.16413088529485556  0.17473243570394004  0.18529601266487875
  0.19535048044118591  0.20513857623330886  0.21565297462084243  0.22617390152944580
  0.23648185319989778  0.24688009963934696  0.25718850203057403  0.26760630786623496
  0.27835881683351099  0.28933632953014116  0.30046732301922696  0.31154675911267665
  0.32252556526440562  0.33340695420215771  0.34430862351042874  0.35552175073241954
  0.36674397546069709  0.37755389124849859  0.38800731399212524  0.39834402736489455
  0.40849355451932751  0.41838764526153632  0.42819561503540865  0.43856638015126070
  0.44946408433523638  0.46001628044925191  0.46990299902803184  0.47942989917494017
  0.48891797195974485  0.49847878966751163  0.50846768399314068  0.51832631190639289
  0.52963863820405832  0.54033594499968562  0.55053605786009407  0.56051497869026867
  0.57012236181795661  0.58022176355606392  0.59139284111162715  0.60271222024575444
  0.61354445735838592  0.62370956081532125  0.63317860690806105  0.64294881026747752
  0.65337841134709418  0.66485118801009557  0.67592221392980611  0.68723150531462052
  0.69780174498577419  0.70835136915800345  0.71879458707419408  0.72932232073692482
  0.74025600827816851  0.75128418646042605  0.76242573636991118  0.77279471027511848
  0.78275275338506722  0.79316392720420403  0.80399512770338466  0.81464353900698716
  0.82449180010626377  0.83363627625027359  0.84284886816946447  0.85228467631578420
  0.86153741590105115  0.87050415713570306  0.87934745198665476  0.88790477508424559
  0.89747813403228294  0.90726937574912292  0.91703247565976054  0.92702579389734840
  0.93663452283771376  0.94648364437175225  0.95601367691941830  0.96533541374820564
  0.97425870115928626  0.98298051838534528  0.99163112897680805  1.00000000000000000
  0.00000528004125573  0.00000548613299547  0.00000563292023014  0.00000579479740448
  0.00000597018873061  0.00000614194294917  0.00000631127181559  0.00000647807869446
  0.00000664090361469  0.00000680988925492  0.00000699305614043  0.00000719053287542
  0.00000739064554870  0.00000758169177583  0.00000778338463660  0.00000799226374550
  0.00000820817820105  0.00000842448781005  0.00000864288229138  0.00000886473983035
  0.00000909202708819  0.00000932656959771  0.00000955855731317  0.00000979446995657
  0.00001005084954030  0.00001031626151253  0.00001059152194108  0.00001087824692296
  0.00001117042118018  0.00001147650130792  0.00001177319539029  0.00001205177809820
  0.00001233650099495  0.00001264377732156  0.00001296774685020  0.00001329169443419
  0.00001360382224226  0.00001391728726992  0.00001424709698515  0.00001459767806209
  0.00001496924857372  0.00001536589939606  0.00001579358802702  0.00001624307077033
  0.00001671057349791  0.00001721429407454  0.00001774464291437  0.00001831691370506
  0.00001887678204821  0.00001943325986023  0.00002001168859986  0.00002061492291563
  0.00002122984742357  0.00002186030301427  0.00002253129151271  0.00002325772306874
  0.00002402331776160  0.00002485357556484  0.00002574145916777  0.00002666023782022
  0.00002765074179724  0.00002871989825983  0.00002980326460399  0.00003089247969630
  0.00003225090421443  0.00003366948152782  0.00003517823447285  0.00003688464621657
  0.00003877672813486  0.00004084325770522  0.00004316509658095  0.00004582969777893
  0.00004886270535831  0.00005237144961701  0.00005660856190342  0.00006189941536411
  0.00006850492847191  0.00007716232546041  0.00008886312952405  0.00010513986659003
  0.00012710950308609  0.00015751732116931  0.00020145058651803  0.00027116469092179
  0.00038832314603944  0.00057846639451783  0.00088063383111058  0.00141372852949376
  0.00228047829190595  0.00373242374935488  0.00625219629311129  0.01051780006208862
  0.02595935446726539  0.09292237394864478  0.47783888098817751  1.00000000000000000
  0.00000162734361313  0.00000248874018290  0.00000306484649152  0.00000367181467416
  0.00000429760108717  0.00000491739085559  0.00000549292348992  0.00000602751403577
  0.00000656813558679  0.00000713382772041  0.00000769782592863  0.00000826176268483
  0.00000885664657125  0.00000946837730256  0.00001008299756618  0.00001068073827825
  0.00001126202794725  0.00001182700261181  0.00001238881357843  0.00001292333574162
  0.00001350594606098  0.00001409348219438  0.00001469887746626  0.00001533857667899
  0.00001597788605572  0.00001662623538890  0.00001731653615038  0.00001802948689667
  0.00001880129242374  0.00001963981197850  0.00002051341912321  0.00002138081991306
  0.00002223293212329  0.00002310494185856  0.00002401607895600  0.00002495302168034
  0.00002590147592523  0.00002685630601293  0.00002783335167554  0.00002887397130775
  0.00003000600652070  0.00003120183486638  0.00003245991816717  0.00003382034921155
  0.00003527115436316  0.00003682551045746  0.00003849374264945  0.00004025409539778
  0.00004219591169714  0.00004426988315011  0.00004653111647974  0.00004900931352889
  0.00005167237608300  0.00005452065677700  0.00005760202734722  0.00006122947569124
  0.00006554601868914  0.00007033258044767  0.00007559826824047  0.00008140843773317
  0.00008779876855189  0.00009484577805505  0.00010335371211864  0.00011367213083115
  0.00012446041507247  0.00013609036324328  0.00014872701136438  0.00016289023761346
  0.00017978296022877  0.00020013891143612  0.00022423685165671  0.00025157693510138
  0.00028197092736768  0.00031751209347619  0.00035863609893331  0.00040482043600361
  0.00046096326742736  0.00053560069581152  0.00063019542892240  0.00074026859144583
  0.00087463283714190  0.00106115320457295  0.00132102585891007  0.00163912706749162
  0.00206109138185272  0.00265685878954736  0.00347989898632427  0.00443388114432815
  0.00556943961881917  0.00740567555866969  0.00914973851719576  0.01092117534883933
  0.01471170640692054  0.02976926563449786  0.29163405279688026  1.00000000000000000
 -0.00196773338875841  0.00705866558412311  0.01585067697547200  0.02510474836330968
  0.03425600084130681  0.04295206241377959  0.05168820747131856  0.06098428822333476
  0.07070413997201876  0.08051741126073067  0.09005859115079963  0.09919298009796237
  0.10900880224632595  0.11922966697650322  0.12985513886638431  0.14087208922105499
  0.15150566689335970  0.16148682283611857  0.17100104150527465  0.18048809237092683
  0.19035321585596202  0.20101071954929406  0.21224800503730185  0.22340550222163186
  0.23417272218347662  0.24439297526593073  0.25488921850271673  0.26552268480038427
  0.27623022433005084  0.28690831321357529  0.29801730132326626  0.30953825004301105
  0.32162500700386398  0.33386522965628890  0.34607872684128110  0.35822644784851898
  0.37038395345037134  0.38240774741468009  0.39476620329469503  0.40771525426541000
  0.42116329575614203  0.43434664880179752  0.44623583891464291  0.45714493238521331
  0.46784773469616819  0.47865478464782280  0.48961694094774622  0.50090022428169001
  0.51415048488114212  0.52709437269926263  0.54019058256409824  0.55345797136073349
  0.56672971195842525  0.57853313119685146  0.59005998532140824  0.60118987566750015
  0.61224069277838555  0.62375378078054611  0.63510688014693273  0.64627059760706118
  0.65748866373968007  0.66961027902263570  0.68250865019657780  0.69352744197495297
  0.70344860389257247  0.71374208553290630  0.72385585856199108  0.73369506845268506
  0.74366064185313185  0.75423958967443783  0.76523996333299782  0.77613102330765238
  0.78677009642449813  0.79698537994394925  0.80698304212490080  0.81704156930312377
  0.82733004808860044  0.83789585466540750  0.84817704129514437  0.85778162630646682
  0.86688462803145094  0.87610845872305776  0.88553704497426367  0.89530692477852813
  0.90526876838249082  0.91477215124930977  0.92341473734955470  0.93241909955335500
  0.94155394450363783  0.95113524898271229  0.95989091076808375  0.96762605691223502
  0.97489673585325842  0.98269692792236207  0.99047345679614718  1.00000000000000000
 -0.00216406967152385  0.00903432928773834  0.01961134023363331  0.02980508114887759
  0.04026665384810189  0.05132003779398154  0.06232906724954936  0.07303179777845187
  0.08336671829351815  0.09253732592988627  0.10195530233102419  0.11111443700434995
  0.11934212928113858  0.12796081078234206  0.13763269958532875  0.14825884300427317
  0.15918700335446723  0.16984555034983165  0.17995680559002494  0.18995693861849922
  0.20038870967027023  0.21141504793571828  0.22238699132373554  0.23305691614770369
  0.24348740262037277  0.25372549522117988  0.26413227526919958  0.27522990343278553
  0.28739907902289330  0.29971730467183066  0.31146913301037338  0.32221082141263874
  0.33197673583505005  0.34100922459008493  0.34971623736860613  0.35903933406847111
  0.36955267253207619  0.38030753740987799  0.39156717072869224  0.40315933540461579
  0.41469257887725414  0.42538006300697911  0.43614695160921729  0.44737839089758202
  0.45883090603156018  0.47063155978788546  0.48212822177824854  0.49357664293967396
  0.50508013924975037  0.51613905506876989  0.52674266732987973  0.53695754776540716
  0.54696051992303696  0.55695696461459565  0.56723257770081148  0.57801464049043638
  0.58855397680119592  0.59837025400980903  0.60806252674334860  0.61817250470173113
  0.62865334268324491  0.63906020226814286  0.64917381874547164  0.65896079290325216
  0.66887161067690781  0.67968870365375933  0.69023011744235352  0.70036944481923014
  0.71063930592731994  0.72187805373271352  0.73336774859981235  0.74458352132924643
  0.75590276738034945  0.76655028081197674  0.77618768166006524  0.78569487012685235
  0.79615620588235414  0.80725510325285832  0.81806856268696904  0.82852793348959008
  0.83915871747399018  0.85045072669192934  0.86161728047583663  0.87306580686630819
  0.88439865823268549  0.89558894833181157  0.90664712565702832  0.91755055174807110
  0.92830432279028052  0.93900219015005648  0.94976138351140427  0.96017930988406797
  0.96984660876841844  0.97929397094640469  0.98927314590287385  1.00000000000000000
 -0.00250708460909369  0.00996173264318271  0.02050861782560931  0.03116149049072974
  0.04183979342970907  0.05241127620130832  0.06283253431468186  0.07327246592150452
  0.08332612876538462  0.09246293231015126  0.10142224364008905  0.11131328914556216
  0.12201448833173920  0.13359284805295291  0.14542448523875379  0.15725881001544331
  0.16839114480610221  0.17973016397498584  0.19059543834176199  0.20127293747066349
  0.21171804906970121  0.22265369715550787  0.23359895677034695  0.24427034677351050
  0.25484256695594132  0.26544604807713457  0.27603307156244355  0.28653239482435289
  0.29750295868680099  0.30869440753223543  0.31924440452833280  0.32958174447972233
  0.33958895749037110  0.34969862424695358  0.35981892981291508  0.37047955415910266
  0.38136458921558442  0.39177006152883470  0.40209362307757457  0.41293213917133353
  0.42335996283158267  0.43310247710162897  0.44256577613565495  0.45227989120075274
  0.46299701829717166  0.47382354319986680  0.48407585844608908  0.49422858946101905
  0.50529752185766930  0.51654203447621883  0.52742198776787441  0.53820603978393322
  0.54867733253886908  0.55851422712021093  0.56779562593664779  0.57665719618072919
  0.58672308376399351  0.59658131345414145  0.60674186213360470  0.61745799595785034
  0.62907672885367028  0.64097352622465742  0.65156089442565956  0.66131431687165620
  0.67099961755021398  0.68095549155912516  0.69171869959453247  0.70209146233405584
  0.71227062443510980  0.72222949470657516  0.73222045662643265  0.74235243866400136
  0.75288021413680972  0.76426777539373358  0.77541377674096112  0.78606683364022989
  0.79674049763967136  0.80683592042138808  0.81649254715220643  0.82619245669120200
  0.83652805507060723  0.84752837265856995  0.85888940273398251  0.87052670211412586
  0.88218453560697097  0.89353129069626758  0.90462318657425600  0.91519565974095507
  0.92590620737443008  0.93673534602148101  0.94784019856163659  0.95887090368451444
  0.96906300291773007  0.97970850246074437  0.99002698749628670  1.00000000000000000
 -0.00193277743696747  0.00804455718855840  0.01725508898364352  0.02702044683428627
  0.03689783280311759  0.04734937949619172  0.05889769190030120  0.07045675343908818
  0.08209820035529480  0.09359220867413844  0.10490466165042786  0.11532491730011561
  0.12520037134938267  0.13511080508582249  0.14562551019733455  0.15655922635552344
  0.16763816182895896  0.17875152189520341  0.18963548362668556  0.19984962316997701
  0.21036185527382556  0.22014944945157991  0.23095372968570116  0.24113819834231826
  0.25112716661660101  0.26077695547359242  0.27080600083712691  0.28164367442595428
  0.29290467736255799  0.30338439269002015  0.31360929832457413  0.32355891852531460
  0.33381531986102791  0.34399694601064895  0.35387207788180730  0.36288985899815052
  0.37103265838238897  0.37947049465227806  0.38822765397198750  0.39751068916861432
  0.40668269495825482  0.41562652193536381  0.42580465785098776  0.43740143201686221
  0.44933368462305934  0.46099396710494595  0.47176403316847143  0.48247821265279778
  0.49397340968990122  0.50563005929030336  0.51719788933158750  0.52822797269784927
  0.53929638713766026  0.55038499951646735  0.56139134249247724  0.57214961326613467
  0.58333606927715875  0.59460064826033276  0.60610452206044063  0.61755643992584197
  0.62885574204793959  0.64000837932564869  0.65084805976649418  0.66140199795510357
  0.67205089592887257  0.68327521708983918  0.69567525538806141  0.70774711590823824
  0.71875488371509832  0.72883758172181456  0.73786159015892050  0.74702232637870769
  0.75657841787479607  0.76741103990252990  0.77857893730730554  0.78961905445894320
  0.80033798043760318  0.81062622692845410  0.82062149942529306  0.83063260177538478
  0.84107478406091984  0.85178215179708405  0.86277091716588517  0.87392153068449452
  0.88493800028824776  0.89542805345026866  0.90557137687127787  0.91525042551447322
  0.92527217450837462  0.93530537991020468  0.94651831945344178  0.95793647114336267
  0.96883201556941168  0.97935665890637758  0.98944980877984701  1.00000000000000000
 -0.00244902322630926  0.00809357009543662  0.01789526841679029  0.02700369788658782
  0.03601328529315094  0.04494248356199031  0.05392521598286874  0.06276002246103167
  0.07130207270618914  0.07891677174767296  0.08656732137364101  0.09415689796817771
  0.10164996686797902  0.10908577231605693  0.11675466731485287  0.12505012122772227
  0.13431849599571871  0.14350611948973091  0.15229390911883872  0.16136012835580682
  0.17115585350922669  0.18080752883917847  0.19009965628065481  0.19957393945037288
  0.20972760869869533  0.22191647452962729  0.23383533132319090  0.24437286831528665
  0.25430247239249254  0.26401958972898754  0.27523451922476022  0.28744966643303671
  0.29933830093445718  0.31137794618362985  0.32367640672762132  0.33625927757780111
  0.34835577386803623  0.36105578389853682  0.37347090153283657  0.38520299440946337
  0.39720050586102240  0.40980180892203610  0.42188258578364018  0.43274147463671675
  0.44416756461513918  0.45640345983048403  0.46892304441563420  0.48107531940823856
  0.49320583714208832  0.50540231535580016  0.51765928259143135  0.53070345227253624
  0.54381418094976486  0.55655590461363313  0.56854163712937056  0.58000929165695347
  0.59109379326999900  0.60279257323820890  0.61544056254021962  0.62818643539352281
  0.64080252205523336  0.65304389283466013  0.66505812125255126  0.67665322864533661
  0.68763860989712267  0.69815048323972551  0.70885323098375685  0.72004483631863869
  0.73173781015998052  0.74361295738844568  0.75531500192615086  0.76684332464004656
  0.77802608053245093  0.78911360921361984  0.80037646662034156  0.81151234026686114
  0.82251387504117657  0.83324227770929904  0.84343892512014829  0.85298112833630924
  0.86192804989418714  0.87084542784818353  0.87983106285676660  0.88906779723930951
  0.89863451473935985  0.90846212850828445  0.91849510342244034  0.92924318043023491
  0.93991837671628486  0.94949157447229560  0.95773477194402878  0.96592395071213777
  0.97385550128630216  0.98189350554442079  0.99104073301759221  1.00000000000000000
 -0.00306965034696668  0.01204895819357660  0.02328511907220115  0.03418428143594112
  0.04451270484802151  0.05553479046170499  0.06644022700258541  0.07730075033998633
  0.08815838638018250  0.09938985624279571  0.11149029059020338  0.12344325249341702
  0.13497122561571218  0.14608347113068065  0.15736019393066292  0.16839589064876948
  0.17921758057337608  0.18970020631157505  0.19945633557683348  0.20871012350740686
  0.21790033570802159  0.22725609445273359  0.23795757257034481  0.24928980295760744
  0.25988487510170094  0.26994273468788271  0.27992380910421977  0.29016993960671228
  0.30052212785052895  0.31095937456310124  0.32137094168765235  0.33167805729104749
  0.34180774659289165  0.35193686255237738  0.36213629496441779  0.37245451116539624
  0.38293161826954419  0.39331628407494201  0.40354398889837778  0.41411569824312011
  0.42532817734017597  0.43655514322984951  0.44767789091738963  0.45889120514775483
  0.47005951195487011  0.48063880608521559  0.49048844461441726  0.50030701954661316
  0.51083368001312224  0.52232698119240728  0.53452405155001215  0.54626065450749950
  0.55734665266318351  0.56793736137773188  0.57852067864807866  0.58848969705509646
  0.59806441778912134  0.60765152673027290  0.61789352402033870  0.62869866479493319
  0.63921967870279595  0.64946309279701075  0.65991238046041145  0.67069358241944277
  0.68142922372251835  0.69147100969269537  0.70076525287955238  0.71027246715273062
  0.72005468929916239  0.72990219772438414  0.73996022376313408  0.75093385630809151
  0.76218483128987990  0.77324534637979891  0.78406645760736859  0.79486204360666135
  0.80541587187225805  0.81613830731580961  0.82686247925985745  0.83731425122554093
  0.84733324936509202  0.85728630677980966  0.86780375451146519  0.87848369143282012
  0.88846537356479005  0.89785749686484739  0.90763415788659429  0.91785456628346995
  0.92840532631094597  0.93905023702855550  0.94978360004444584  0.96083805826742530
  0.97090433391370212  0.98070789712750595  0.98982790759470540  1.00000000000000000
 -0.00240519803492454  0.00948206007328733  0.01865472686963189  0.02769118086477506
  0.03696007730982098  0.04660073732145610  0.05746877147931869  0.06866196781196686
  0.07958496938044793  0.08996373196635266  0.10005667658513727  0.11090461450924465
  0.12081088126266394  0.13009573951460954  0.13929276273884872  0.14915652332590679
  0.16040558312884054  0.17156889273936493  0.18164475433891603  0.19215621729866547
  0.20320699883500756  0.21458144266703563  0.22513322838456221  0.23557086365496643
  0.24626288635995403  0.25731007781296827  0.26813825595456320  0.27838561972831843
  0.28845642223580620  0.29864155860295466  0.31003752098051141  0.32184392356236186
  0.33389033854759115  0.34589497010107662  0.35640252489415397  0.36645459527465796
  0.37648830574670261  0.38726145187654221  0.39819077552119320  0.40913167679972157
  0.41986814048392723  0.43062708646782510  0.44067807724574237  0.45049433557274521
  0.45996433559030814  0.46938010053945062  0.47946232985603715  0.49010538020362454
  0.50137521244268479  0.51271197637568933  0.52416916399343660  0.53555634831484866
  0.54635357593932443  0.55700609745075902  0.56772854524521799  0.57868302947248917
  0.58953617782187262  0.59976380674298502  0.60920752149429747  0.61845784327471776
  0.62862231748538933  0.63961984617029799  0.65027840946744886  0.66021154579564423
  0.67005391383159829  0.68015349481864440  0.69073996246920966  0.70143089621754307
  0.71176110492543354  0.72191025786267526  0.73203824869873491  0.74236786469687754
  0.75245330094475271  0.76233601604703283  0.77257597785131105  0.78289994326617962
  0.79281145778771689  0.80261484378915682  0.81232457639906464  0.82335477906950683
  0.83408319837195699  0.84571764661101634  0.85726426364112074  0.86808847589859395
  0.87834415317453451  0.88787171264437137  0.89824883035418679  0.90890973189726565
  0.91967638685649378  0.92992382446392174  0.94061074630068175  0.95214866169226009
  0.96406737389011998  0.97588943642516901  0.98777757260872190  1.00000000000000000
  0.00014591042858875  0.00043224087505599  0.00073628860613036  0.00114421410713515
  0.00150961454201826  0.00180109710111444  0.00210858871727333  0.00242551856174349
  0.00274712373633389  0.00308477062609138  0.00343475465050694  0.00379770665330235
  0.00417307697517126  0.00455664153902373  0.00494880051746609  0.00535484548490773
  0.00577348385947982  0.00619891800261850  0.00663262448916750  0.00709803299477728
  0.00757455186797344  0.00805223525226367  0.00853528950976365  0.00902203210209097
  0.00950541417492857  0.01000326834934582  0.01050686092866318  0.01101072983078597
  0.01154068472574955  0.01208771608523964  0.01265624323143618  0.01325785881775954
  0.01388771172828676  0.01454954173199832  0.01528067188061931  0.01604050922076825
  0.01685318973300607  0.01764654935637992  0.01844280332629324  0.01924837336394907
  0.02007250917623284  0.02088889997825473  0.02165938141342100  0.02242224987180048
  0.02324824923098524  0.02410207162447813  0.02493719377869483  0.02574722349092352
  0.02657452217393584  0.02739685005093507  0.02823027772724348  0.02911705429798573
  0.02999919105873526  0.03088766924268559  0.03181624452143300  0.03260074313556794
  0.03338758813197980  0.03423790392257096  0.03528808685061186  0.03636728401277254
  0.03730744076539498  0.03812152804369543  0.03900718295837270  0.03994811015476964
  0.04091277280026332  0.04209380439707850  0.04331066208942717  0.04489482261349562
  0.04658279715931373  0.04807391624000928  0.04937398686949986  0.05064268681475638
  0.05222069209562331  0.05400761082187196  0.05581950189863800  0.05695526309096433
  0.05814053358142867  0.05972419116694012  0.06161351660700130  0.06348433085816099
  0.06570445171208608  0.06805715929653193  0.07081197558887001  0.07406711687836257
  0.07697639149372884  0.08044051965361912  0.08738537089664997  0.09888409081558057
  0.10924833756142902  0.11814104558341730  0.12660109592925423  0.13382210626080185
  0.14647117823656017  0.17104586971766003  0.43754776727304379  1.00000000000000000
 -0.00185283932840379  0.00713307266564954  0.01512537008921880  0.02359721983224241
  0.03218319923664802  0.04054265094136353  0.04862550840121670  0.05656515878950805
  0.06490474211560628  0.07349613608052132  0.08214746118275687  0.09029241351805092
  0.09834126593667267  0.10682900212025047  0.11549982227377131  0.12425780353117566
  0.13266707190418470  0.14091851627662205  0.14964065600442422  0.15927017476150984
  0.16996785172614529  0.18131307704959310  0.19265067343793824  0.20383881718252284
  0.21483448221175630  0.22558705553031691  0.23635746895946463  0.24729457421236228
  0.25868141226164015  0.27070149717764569  0.28283023046240735  0.29571401553883803
  0.30919035414902185  0.32124848386006510  0.33220674614031509  0.34400195642493842
  0.35608446239827629  0.36692810149721583  0.37731645161511357  0.38836671162934405
  0.40001227946349932  0.41267560852319646  0.42488535763343110  0.43700171827278445
  0.44900700583120889  0.46129920124234713  0.47444997909902242  0.48805268046299499
  0.50197975679131634  0.51636155996735733  0.53024432326362914  0.54348403853482397
  0.55647417230731255  0.56898780862927367  0.58144111007908927  0.59381997404868225
  0.60604966194294219  0.61801976063878894  0.63007097539254875  0.64175331748671283
  0.65219003309771795  0.66284003960694815  0.67443541300349807  0.68696226499625845
  0.69867139845825610  0.70993602897416308  0.72129034292158867  0.73250502821064134
  0.74361725574105575  0.75490351037248027  0.76639298129572409  0.77713781209125998
  0.78757991629432289  0.79786305579273942  0.80812119911974811  0.81825504942797722
  0.82815846520238845  0.83784587255620957  0.84745707069349518  0.85695300688836351
  0.86609465916502115  0.87469323868348736  0.88328415418473760  0.89231423930693587
  0.90223453925755792  0.91265488723677013  0.92349522875294654  0.93426645986674839
  0.94253352885353603  0.95073791482762104  0.95881472357639130  0.96707130764903515
  0.97615015768859925  0.98509691837944335  0.99269876592179185  1.00000000000000000
 -0.01448434958183918  0.57519012457890828  0.65055551205009232  0.69282153855639184
  0.72101365957344288  0.74315883205581690  0.76100140932297533  0.77585384001548741
  0.78849804030681625  0.79951493624178749  0.80922812347122286  0.81798223536240733
  0.82619047714181526  0.83374543624539954  0.84039915458128567  0.84645884382288061
  0.85214354353339195  0.85740909304198909  0.86250423731524739  0.86745784005519933
  0.87199316610301358  0.87608065090460008  0.87987046869938812  0.88356731040620407
  0.88705464876895490  0.89039017061948800  0.89361262411761777  0.89672077744168754
  0.89970870333132758  0.90262762959574450  0.90544871282156369  0.90819865326028948
  0.91086218835573285  0.91346828878440567  0.91598607351656569  0.91835976439629541
  0.92062705736164441  0.92291364285520372  0.92519252421518405  0.92742580852851542
  0.92960935053842486  0.93175927307863160  0.93386454914849004  0.93604375271425111
  0.93795525946746616  0.93975372767853960  0.94148968294232849  0.94315647883876252
  0.94483325041739485  0.94650832636988946  0.94810060324943513  0.94961261538499497
  0.95109192750755944  0.95252897164095474  0.95394028571266287  0.95534733675153616
  0.95676016828588240  0.95816065920043147  0.95952025810795027  0.96084117896502863
  0.96209961798530597  0.96338578445287348  0.96466507590038020  0.96590131378384303
  0.96710076292805114  0.96827630340295212  0.96945942536544705  0.97064880844586432
  0.97182992146466551  0.97307835068471005  0.97433972788369061  0.97554584945882528
  0.97657589957026325  0.97756728055698383  0.97854840133280763  0.97949355311189779
  0.98042122062110937  0.98133770907320517  0.98220645771668913  0.98315423591418893
  0.98413082781183236  0.98514394350434309  0.98611777746116358  0.98701499148277538
  0.98789337297816249  0.98874796357383055  0.98960617168779419  0.99047475044531763
  0.99135808256970337  0.99224688561744356  0.99314842342220755  0.99409778032716112
  0.99512161768866059  0.99631153234107717  0.99788338920090403  1.00000000000000000
 -0.02210014332206611  0.10685828263503615  0.14233619579278325  0.16539544087875002
  0.18383830067880219  0.19903787677583615  0.21160633886572303  0.22230420026951458
  0.23311285784548830  0.24348801438341913  0.25391612479508879  0.26369915333722044
  0.27314664718927067  0.28219130484328209  0.29101257698890820  0.29967736730659494
  0.30836737744475617  0.31650115706857962  0.32418840877580335  0.33210635922230658
  0.34002325267514527  0.34818202426384343  0.35609013584498755  0.36344207145711271
  0.37016131944695568  0.37658048176273401  0.38303775828313857  0.38979632445226531
  0.39655934962024603  0.40298786913909418  0.40910554664031812  0.41515092708622048
  0.42149453573147905  0.42769902204220051  0.43363140417539842  0.43951942559943241
  0.44532264410782485  0.45128170423197439  0.45731393720845276  0.46318327591000091
  0.46888478280197227  0.47459182018072310  0.48035664287984242  0.48611528343393728
  0.49173125375742993  0.49698329046222045  0.50220069202935569  0.50765448967324345
  0.51311552478158229  0.51831471157315512  0.52358561809872373  0.52848656846175235
  0.53349464911700972  0.53904429215996430  0.54410552857488770  0.54925648777048741
  0.55451730446479552  0.55979816000596883  0.56523788869506486  0.57079317976326260
  0.57648571982222374  0.58209639352335096  0.58755543528784804  0.59296239294269359
  0.59838244723024236  0.60399874175066626  0.60976858715925264  0.61549836433271321
  0.62121947828610935  0.62679139579554233  0.63210074333799404  0.63759248743375418
  0.64332533977859296  0.64966486695893477  0.65646049602704648  0.66309566370296458
  0.66945621930938182  0.67574811002030444  0.68229764258000247  0.68914515805726806
  0.69616715877433166  0.70353869602469021  0.71149583116355974  0.71983366361533663
  0.72847665709365572  0.73781430697282280  0.74796953710095981  0.75886024876577274
  0.77035596717982580  0.78234416496473813  0.79573489549519449  0.81187933711704363
  0.83055712325183262  0.85415341022619773  0.89153313707467219  1.00000000000000000
   1.5408521687186738E-012  -1.0000000000000000     
 F F F F F F F F F F F F F F F F F F F F F F F F F F F F F F F F F F F F F F F F F F F F F F F F F F F F F F F F F F F F F F F F F F F F F F F F F F F F F F F F F F F F F F F F F F F F F F F F F F F F F F F F F F F F F F F F F F F F F F F F F F F F F F F F F F F F F F F F F F F F F F F F F F F F F F F F F F F F F F F F F F F F F F F F F F F F F F F F F F F F F F F F F F F F F F F F F F F F F F F F F F F F F F F F F F F F F F F F F F F F F F F F F F F F F F F F F F F F F F F F F F F F F F F F F F F F F F F F F F F F F F F F F F F F F F F F F F F F F F F F F F F F F F F F F F F F F F F F F F F F F F F F F F F F F F F F F F F F F F F F F F F F F F F F F F F F F F F F F F F F F F F F F F F F F F F F F F F F F F F F F F F F F F F F F F F F F F F F F F F F F F F F F F F F F F F F F F F F F F F F F F F F F F F F F F F F F F F F F F F F F F F F F F F F F F F F F F F F F F F F F F F F F F F F F F F F F F F F F F F F F F F F F F F F F F F F F F F F F F F F F F F F F F F F F F F F F F F F F F F F F F F F F F F F F F F F
  <DiscreteSampler_grid>
  grouped_processes
  1 # 1 for a reference and 2 for a running grid.
  10 # Attribute 'min_bin_probing_points' of the grid.
  1 # Attribute 'grid_mode' of the grid. 1=='default',2=='initialization'
  0.0000000000000000 # Attribute 'small_contrib_threshold' of the grid.
  0.5000000000000000 # Attribute 'damping_power' of the grid.
 # binID   n_entries weight   weight_sqr   abs_weight
    10   10   4.459400962546124E+000   1.033200778172755E+002   4.459400962546124E+000
    16   10   4.443131580294602E+000   1.024863764843722E+002   4.443131580294602E+000
  </DiscreteSampler_grid>
