  0.00275563267339799  0.01540138029450130  0.02843202983579697  0.03985023275077405
  0.05150100395281228  0.06374076825913495  0.07621843315090990  0.08848438597747510
  0.10033409685448734  0.11259925590847222  0.12524674549318632  0.13728827750346512
  0.14903917444141906  0.16077351868307921  0.17248165910416377  0.18416444199660048
  0.19560445765712275  0.20734588005267146  0.21849478079167747  0.22925864812315475
  0.24001174306946987  0.25050917430605196  0.26072368066653812  0.27073066964895598
  0.28115837632671642  0.29239840111370291  0.30416705553970252  0.31612523601737424
  0.32816779903784432  0.34047314843391885  0.35284293486283086  0.36482221725618103
  0.37679720743802192  0.38862985020327928  0.39945459869500344  0.40952672783628435
  0.41962998808494945  0.43005233082497191  0.44142085708380052  0.45306835858581906
  0.46346933155537845  0.47304274377926075  0.48262861726192641  0.49201341964207806
  0.50131998174639825  0.51101988423604849  0.52107145200242189  0.53165632892142101
  0.54207164579653622  0.55235929092532687  0.56233030256063410  0.57196679304888098
  0.58157176100684238  0.59151274295896461  0.60203595581956415  0.61325748841597716
  0.62494966370865124  0.63675920686716014  0.64829874886916705  0.65927215869118505
  0.66938414340523389  0.67882713854556165  0.68831054447745432  0.69816013507215369
  0.70824711974592691  0.71821513032428508  0.72798065478627361  0.73787084281604087
  0.74807128675665502  0.75878912026398970  0.77026572171364116  0.78198600703852006
  0.79372004906688787  0.80549248053602152  0.81669792732229252  0.82694584874649146
  0.83679541316706807  0.84678189007462312  0.85682036301916187  0.86670567439317858
  0.87689722513001800  0.88777020071582002  0.89868337741004189  0.90905191461202706
  0.91943443924443891  0.92996449207730769  0.94016646246231217  0.94973904578990054
  0.95837364836865568  0.96503619876875169  0.97121220907286698  0.97689623090254563
  0.98223188972508357  0.98814149572290044  0.99155865190028714  1.00000000000000000
  0.00912879622451111  0.01752398893640859  0.02793145424574492  0.03985452072452442
  0.05143145607740692  0.06288333298519967  0.07462634219764504  0.08540281417703857
  0.09611406627625098  0.10698010106957710  0.11838611200291121  0.12984420115736803
  0.14192050928332220  0.15305616597222008  0.16438583054163852  0.17546811901343126
  0.18793901203056360  0.19879161181936716  0.21023047682110993  0.22149871270133198
  0.23283425562538351  0.24355969883201864  0.25367888924570331  0.26372666585609994
  0.27412987485888318  0.28413177911796095  0.29479343989255974  0.30455928512493974
  0.31440915110653539  0.32350679795925219  0.33279358576770324  0.34378598361091439
  0.35479368577682630  0.36520079497292390  0.37508003121963074  0.38524424417631908
  0.39553704054108374  0.40594176775103225  0.41706357793627091  0.42868743023782147
  0.44060524335667733  0.44983951441908870  0.45932747380413008  0.46894996843167702
  0.47946787461722334  0.49091310494112245  0.50200269600347591  0.51267343177110847
  0.52350613673887381  0.53439627775339704  0.54526037843931408  0.55614730342077401
  0.56732501293962223  0.57846112252033177  0.58805375332602483  0.59676708829806657
  0.60595406249801387  0.61499516971413382  0.62355542877509273  0.63185227383406672
  0.64006751764836689  0.64879836191034135  0.65900513937564476  0.67004591610394204
  0.68123453171576676  0.69220825251423124  0.70269804176950001  0.71305161768948977
  0.72349223314757805  0.73392776011388516  0.74442056216249852  0.75424220531787545
  0.76400269446803382  0.77413181100788442  0.78475447808748378  0.79500528510177615
  0.80537813661064284  0.81668183190019517  0.82927729524590177  0.84123749772202072
  0.85215397475786692  0.86230668058227700  0.87256146448835203  0.88349461272158170
  0.89425387260900135  0.90447020611938789  0.91424292821299136  0.92400364037691640
  0.93383463361653252  0.94418931583397792  0.95496939745818521  0.96571844819386310
  0.97516220270540277  0.98331926863298591  0.99112834846458397  1.00000000000000000
  0.00151850187118963  0.01841881806823797  0.03493327974355358  0.04936221838288942
  0.06274779307876445  0.07507189384039159  0.08667391543417759  0.09762366374155680
  0.10926197851329976  0.12102685403341938  0.13248367552221071  0.14396999578631461
  0.15548454874748821  0.16718870959028745  0.17829656219208445  0.18937801431286513
  0.20020598678498450  0.21040317143896428  0.22064166361307305  0.23107276025471091
  0.24179715570351010  0.25245248417785482  0.26254192278747412  0.27296925825466190
  0.28307120653893142  0.29266392640966243  0.30085539876960682  0.30921452421693452
  0.31787178397319121  0.32658489905348237  0.33532605575419727  0.34407471571412651
  0.35331186432430817  0.36363736878902997  0.37369610986563179  0.38398875125721132
  0.39435906511285324  0.40709462207965869  0.41829709018552241  0.42841451831859684
  0.43847221085794263  0.44901647606893336  0.45892040624204766  0.46871361355224245
  0.47982746716242425  0.49069585326945231  0.50048208566412711  0.50947307894862337
  0.51837697077344469  0.52739343685637008  0.53639620644429775  0.54563435633341473
  0.55513620306211309  0.56448301640818199  0.57354493186668087  0.58297036787318313
  0.59290128743837212  0.60334858564922433  0.61322605347064718  0.62316633656055931
  0.63363013834051740  0.64496816867437612  0.65670136079756047  0.66861986895960845
  0.67986225610178286  0.69097485403355552  0.70170441509758696  0.71283497950722718
  0.72438558426776978  0.73594402326826558  0.74728646244006680  0.75825369394895736
  0.76913982931060509  0.77950267286364394  0.78974185097022731  0.80016734635742004
  0.81040314091253673  0.82025456481698145  0.83017740090610082  0.84084148287350446
  0.85189676353181243  0.86286625915879700  0.87316714608286217  0.88343713039746241
  0.89368421444103363  0.90384204084131770  0.91413967281344854  0.92435017278775533
  0.93489545095263482  0.94548081341773471  0.95618267692507586  0.96669835953717909
  0.97644307583593215  0.98504619910562463  0.99274544916318286  1.00000000000000000
  0.00000611597108822  0.00000629677606493  0.00000642425215145  0.00000660678587779
  0.00000680896029527  0.00000699505140232  0.00000717023958022  0.00000734967947374
  0.00000753364819337  0.00000771475085920  0.00000789061922294  0.00000806598320095
  0.00000824527153934  0.00000842311693190  0.00000861382409919  0.00000883219087060
  0.00000904359296396  0.00000925935604566  0.00000948207372195  0.00000971444727565
  0.00000995419145509  0.00001019892386971  0.00001047125819699  0.00001075327774556
  0.00001104052582680  0.00001133939414609  0.00001164787928553  0.00001196443018858
  0.00001228986715161  0.00001262383626285  0.00001296891424953  0.00001328946801214
  0.00001360121521178  0.00001392407337035  0.00001426454614344  0.00001462001052274
  0.00001499570668001  0.00001540440380912  0.00001582730085519  0.00001623091126173
  0.00001660117525868  0.00001696070806460  0.00001732103776517  0.00001768770309953
  0.00001806784038953  0.00001846943994612  0.00001888014857836  0.00001929703350131
  0.00001972623569191  0.00002018345113970  0.00002066862200615  0.00002116534065628
  0.00002169452937554  0.00002225480883729  0.00002284546499149  0.00002344305507830
  0.00002404558878547  0.00002480587522435  0.00002575332659472  0.00002659755810074
  0.00002764980888219  0.00002882521354380  0.00003005626165179  0.00003136524138345
  0.00003280075692133  0.00003440101743763  0.00003617699154797  0.00003809071733801
  0.00004011038719271  0.00004240819702250  0.00004497747275318  0.00004783191532585
  0.00005088186054085  0.00005428701797935  0.00005818967828288  0.00006289181454909
  0.00006912930122221  0.00007783190507028  0.00009009471983119  0.00010682412143382
  0.00012846862392553  0.00015662709261964  0.00019381567103524  0.00025144439235417
  0.00034417506629507  0.00048619404722136  0.00072399202522245  0.00114807433369390
  0.00196048460130425  0.00309755323953776  0.00501338174422412  0.00824553032327174
  0.01623691140337971  0.04163635021818791  0.38365057962640570  1.00000000000000000
  0.00000039636873421  0.00000127263609151  0.00000188724445164  0.00000240627024335
  0.00000288100894444  0.00000347672521546  0.00000413823546301  0.00000478355402953
  0.00000538317298782  0.00000597130659177  0.00000653533129993  0.00000709218675581
  0.00000765057686855  0.00000823092472852  0.00000878978916568  0.00000932431205703
  0.00000987666912436  0.00001046783186282  0.00001107739789559  0.00001171054089383
  0.00001235611453026  0.00001301382003509  0.00001364513190061  0.00001430223476744
  0.00001503864547755  0.00001576383248690  0.00001643879948872  0.00001714368874612
  0.00001786372193742  0.00001855791580122  0.00001925588692775  0.00002012192789791
  0.00002101245820275  0.00002194094393761  0.00002290804879537  0.00002391709586839
  0.00002496377919273  0.00002604076099566  0.00002711348799909  0.00002823610953710
  0.00002941390776158  0.00003063926319672  0.00003192078543019  0.00003328450179458
  0.00003470705704915  0.00003607098570585  0.00003745242890825  0.00003889523952072
  0.00004042083933494  0.00004212319524042  0.00004387831975851  0.00004569864891995
  0.00004766729427378  0.00004969726941955  0.00005198134337779  0.00005470615325667
  0.00005785101038296  0.00006127684519733  0.00006498766337410  0.00006919570349710
  0.00007402937941070  0.00007924774414719  0.00008508970687472  0.00009186265873596
  0.00009967812705928  0.00010858246068336  0.00011873462093061  0.00013018375919593
  0.00014348173485752  0.00015887386118062  0.00017631996135291  0.00019608699745741
  0.00021838536962273  0.00024425855387527  0.00027478309877963  0.00031097849986593
  0.00035517947014606  0.00041055490294085  0.00047864969463169  0.00056540769701334
  0.00068245328813299  0.00084272406661826  0.00104843600482842  0.00131295287337986
  0.00167924935259478  0.00216637635568016  0.00288734230298614  0.00384216086292955
  0.00535279760651406  0.00710129352454633  0.00871236956920610  0.01123993836461452
  0.01425879188023676  0.02862789451719061  0.13783643297775500  1.00000000000000000
 -0.00208061203008139  0.00688874836072268  0.01544772802484247  0.02364885781878357
  0.03191848976278767  0.04066561903754135  0.04976659560310227  0.05895991429850821
  0.06821937926602617  0.07747526837387443  0.08690728177806510  0.09710835047332203
  0.10818164297363633  0.11961573451219787  0.13098068347724173  0.14208287788080404
  0.15288938613970779  0.16319593759395623  0.17287777967385545  0.18273169239978693
  0.19148572689659013  0.19917175640496229  0.20699582882702469  0.21507583332005337
  0.22336308771222091  0.23222912770191639  0.24137948933530262  0.25050469759862060
  0.26321120547146420  0.27695548888736771  0.28952011805950445  0.30058034288555974
  0.31108152046798931  0.32189690962484752  0.33330732839596355  0.34451324300084013
  0.35586917254808742  0.36775562481322666  0.37959635483127718  0.39099619361016558
  0.40263027496253773  0.41382546718627916  0.42481954834102620  0.43629661645020867
  0.44903946353293384  0.46231677678751221  0.47542470059567599  0.48800352261098406
  0.50060011074777022  0.51329031165517536  0.52481125051474031  0.53616243135005559
  0.54787012254236078  0.56058875927771357  0.57381372754152926  0.58686519828971973
  0.59914201515359755  0.61062089651175910  0.62193301546418478  0.63361519476851480
  0.64619493764176006  0.65928123569603059  0.67156077711796380  0.68294356513951038
  0.69423668514853754  0.70573168930926167  0.71709846981367054  0.72830301404088560
  0.73920514179688479  0.74964819273094185  0.76020223841540879  0.77133432004948965
  0.78300987604624950  0.79495679722381918  0.80708642502039785  0.81874817331732086
  0.82977633828080388  0.84059788189462692  0.85104989435589462  0.86112634469602456
  0.86995804943989496  0.87864420507705465  0.88746121822219914  0.89609824457684850
  0.90481833427109581  0.91356177984816433  0.92233700378187011  0.93090667922935355
  0.93950647308956414  0.94839651643531542  0.95704061973886045  0.96524172881710124
  0.97303878751753636  0.98125662380341294  0.99008116640943633  1.00000000000000000
 -0.00203923877472130  0.00820334701636596  0.01848753260620677  0.02862635922251128
  0.03944771393077168  0.04969808737367184  0.06028818430790111  0.06986971288719533
  0.07954649484986601  0.08916243402900381  0.09990541439418188  0.11194488611351082
  0.12325006797686221  0.13505757511052427  0.14676315842113594  0.15712686510764901
  0.16794042875446114  0.17804294718993996  0.18770459327687686  0.19706607868120443
  0.20554700610852600  0.21484554594562041  0.22414744119471450  0.23488113028946581
  0.24695366402138633  0.25851438238908120  0.26943654683057411  0.27971198746404075
  0.29073387090255132  0.30109622773163597  0.31084617936417230  0.31987366694308478
  0.32896159671691327  0.33869576847437594  0.34877392999337992  0.35919351237589758
  0.36943777272123879  0.37969512083981305  0.39081753106079936  0.40195633019683208
  0.41292966078365761  0.42332317011559406  0.43337284332249548  0.44413619281678934
  0.45520738840543978  0.46639948256883718  0.47620070225630967  0.48685236447900365
  0.49752786448835529  0.50553386230683039  0.51380789826540085  0.52240939568225520
  0.53070078922142727  0.53906981233502316  0.54764729710445803  0.55602272741090741
  0.56614709422073128  0.57841328211228360  0.59044614744791402  0.60189920819910125
  0.61356226409916559  0.62537070140194517  0.63711007479498183  0.64875332769846272
  0.66019559695843899  0.67099397827327634  0.68134990918115101  0.69148075546558840
  0.70173603155576481  0.71229327713533896  0.72288177038596735  0.73335716662531936
  0.74364679978905690  0.75403772291034155  0.76460940437392810  0.77555719496421816
  0.78674867522336056  0.79813208398349489  0.80967758745073226  0.82126574024153620
  0.83286432286376000  0.84414021259733363  0.85469149937588984  0.86456822296664693
  0.87433288034970980  0.88449902130689084  0.89483992940205936  0.90495152819439539
  0.91519670088438099  0.92613178107739247  0.93781780971900597  0.95024433619681015
  0.96295493352200179  0.97530039458931184  0.98814867927029815  1.00000000000000000
 -0.00329801645804786  0.01154126155410830  0.02349749112414646  0.03519748240593634
  0.04666699773404467  0.05791976873745995  0.06868375768304302  0.07892781953649738
  0.08876568499520832  0.09865302267906254  0.10876011460245621  0.11874502023681228
  0.12861891448561077  0.13855705502023405  0.14960020925678003  0.16174668694699357
  0.17305895691121981  0.18435686482069572  0.19413801004902481  0.20320615154174651
  0.21219700324769708  0.22070442632853809  0.22892173088103018  0.23747714005835102
  0.24577091067701737  0.25514133154809682  0.26645412278755487  0.27744187918998403
  0.28776079184196984  0.29776571529979629  0.30776691964534814  0.31792238882324708
  0.32818279734992140  0.33886106659581522  0.34992518239002224  0.36108490336919696
  0.37189312160050925  0.38284206929287723  0.39423314210894145  0.40594228560487206
  0.41770925608476278  0.42863758003657237  0.43873038322653329  0.44838682281795178
  0.45800262641835743  0.46813981890838807  0.47845071204326234  0.48880460676896831
  0.49892690733664946  0.50926277247025642  0.52014123768211695  0.53142046281984456
  0.54280908766614711  0.55410381193824332  0.56554722914780742  0.57691202577860212
  0.58816839382721131  0.59886592781089332  0.60945831713826149  0.61969280140398575
  0.62966645503244367  0.63929291634324370  0.64914176911060184  0.65938987795322201
  0.66967378821907353  0.67896443306547505  0.68831396742508144  0.69805637201529724
  0.70849753607857602  0.71956649646138460  0.73044222961087268  0.74050059093477183
  0.75091474341883668  0.76150625322361865  0.77144341912984848  0.78138576942884674
  0.79135758812799051  0.80182812800496717  0.81214581778713901  0.82182452294648789
  0.83207113552902001  0.84329185319050570  0.85481745932885933  0.86644708990091268
  0.87853907809326237  0.89087729501658230  0.90329094516570829  0.91538518931514812
  0.92664022022827675  0.93705518419785105  0.94735924468085297  0.95757369537917691
  0.96814022394797639  0.97866355716159803  0.98913031855190980  1.00000000000000000
 -0.00263366319618468  0.01007935082394000  0.02150796661832384  0.03250879731269271
  0.04422661447177555  0.05565980734808751  0.06679628631085242  0.07767291176660959
  0.08793601397986611  0.09734367871875822  0.10649216329795311  0.11574783064793145
  0.12568349568904325  0.13590350040219124  0.14650878350730273  0.15779117738981718
  0.16904400287739757  0.18029224971646460  0.19129941697763631  0.20226905684741747
  0.21285070839336392  0.22371580405748742  0.23375762905504985  0.24353692904861760
  0.25319628408021977  0.26299582518142717  0.27384473690309979  0.28447641547236180
  0.29442889815628409  0.30419519059730032  0.31340924251607866  0.32280447428515874
  0.33268356184250347  0.34323852009131145  0.35414425568684604  0.36508184981229880
  0.37529682073119197  0.38521252156318309  0.39534812170942318  0.40513091438917848
  0.41473421968812202  0.42399020579796215  0.43363345243294060  0.44380962103542809
  0.45392688141994464  0.46403145185275124  0.47380044821124317  0.48381249175405472
  0.49431537439169165  0.50407745901017809  0.51304317854019743  0.52166806696829737
  0.53048075891757951  0.53916630786697961  0.54760813999136682  0.55609208544062694
  0.56564314906709923  0.57698750141472166  0.58849990023834287  0.59985436996674835
  0.61079355213502307  0.62162453080189428  0.63211037829669403  0.64221330554658751
  0.65261918398539842  0.66355821092324752  0.67502879231191815  0.68641473344040882
  0.69771849802072672  0.70947527002370714  0.72170444340353301  0.73360708622859394
  0.74508154797529225  0.75650960999648209  0.76769584005676728  0.77869514608370560
  0.78956165723405280  0.80043836154498593  0.81154408332490791  0.82258951755666831
  0.83316430943879793  0.84328344226210139  0.85356099519753070  0.86488273315499531
  0.87683682421523867  0.88851977706059615  0.89977763825156998  0.91094791427132693
  0.92204007782089159  0.93305492667887169  0.94390701764460450  0.95491663282862627
  0.96604979542884672  0.97748309306888204  0.98861738413913847  1.00000000000000000
 -0.00246065864954126  0.00859666085162903  0.01727204960705133  0.02567561112026551
  0.03365927159325723  0.04144591922192374  0.04969775036744012  0.05838126279711802
  0.06749616021303645  0.07719747919463778  0.08724964839804314  0.09711066705909531
  0.10653338524856698  0.11583205560956268  0.12509985144659008  0.13458708109871723
  0.14415365606189279  0.15385561787516963  0.16376222492153231  0.17401640857283943
  0.18449310280563805  0.19473010157435375  0.20472610144892625  0.21502995174789252
  0.22505120269881984  0.23475319929854249  0.24415083941305230  0.25422598778682393
  0.26525380829144196  0.27668055083198778  0.28793392340581742  0.29897199508723005
  0.31037718083340410  0.32187703053876437  0.33370490297078192  0.34593478822238705
  0.35820114621420240  0.37022149409193150  0.38220690738497387  0.39474922474249013
  0.40781093410388525  0.42136931744275474  0.43510816428730648  0.44757725439825458
  0.45881309168285889  0.46942708276130052  0.48068393695785550  0.49366331746057746
  0.50737599546454648  0.52086081499316683  0.53417286650585272  0.54726801201169539
  0.56024168995787227  0.57448642354789148  0.58789278954174451  0.60004323148064420
  0.61251651523288253  0.62495713702044386  0.63712091662275516  0.64946573973038635
  0.66237167233941008  0.67554803160311339  0.68822559985960485  0.70030906254287184
  0.71158172927360597  0.72281437929039760  0.73462522533698438  0.74664495814071097
  0.75850768016927017  0.77035837427230425  0.78305976590531234  0.79570970012058273
  0.80711111877906139  0.81728464714567484  0.82631345650016197  0.83528437955944956
  0.84474686834808288  0.85435358210759338  0.86400763752165488  0.87379989087656273
  0.88374458434841718  0.89331766674277868  0.90134140148114350  0.90877017240879043
  0.91619920704620517  0.92332056900448811  0.93042766131975940  0.93731485092157130
  0.94390985633411750  0.95052075865509933  0.95681098047829827  0.96445048770807529
  0.97339420499502460  0.98244411857377545  0.99128153844338407  1.00000000000000000
 -0.00209582372801761  0.00818589341217320  0.01740475656717344  0.02720521387792778
  0.03715986536181048  0.04658140625923152  0.05566274841948826  0.06538096655745559
  0.07519842345260423  0.08466371328604015  0.09414562539899345  0.10404569328574781
  0.11499007926493558  0.12643364940221904  0.13787512940565733  0.14939433859802156
  0.16116129826037728  0.17253216528227780  0.18393574149045017  0.19448668301133051
  0.20525266928690764  0.21537270177977508  0.22543149755268543  0.23517113764979006
  0.24528289196990688  0.25597607559089736  0.26710793218775669  0.27796763746013092
  0.28882014499333214  0.29925824519533550  0.31012335638546346  0.32118764116287257
  0.33264912337246033  0.34418389718957515  0.35522484105700786  0.36585307342249784
  0.37549620708721748  0.38500564251294073  0.39462252447142704  0.40474810012949186
  0.41610286304452215  0.42685115943723401  0.43676709111368911  0.44632141645225765
  0.45659331455360674  0.46717596045561011  0.47801196146417152  0.48841530910138986
  0.49920663410700650  0.51014189167670076  0.52135296937306641  0.53233121039275777
  0.54352735750928050  0.55520571617755632  0.56737540445921886  0.57967898245437000
  0.58949050066976783  0.59842633026888659  0.60803300398927063  0.61701527387447941
  0.62494424274572191  0.63248157814907258  0.64094523662895353  0.65155987038577412
  0.66323764128930285  0.67421841974505525  0.68459792399645969  0.69534488744066569
  0.70603902379756966  0.71576475482987678  0.72512323626489017  0.73440004258539848
  0.74399263219731193  0.75375526238048673  0.76379556278601413  0.77475451643502080
  0.78615370590329781  0.79757629402494767  0.80902411122006002  0.82063583528712525
  0.83260622839409071  0.84451197348248697  0.85585151853189134  0.86691303279046650
  0.87801519773036896  0.88905604467679866  0.89996912485809122  0.91087306217597475
  0.92171973949987751  0.93248649730020772  0.94342319278474607  0.95434432674410608
  0.96565126276971480  0.97760574342586937  0.98882108996609785  1.00000000000000000
 -0.00282960046401131  0.00992534405502707  0.02230773989907926  0.03406763213106629
  0.04518631431924511  0.05551550294810433  0.06544339020789666  0.07534395282083779
  0.08534011243831630  0.09543978852111236  0.10595331554088351  0.11709478768169400
  0.12705385789448156  0.13649736572229942  0.14545181890598247  0.15528008558862488
  0.16530887396743996  0.17484648196999530  0.18419889289265559  0.19357018135749002
  0.20291851085153512  0.21209054429366395  0.22111394362611192  0.23048645202128126
  0.24079698831838720  0.25059098813091168  0.25927392934013299  0.26783072747819830
  0.27576884295435639  0.28415008237387701  0.29272500237058147  0.30111682273339757
  0.30949987071559854  0.31844493014578601  0.32823208010985372  0.33832204350564521
  0.34873162536968516  0.35952329361527713  0.37028096920990317  0.38077109091643718
  0.39143035548931615  0.40251812032884948  0.41415315644067052  0.42573103585427785
  0.43716391410477690  0.44828623427873210  0.45879630930796761  0.46914065362114243
  0.47951343502549759  0.49032382429017934  0.50135060193127778  0.51213432455048369
  0.52273188347041832  0.53356786016928270  0.54479934311082445  0.55599290856507588
  0.56683398328759382  0.57734308982567184  0.58862605368814203  0.60009135175998751
  0.61118763430821543  0.62231102367722713  0.63367899810854156  0.64529805770458759
  0.65713714065170070  0.66916330397292212  0.68123033510977837  0.69151388789805168
  0.70239285401387852  0.71294044852740102  0.72371781687336401  0.73544908859195157
  0.74725529492255627  0.75877430036290905  0.76941666614767312  0.77961138812766162
  0.78989313847400489  0.79996761822374862  0.81010117390048220  0.82041527901577782
  0.83119943498991467  0.84203957698689480  0.85317234014361587  0.86439724620333291
  0.87575371011689829  0.88692258149568082  0.89792782198726884  0.90899882938140297
  0.92012451328097955  0.93120656195741636  0.94217229064062746  0.95296052490429084
  0.96404443398302719  0.97644438787345078  0.98783790184938203  1.00000000000000000
  0.00004368325828607  0.00037759584695099  0.00070500820589426  0.00099706073438777
  0.00125947115850090  0.00147711757328399  0.00171162338707735  0.00195278639231153
  0.00219760240575904  0.00245343602488723  0.00272168708397649  0.00300228415226792
  0.00329251847175960  0.00359819262814936  0.00391579819049016  0.00424423798539334
  0.00458240466695490  0.00493252155093112  0.00529261448897267  0.00566419609461290
  0.00604713039713026  0.00644399968330759  0.00686176761481761  0.00728209954068980
  0.00770394170558584  0.00813981217184956  0.00858926260081194  0.00904514092045053
  0.00952830352099427  0.01005498612780210  0.01059127474503452  0.01114297918187188
  0.01170638503322128  0.01228627718638458  0.01285828199839821  0.01342590278774700
  0.01398327325163246  0.01454004564865529  0.01511194584890644  0.01573839781262139
  0.01640005683185667  0.01704922153321787  0.01771374017734809  0.01839832810141912
  0.01910591445407872  0.01985990871156827  0.02064180073725203  0.02140693409522955
  0.02214457601277852  0.02290352140067304  0.02366590947537978  0.02446908279820832
  0.02531448427386425  0.02622983401932626  0.02719755603102952  0.02817237735944808
  0.02899974475736707  0.02977410314643176  0.03061120548102317  0.03154789362999862
  0.03256825210987704  0.03368314270852179  0.03466911507724291  0.03555610497731064
  0.03648739659732716  0.03752815957762801  0.03902184112752004  0.04041491564563972
  0.04186326918798481  0.04326672545501661  0.04459120795578389  0.04580179277337678
  0.04711766452757368  0.04874106066628858  0.05035563976108411  0.05189302344261215
  0.05348148009615908  0.05550164193004271  0.05807427955859301  0.06057465979479034
  0.06308896661188138  0.06610016061780544  0.06933337378074014  0.07242354394539305
  0.07502114922749660  0.07746676829898594  0.07954008002369270  0.08214392054056206
  0.08707502427841002  0.09437682410828428  0.10416572900829754  0.12242847947403886
  0.14306515408721493  0.15478745124646984  0.73845033185559839  1.00000000000000000
 -0.00219232026928020  0.00855427590447836  0.01812320770401942  0.02701101914066135
  0.03616462301825998  0.04441537672060191  0.05305936365305741  0.06174135823692904
  0.06942333571794149  0.07729095869978070  0.08501012238838240  0.09272021303372813
  0.10065618248406676  0.10870679604892639  0.11668544560965662  0.12446812030674891
  0.13259534803051576  0.14064202584898391  0.14860415506852587  0.15714066589932241
  0.16648762664661951  0.17623760300617297  0.18601634455781380  0.19618370858833295
  0.20668655246889042  0.21753374479787058  0.22877556479572642  0.23989440525787228
  0.25095204645414820  0.26185866965876237  0.27273479131840761  0.28269441670495155
  0.29258350357803226  0.30275551481292040  0.31394449232810667  0.32471716129989758
  0.33483396978167929  0.34470988442881312  0.35506859672515706  0.36705368279265832
  0.37953013943698838  0.39196180424702215  0.40440338739898407  0.41725099298709617
  0.43083405628445642  0.44453181254128604  0.45889363916085940  0.47319596856079371
  0.48833350731174141  0.50354743291892656  0.51828192725971844  0.53197993105351515
  0.54581311568872015  0.55994182704919471  0.57362788050273350  0.58659348175567205
  0.59922259973931091  0.61158428289420375  0.62348823939223685  0.63509257706951883
  0.64684230387742780  0.65852830090131143  0.66883852157149792  0.67818261713433203
  0.68773808395244196  0.69784810755046922  0.70870711008903331  0.71981399095979737
  0.73063129383263403  0.74058420682783399  0.75030769994740065  0.76067910564370345
  0.77166165410695609  0.78278422013850346  0.79340920961157346  0.80374834359255964
  0.81403067202551604  0.82448817965699828  0.83555512058947834  0.84701797479940877
  0.85856112010000207  0.86970381489400339  0.88002402422332338  0.88941501312610272
  0.89786097203695803  0.90608895270150702  0.91482818312010139  0.92382188598052128
  0.93278674001994499  0.94173182058020344  0.95083529211362405  0.96022791903475124
  0.96988887813170088  0.97978302444666410  0.98977199206554489  1.00000000000000000
 -0.03558780932869285  0.57822130384127479  0.65212649680882184  0.69464302142355583
  0.72443929484377001  0.74568878141647754  0.76320024275659504  0.77837357526989770
  0.79134794718280788  0.80262324666619356  0.81256518126189725  0.82159989306198744
  0.82984993703387133  0.83720565068848907  0.84383459243039804  0.85030000605512490
  0.85637866733916701  0.86211422774556434  0.86759775338764267  0.87273075413160317
  0.87746811041371309  0.88178625362292018  0.88599020635212122  0.88971087006096561
  0.89329614427512072  0.89672052898589083  0.89998292728721230  0.90325394108948387
  0.90642070605425240  0.90935967930885886  0.91217494930362464  0.91490327183546272
  0.91739301103832693  0.91979097226611872  0.92214359541493629  0.92450373609843395
  0.92681945871615501  0.92910456412667219  0.93131037829954144  0.93348548477801385
  0.93565416080902908  0.93766809847502064  0.93954699175113587  0.94137261626135138
  0.94306622616830371  0.94468062669481923  0.94623826930015864  0.94766464653769866
  0.94907786147326356  0.95049823746904860  0.95195488432123943  0.95346763865094275
  0.95495923927057380  0.95639360351350544  0.95775144610040097  0.95902630548169698
  0.96022791025797216  0.96136474181492593  0.96250317365681426  0.96367278536410461
  0.96481729803464888  0.96597429321290718  0.96711573708341292  0.96824787831715464
  0.96933793057249096  0.97037940827314995  0.97141931356312328  0.97244274283076837
  0.97340936913852161  0.97438814447835009  0.97538715285472288  0.97639356304489167
  0.97740489409155962  0.97839708394368274  0.97932992286084330  0.98023828277220715
  0.98113405732210446  0.98203564813720257  0.98294224681645348  0.98384541256668379
  0.98474372173857372  0.98563017386767326  0.98644855348934013  0.98729175558560411
  0.98814196857379888  0.98898421296907990  0.98986206453270420  0.99074015307078889
  0.99165619386472592  0.99260240820467305  0.99352235793960553  0.99444098049035190
  0.99543109524522455  0.99651480441147444  0.99799139961609251  1.00000000000000000
 -0.02177146764400540  0.10549964052349514  0.14363500614145666  0.16921107145687275
  0.18877433568823193  0.20482380130916275  0.21809695696631379  0.22981336222974627
  0.24047702179115599  0.25069935953137368  0.26016634192380916  0.26894792403695850
  0.27721920113536702  0.28516878743836649  0.29311315756559825  0.30101490988824675
  0.30876083864706610  0.31642915380748399  0.32402651575201480  0.33175920453579505
  0.33921297833799052  0.34595603731008295  0.35295495287382933  0.35819286492262725
  0.36324093956944031  0.36815922668713630  0.37346031725531414  0.37908280528241584
  0.38465713464493340  0.38993042120677818  0.39514908611964639  0.40027880514728376
  0.40519810125228634  0.41001835013574078  0.41507670383024053  0.42095591588956038
  0.42721691449057542  0.43326363254408351  0.43911944840759864  0.44492281501222614
  0.45061375163405126  0.45616631094583510  0.46165794164376517  0.46710915308952478
  0.47256889547026759  0.47805161807749819  0.48383164358315489  0.48977729627144695
  0.49576218928638643  0.50139599923186373  0.50670641814762085  0.51200664794012385
  0.51749166892839993  0.52332231958116737  0.52934223152243609  0.53515567448204926
  0.54057036568186534  0.54574237723828689  0.55088992154296468  0.55600099382122092
  0.56089457609866589  0.56588086736057219  0.57088927073512308  0.57614109748811726
  0.58184096245623362  0.58787618330658487  0.59391863796129740  0.60012274261410881
  0.60660508483135434  0.61368875527935485  0.62085631483196424  0.62803839949791218
  0.63489661514220119  0.64151907980925182  0.64807242971186185  0.65496052222669587
  0.66221631155348148  0.66982068482724832  0.67775377169488049  0.68572487992678877
  0.69381075113450374  0.70192659658350676  0.70993049789775431  0.71819541511930285
  0.72756119217313442  0.73806088637951617  0.74932327272453103  0.76088666902518576
  0.77287130066506071  0.78605092410574551  0.80035900578045005  0.81585436659465971
  0.83349073591365486  0.85480377025022969  0.89160847756169481  1.00000000000000000
   1.5889832209653583E-012  -1.0000000000000000     
 F F F F F F F F F F F F F F F F F F F F F F F F F F F F F F F F F F F F F F F F F F F F F F F F F F F F F F F F F F F F F F F F F F F F F F F F F F F F F F F F F F F F F F F F F F F F F F F F F F F F F F F F F F F F F F F F F F F F F F F F F F F F F F F F F F F F F F F F F F F F F F F F F F F F F F F F F F F F F F F F F F F F F F F F F F F F F F F F F F F F F F F F F F F F F F F F F F F F F F F F F F F F F F F F F F F F F F F F F F F F F F F F F F F F F F F F F F F F F F F F F F F F F F F F F F F F F F F F F F F F F F F F F F F F F F F F F F F F F F F F F F F F F F F F F F F F F F F F F F F F F F F F F F F F F F F F F F F F F F F F F F F F F F F F F F F F F F F F F F F F F F F F F F F F F F F F F F F F F F F F F F F F F F F F F F F F F F F F F F F F F F F F F F F F F F F F F F F F F F F F F F F F F F F F F F F F F F F F F F F F F F F F F F F F F F F F F F F F F F F F F F F F F F F F F F F F F F F F F F F F F F F F F F F F F F F F F F F F F F F F F F F F F F F F F F F F F F F F F F F F F F F F F F F F F F F F
  <DiscreteSampler_grid>
  grouped_processes
  1 # 1 for a reference and 2 for a running grid.
  10 # Attribute 'min_bin_probing_points' of the grid.
  1 # Attribute 'grid_mode' of the grid. 1=='default',2=='initialization'
  0.0000000000000000 # Attribute 'small_contrib_threshold' of the grid.
  0.5000000000000000 # Attribute 'damping_power' of the grid.
 # binID   n_entries weight   weight_sqr   abs_weight
    10   10   3.824064157913790E+001   1.266984877251759E+004   3.824064157913790E+001
    16   10   3.795935806141584E+001   1.247815075596554E+004   3.795935806141584E+001
  </DiscreteSampler_grid>
