  0.00218245052229549  0.01625441482388966  0.03035138291202536  0.04332524570764686
  0.05490871474764800  0.06704793992492029  0.07920439822269447  0.09113474606746337
  0.10274941075445185  0.11488353120934180  0.12702057912074466  0.13918051612724608
  0.15126826762560860  0.16336125040066837  0.17513828827424580  0.18574036866916538
  0.19567375888890379  0.20520769586834711  0.21596432987216485  0.22707737098014250
  0.23966776130523271  0.25114793185438145  0.26175258839266285  0.27309189723687788
  0.28192828278393689  0.29022879996442830  0.29840373322707942  0.30777189921009579
  0.31841564432420844  0.32901986522576171  0.34008652624585128  0.35123746079941059
  0.36085805019247363  0.36985335723283908  0.37928283897090814  0.38870303926103505
  0.39769302813719942  0.40654817391358661  0.41590047434145383  0.42678289966635713
  0.43841936970841305  0.44976376361064485  0.46112312129611993  0.47240741407474934
  0.48310327363786942  0.49299587917276799  0.50263293259731257  0.51225179724623360
  0.52210808530261099  0.53254297392409655  0.54327301715567211  0.55415796697889619
  0.56519455567631427  0.57634017937671067  0.58734299338836948  0.59808015488128630
  0.60840600621991536  0.61820024898479342  0.62765258615000663  0.63715820085497610
  0.64702783350349746  0.65716827312511061  0.66755195701380354  0.67814705016158183
  0.68889002228230589  0.69936992099729511  0.70933536649994366  0.71848033349412199
  0.72700027930743216  0.73530428468940667  0.74376155306432656  0.75286510013503716
  0.76249484350900243  0.77253530639164525  0.78288860347075884  0.79346551783158836
  0.80441791727486234  0.81637729237038847  0.82842943980424488  0.84026375092716243
  0.85143824135560764  0.86208551313981652  0.87241314301809569  0.88212983704106818
  0.89150628485737116  0.90095936546310051  0.91079028397549500  0.92100263014630701
  0.93117631219746122  0.94134606466122250  0.95164192157143312  0.96187197375288103
  0.97192485088170832  0.98156454568471296  0.99098556887938383  1.00000000000000000
  0.00973684608669750  0.01575779784033766  0.02561257453453352  0.03593314604635517
  0.04649639813542523  0.05772368668667592  0.06912480275124359  0.08007540716268277
  0.09071626293613448  0.10106980667611615  0.11095966076429256  0.12077732300416368
  0.13038508196236828  0.13984783980368848  0.14929883247154285  0.15925587737879082
  0.16997395599131115  0.18191823297429519  0.19384122646364388  0.20558167750832124
  0.21687821265347076  0.22817320347560274  0.23949938089742440  0.25111795470443765
  0.26265380086910500  0.27358745859631278  0.28378844849358431  0.29386879603333244
  0.30387394779259008  0.31490073877304464  0.32631610785469395  0.33711352085782392
  0.34750879820067376  0.35824189390939692  0.36900453147571977  0.37882262134859290
  0.38774463719699348  0.39670523512539496  0.40581652060703755  0.41491476221683615
  0.42412974022179128  0.43344333970646509  0.44412752184793758  0.45519918032788637
  0.46616610824438159  0.47733380336667047  0.48833452488332074  0.49952324841076823
  0.51063410443886936  0.52225570617535710  0.53418864326934212  0.54581979941083680
  0.55685087354959484  0.56770775864498546  0.57815426062506314  0.58810583351732670
  0.59796526426391461  0.60798684849646689  0.61808296729227197  0.62788388180262600
  0.63782816453209668  0.64790812928125741  0.65790604807982755  0.66768904937994489
  0.67723003130957937  0.68738374730904273  0.69825160248668816  0.70913282736512118
  0.72036643566634229  0.73126507311949285  0.74181287577949062  0.75281154798058203
  0.76404111078494874  0.77507397174087267  0.78547758069704943  0.79460443336465159
  0.80451384213915245  0.81419944522369780  0.82429355841142538  0.83430587232154563
  0.84452628274161534  0.85460502375118630  0.86494717846522584  0.87587403811413167
  0.88703829862620165  0.89836034842707835  0.90857481124755812  0.91910097926187784
  0.92975442474141801  0.94050659771206246  0.95189963900646024  0.96278150422822084
  0.97268722578222844  0.98260069678307116  0.99122567197032996  1.00000000000000000
  0.00101677293999426  0.02096911544300019  0.03731793695437907  0.05167796818018078
  0.06540722399566672  0.07912440889528352  0.09196798998248781  0.10425104720268366
  0.11667757319433593  0.12870849788264893  0.14022072547894862  0.15099418069884210
  0.16114382363158999  0.17146389465243853  0.18215377606466723  0.19318549459506179
  0.20398374104825223  0.21492880088737296  0.22590582586300836  0.23649725737310143
  0.24661905116351307  0.25710913525934187  0.26797606213215841  0.27922328649300393
  0.29064472456804702  0.30179730885307848  0.31270885059981135  0.32338605885218030
  0.33424887026250849  0.34506659693193970  0.35570444179836991  0.36624373188260334
  0.37616937450705540  0.38606027591688047  0.39618535473208594  0.40756118360687327
  0.41962146862903132  0.43112922670039328  0.44103486892021476  0.44897387259204441
  0.45735037183348265  0.46600395262250849  0.47510612376272904  0.48402235811689842
  0.49267322275449205  0.50222289934894504  0.51317358886402020  0.52444372530919336
  0.53572853877380944  0.54694696501571072  0.55829185678727922  0.56963926371862517
  0.58076810013907154  0.59160935284635163  0.60190085349791089  0.61169197515030638
  0.62107539890381769  0.63047367424159395  0.63995801169344846  0.65029482983455111
  0.66058861528852308  0.67146992844768161  0.68319861230650525  0.69502872098007884
  0.70627557432655641  0.71698948058924383  0.72749050204064891  0.73831133267881432
  0.74944909258191150  0.76076358531329147  0.77184262490274647  0.78226558054939421
  0.79255591619316701  0.80331170788097539  0.81418888002308087  0.82415004714349949
  0.83336200889164880  0.84267656301038107  0.85231310696898577  0.86200233565973505
  0.87190572960484780  0.88265751295582684  0.89322971140428908  0.90275076567668178
  0.91200575256584193  0.92153568853844281  0.93064733710989167  0.93934873743890901
  0.94781784503913624  0.95621859323762526  0.96484832966810363  0.97321167661305907
  0.98118894307752713  0.98780432117896266  0.99403072818143745  1.00000000000000000
  0.00000272011549934  0.00000280398079835  0.00000287711967671  0.00000296072985194
  0.00000305009980296  0.00000316392032829  0.00000331362788263  0.00000347978440936
  0.00000361373266331  0.00000373662517164  0.00000385929631590  0.00000398480603153
  0.00000410742312156  0.00000423452979806  0.00000440034422167  0.00000452755490066
  0.00000466893828765  0.00000484115659213  0.00000500833691459  0.00000516421940153
  0.00000532353074302  0.00000549983202332  0.00000569097016799  0.00000590076068085
  0.00000611555897251  0.00000632639068998  0.00000653695965009  0.00000675019513197
  0.00000695714085175  0.00000715658329646  0.00000735534157796  0.00000756044578148
  0.00000779247414979  0.00000803625330434  0.00000826359283969  0.00000849469415092
  0.00000874619633051  0.00000901866229033  0.00000929377182715  0.00000957938514786
  0.00000988212005342  0.00001018092640872  0.00001047055294871  0.00001076741329335
  0.00001106625927659  0.00001136004206286  0.00001165316009306  0.00001195632049073
  0.00001226956317449  0.00001258494396817  0.00001291573535813  0.00001326322521997
  0.00001361922342231  0.00001400066392099  0.00001443271850314  0.00001492773688162
  0.00001547017032449  0.00001604189147567  0.00001665346482795  0.00001725221930126
  0.00001787262507837  0.00001851855528207  0.00001923999282349  0.00002001809900286
  0.00002079561383535  0.00002158804601646  0.00002246390923867  0.00002339053515394
  0.00002436956515840  0.00002544746873338  0.00002664965936757  0.00002797822094765
  0.00002940017233233  0.00003094684219668  0.00003268230514943  0.00003459083353028
  0.00003674026548833  0.00003923711453021  0.00004208413669401  0.00004528288587913
  0.00004897415416103  0.00005317091091935  0.00005818740962972  0.00006434109133825
  0.00007222040466017  0.00008336754441901  0.00009933065303777  0.00012251926637717
  0.00015817192706407  0.00021179343645129  0.00031225905374086  0.00053168571813565
  0.00109934671759890  0.00335800799992226  0.47837443176444705  1.00000000000000000
  0.00000028069542926  0.00000081085280946  0.00000125634560458  0.00000177844927191
  0.00000235652591406  0.00000290726320715  0.00000343245910153  0.00000395524387496
  0.00000446791436674  0.00000496026086421  0.00000543196151055  0.00000589755777292
  0.00000638591612318  0.00000686736935782  0.00000734893044279  0.00000783052943928
  0.00000837242483998  0.00000894472005795  0.00000954259246476  0.00001014145630233
  0.00001072422395242  0.00001127558825685  0.00001183513299242  0.00001240490663073
  0.00001295730150833  0.00001352708762130  0.00001411363118850  0.00001469846688213
  0.00001530636158758  0.00001593319518238  0.00001659249915617  0.00001725830381276
  0.00001791492021263  0.00001856685801655  0.00001922505750109  0.00001992260620264
  0.00002070259891377  0.00002154837764004  0.00002242949101196  0.00002330926517045
  0.00002417692406012  0.00002505388821835  0.00002595890234060  0.00002683339310159
  0.00002764344637728  0.00002861287182772  0.00002958994714318  0.00003060582826384
  0.00003185245875494  0.00003311648756737  0.00003437996256705  0.00003565529706146
  0.00003696581963708  0.00003834063261979  0.00003978821094568  0.00004131932631551
  0.00004293198041421  0.00004460154508466  0.00004640195718034  0.00004833384585358
  0.00005040833435295  0.00005265056645341  0.00005506720553873  0.00005767255630346
  0.00006062285069499  0.00006391362105576  0.00006740716682426  0.00007119391057012
  0.00007567871513545  0.00008074047979893  0.00008681837461803  0.00009383547978989
  0.00010178928028235  0.00011088004590368  0.00012105430183802  0.00013216272847335
  0.00014382964544413  0.00015630726280290  0.00017011593959000  0.00018557694643289
  0.00020396277958182  0.00022677243257994  0.00025336133232168  0.00028444236198049
  0.00032127979860148  0.00036701427915891  0.00042767333822027  0.00050933474050273
  0.00062047353211476  0.00078540997679321  0.00104064475675303  0.00153772147222919
  0.00252328784139926  0.00612093360032182  0.13258331684853947  1.00000000000000000
 -0.00193197060427513  0.00682414792446259  0.01535899903961990  0.02361083732084257
  0.03229174279601887  0.04101228763410525  0.04929396586138909  0.05737068870826985
  0.06567481659252351  0.07412673039138616  0.08278891980693752  0.09183897799631438
  0.10154690182870645  0.11188379325319546  0.12254143003244822  0.13322491935685432
  0.14370436891201990  0.15391473686484225  0.16389047868464837  0.17441449673331463
  0.18477847121299659  0.19523821003585018  0.20595205244986703  0.21741111941838326
  0.22949317751832640  0.24156739054971235  0.25310156335259132  0.26445062467849956
  0.27646453531292692  0.28843056819521690  0.29999491167683179  0.31056420610174928
  0.32048151786401080  0.33050083998195767  0.34167117725185886  0.35378252591028575
  0.36646735255322821  0.37967043820895335  0.39330238056788752  0.40662835105380768
  0.41909737608513992  0.43124200640014076  0.44372646358531148  0.45636533663211498
  0.46916815734797007  0.48290818296613836  0.49672785388422175  0.50826025823498600
  0.51897399051010085  0.52943006649449342  0.53994730842222738  0.55065102790657083
  0.56101769808453938  0.57186554159492820  0.58331267722398827  0.59521193959931906
  0.60818474396693845  0.62065698771196476  0.63205256748033045  0.64300653023997967
  0.65412998201406025  0.66598287660488276  0.67727254214099519  0.68852307335170393
  0.69975347120682108  0.71133025107095027  0.72271570952682507  0.73391391592357857
  0.74519232275743230  0.75645159489066927  0.76757319074872710  0.77849115731261909
  0.78941350501108798  0.80041404644067127  0.81123973407273620  0.82131661616002627
  0.83072131790315462  0.83993125194711760  0.84932057402070738  0.85903858270001388
  0.86864650020460588  0.87804163802299828  0.88742543547566655  0.89680756535330908
  0.90620141949820288  0.91555828637887526  0.92488056628444826  0.93406532745300297
  0.94287358075148919  0.95141513495878038  0.95997828240953609  0.96836907022438912
  0.97672337805077203  0.98451422853762993  0.99223339573063452  1.00000000000000000
 -0.00232569843313246  0.00917682346371378  0.02033683765108187  0.03064026498095134
  0.04132010245962179  0.05104676663517246  0.06135683148680256  0.07136380572204781
  0.08133248492767277  0.09136615051512614  0.10140517323325160  0.11206199008686843
  0.12316361807762670  0.13372209380026043  0.14289746447279958  0.15194768394793381
  0.16159989930469301  0.17286089861726156  0.18551630021813978  0.19833630194132984
  0.20983391373022842  0.21986597740417818  0.22954030585877752  0.23922570391342171
  0.24906566982963216  0.25903538562173462  0.26938130885221173  0.28113889461253588
  0.29326709604416307  0.30502349891652702  0.31564306391992120  0.32553234492703387
  0.33523526755623823  0.34488626076033679  0.35438947728672199  0.36409209008630788
  0.37402174899261975  0.38413063531729646  0.39419124725531440  0.40455656689178104
  0.41544146084179145  0.42662162835838696  0.43763165844471130  0.44759913391814971
  0.45771650083802035  0.46812202140794118  0.47855042705265766  0.48887118922820094
  0.49939487579448155  0.51016812331645511  0.52117279604566036  0.53235810156003105
  0.54376824226204112  0.55519874522367996  0.56660704039260390  0.57834779113791979
  0.58888162164681757  0.59828819419419854  0.60763399210508229  0.61744688606180120
  0.62735909410267243  0.63720939340912841  0.64758329593293162  0.65934161225817856
  0.67092153713619707  0.68152690448240139  0.69156106142810514  0.70127289167397622
  0.71147708031629053  0.72238153978362585  0.73368937343001439  0.74481295429279015
  0.75630844620685844  0.76761087439007425  0.77844423284026054  0.78858075614565137
  0.79863372038499014  0.80851901494130063  0.81838368664649264  0.82784088104652087
  0.83816404273632339  0.84810555355926676  0.85793917510565232  0.86784438711301004
  0.87836912245362064  0.88989719393765732  0.90153893751453096  0.91263021490583618
  0.92355198212935652  0.93419011884813619  0.94491839231194874  0.95582611158573061
  0.96699928309622296  0.97813967124010437  0.98895386917035333  1.00000000000000000
 -0.00235978062334365  0.00885465233317991  0.01921588915356530  0.02997598024097898
  0.04008302090992725  0.04947182770490829  0.05871490916335335  0.06807135187941378
  0.07746870798629038  0.08686421816009682  0.09637717591034904  0.10563520573946546
  0.11486655200931391  0.12454829306979992  0.13456564043905955  0.14464032057459747
  0.15497596370098859  0.16555606531270631  0.17645793275984281  0.18777305485543802
  0.19930856398611813  0.21056801988650542  0.22147076486432957  0.23128496483473585
  0.24060101620791025  0.25037254183472346  0.26063574571919473  0.27043784442427055
  0.27992515365557818  0.28980323828059923  0.30099972225784072  0.31335798616144911
  0.32602870326611416  0.33828942434489945  0.35015933542715105  0.36146386989882295
  0.37262629596759916  0.38396518357143339  0.39433219098140848  0.40452433125124759
  0.41441612650974896  0.42535704980354777  0.43680177443239060  0.44798981238866081
  0.45952565544624702  0.47015858539841315  0.47981540203179818  0.48946082280751529
  0.49869559429961297  0.50828267198146382  0.51841019741250927  0.52918353465328505
  0.54058746250857137  0.55185338404124529  0.56282509368054312  0.57391027680574525
  0.58507938068299081  0.59518764817896952  0.60468538720903098  0.61414898527915407
  0.62407423534136575  0.63510641474903062  0.64688178726564893  0.65892702669876946
  0.67027570590630348  0.68123905843852395  0.69236349591186108  0.70325445879925386
  0.71369323775014826  0.72365738927566037  0.73362695794602251  0.74377540961971722
  0.75450900046753389  0.76572053895413328  0.77670913535222375  0.78780283863457956
  0.79724876772805520  0.80647103138642939  0.81557874434975564  0.82516979208485386
  0.83631659652411516  0.84690589921167625  0.85695098726404884  0.86677986458376521
  0.87666328174480235  0.88727329304674774  0.89771068216307681  0.90786522950828441
  0.91830554441478041  0.92940281078144427  0.94062381647058602  0.95177828472238335
  0.96326997292739336  0.97523837024874704  0.98761065488865429  1.00000000000000000
 -0.00219475582908149  0.00849025004528349  0.01934866936758444  0.02989531976713915
  0.04108234836286725  0.05150651876497003  0.06230401112458450  0.07310099790251198
  0.08418969746103859  0.09478170767208179  0.10470919583335792  0.11519659835902366
  0.12592333141831996  0.13791873380706743  0.14956528672035513  0.16079090602195173
  0.17170596196910082  0.18195481010164682  0.19227310290198266  0.20321882296685617
  0.21442762373611182  0.22595026477274235  0.23684348995663493  0.24745841144655994
  0.25742507941209014  0.26729391249327500  0.27711481588929560  0.28659390713004890
  0.29603173911710390  0.30543876306857409  0.31558105212948345  0.32580855690514166
  0.33695085963243609  0.34888797775847580  0.36097738057734163  0.37277119396877567
  0.38356698470527156  0.39414045884283033  0.40473796412576191  0.41604680404186095
  0.42782156863403259  0.43944954033034139  0.45109626607270825  0.46319208969605213
  0.47596112896781417  0.48911247250512929  0.50131546433200835  0.51140442959584975
  0.52087377271788515  0.53078509222164982  0.54098249718561053  0.55122017146491897
  0.56145552643426855  0.57158731345068259  0.58147550445642537  0.59106520339268820
  0.60067497485592491  0.61031322339482186  0.61946842334538488  0.62866877329658755
  0.63757541690237240  0.64644134519002294  0.65583400207460807  0.66537536673924891
  0.67557929029436603  0.68597917248371076  0.69694725390122225  0.70763342176926713
  0.71819577733520656  0.72897519185603366  0.74023262419650981  0.75144831504293463
  0.76236162687196796  0.77298635471074728  0.78374604319845609  0.79435690070001019
  0.80445316568912906  0.81449949914281505  0.82436774657860856  0.83430789189490684
  0.84385038058386641  0.85368688927774317  0.86371106263745590  0.87415011037245005
  0.88459205728706647  0.89550829092901385  0.90697615327114900  0.91828953554021175
  0.92889534316326194  0.93954465043291158  0.95058134516707304  0.96054941554035289
  0.96980184506023992  0.97919781598590172  0.98966366685922391  1.00000000000000000
 -0.00174700407155647  0.00696781088997223  0.01496397787495191  0.02260657990731274
  0.03002262169026795  0.03745727888653020  0.04521615133273536  0.05348508015044311
  0.06074613410075455  0.06829563047871071  0.07574523090141681  0.08486508164256158
  0.09504982482788241  0.10536906809537597  0.11568074505052264  0.12662238240682949
  0.13747786203875603  0.14794352218439222  0.15793640404081885  0.16800955670962323
  0.17829997034575473  0.18900638846350964  0.19920412234429877  0.20953440379232019
  0.22041185754312412  0.23121794731885970  0.24195227623826357  0.25292942799350082
  0.26413669981182741  0.27552977386103245  0.28660694120906144  0.29703448561344242
  0.30722481488372455  0.31717011179625748  0.32815936589482625  0.34003366418295494
  0.35231153178514396  0.36547872456553387  0.37947118678415143  0.39361515830063870
  0.40676607754120708  0.41952622775028364  0.43177836861672036  0.44408303274624655
  0.45695555484911582  0.47074862617058216  0.48443252785525254  0.49736329261707907
  0.50987011360474843  0.52190273902087447  0.53393396023738338  0.54671006300238956
  0.56068150770959990  0.57378431781662986  0.58584446872668494  0.59671024312198018
  0.60792919714433613  0.61938350948184662  0.63025715631983581  0.64039561127659839
  0.65110018987094098  0.66271956621877881  0.67505726654633447  0.68738806074477277
  0.69954711230556488  0.71164848550057369  0.72363043993496812  0.73516478066788771
  0.74611944902048899  0.75689051234324933  0.76756643715865580  0.77810691442437541
  0.78867589710054387  0.79934525312761873  0.80979704241728379  0.81985225567368347
  0.82956425211260232  0.83950010248626616  0.84988217696310320  0.85982470625470842
  0.86944610862946681  0.87907846201763640  0.88845813477334679  0.89771596336349524
  0.90688300897590934  0.91625091019514482  0.92579593962694384  0.93504427380556077
  0.94349357659700306  0.95124098365293708  0.95961275976604632  0.96776534173997597
  0.97554291011076955  0.98356209396226735  0.99153293407689602  1.00000000000000000
 -0.00205425836273747  0.00879863631030492  0.01807635977098090  0.02857700284329762
  0.03861944717555042  0.04860195038855136  0.05870359826522750  0.06894606747739773
  0.07956588959586718  0.08994751072548730  0.10042786357896331  0.11161567262974624
  0.12299552876001527  0.13359417350225911  0.14343429210231157  0.15338263759650045
  0.16386838976986429  0.17512232186626167  0.18730510149038684  0.19762509296276809
  0.20788396840903758  0.21781378671774618  0.22832683740917509  0.23842052414941489
  0.24843964116922632  0.25837090227324733  0.26827357040952882  0.27827666993095035
  0.28797819593343937  0.29779313334512691  0.30797089696417929  0.31848671390604089
  0.32926111473078090  0.33997840392500223  0.35058650562049565  0.36111162126357887
  0.37151347759787529  0.38177550029872903  0.39190787748112110  0.40200281240553376
  0.41215440427033939  0.42252473742625984  0.43318306964232678  0.44423569730412332
  0.45539129029224062  0.46631281670259128  0.47707267932994812  0.48778445993857344
  0.49849406114011224  0.50910554506322436  0.51996836537410962  0.53122160641023208
  0.54287711886447854  0.55459943390281652  0.56627986178307588  0.57810196231203104
  0.58899255469049028  0.59909634416809776  0.60915527950566140  0.61985278207698247
  0.63055684609796447  0.64057460587309567  0.65002246010253817  0.65976684141190622
  0.66965723003825306  0.67973719816256650  0.68968609813666004  0.70007414595108042
  0.71078477461263601  0.72189701226143399  0.73344236418889397  0.74506965046636109
  0.75676979435797675  0.76841802317260277  0.77962485291804329  0.79109761664064415
  0.80261924250327976  0.81403093791185510  0.82479447369333769  0.83547898292199996
  0.84652879675426074  0.85768728309840048  0.86857204522125897  0.87876981327684167
  0.88871724591005774  0.89804638357687383  0.90709346112608913  0.91644836535652585
  0.92641524414429510  0.93634642698344450  0.94577545441258770  0.95585247929573147
  0.96661216789741844  0.97788848055705124  0.98863970545186708  1.00000000000000000
 -0.00275802828156297  0.00963082767389176  0.02018532948850793  0.03086963886654922
  0.04126016324264754  0.05297261862087313  0.06430386429129253  0.07494107412623889
  0.08468847159922044  0.09360650166709671  0.10303924685004388  0.11289014112624501
  0.12293928446996792  0.13302256992112366  0.14341719073196174  0.15402851485541069
  0.16447023520644405  0.17449728282334570  0.18470887812157200  0.19541840916171346
  0.20682719046835035  0.21844779884415186  0.22892873311292511  0.23888550383085727
  0.24862268057715367  0.25869407769879244  0.26924954119300143  0.28097701322748225
  0.29310474243286144  0.30548084043720430  0.31746874046330054  0.32926207258596946
  0.34052138220177414  0.35171660476585970  0.36294504897209467  0.37405845386071340
  0.38472719994370269  0.39546768887986561  0.40622669195340205  0.41710594438061060
  0.42796369025785364  0.43854989706731168  0.44808897445984164  0.45798545080100628
  0.46779571026598049  0.47806519553075599  0.48809113326060594  0.49768689300635915
  0.50692678742162900  0.51618231779846113  0.52556482862559173  0.53550976575736675
  0.54597543656249792  0.55706103237420201  0.56843565192228585  0.57957612608404607
  0.59054874126912449  0.60096161998024822  0.61144603493738336  0.62263744180419844
  0.63448889354712301  0.64654305295269510  0.65822984176750543  0.66914319815597700
  0.67919295114494138  0.68936617039434067  0.69938271804424568  0.70952842640082348
  0.71902200295536656  0.72904394980930354  0.74006380758435530  0.75087046204388108
  0.76165843926744392  0.77205316318540229  0.78359824481753260  0.79424495298144504
  0.80479222891629576  0.81564626989327293  0.82676726778665333  0.83693661406755171
  0.84626152351449035  0.85597669123051390  0.86574822751093239  0.87683154410223774
  0.88781883386809557  0.89865194071512355  0.90906143680995777  0.91958350640291286
  0.92976837387993050  0.93959646339336989  0.94980875339391369  0.96017470447874698
  0.97060316365408028  0.98075032220181879  0.99022296115620390  1.00000000000000000
  0.00010401593709814  0.00027124613997627  0.00045005384999329  0.00066599351963864
  0.00084966164375272  0.00099945609313462  0.00115837462600414  0.00132017570798715
  0.00147250481214398  0.00162983940902276  0.00179229118681780  0.00196629672787053
  0.00214397047173415  0.00232445966325524  0.00250740525620799  0.00269621648661189
  0.00289013729681087  0.00309066612269113  0.00330622564330072  0.00352816165410873
  0.00375336690141830  0.00398142186012408  0.00421410146706193  0.00445361095985329
  0.00469791017790219  0.00495340588214974  0.00522261537678557  0.00549639126909379
  0.00577713313897317  0.00607243321159157  0.00637021192728642  0.00667077715595096
  0.00697721089646843  0.00728270162507775  0.00757896953140315  0.00789288229411680
  0.00822144558331428  0.00855521272450306  0.00889926208371649  0.00925315635502820
  0.00961279284330105  0.00997680175889865  0.01033810415378785  0.01071589831021436
  0.01110795875894094  0.01151302246265351  0.01193888271922849  0.01239570732504169
  0.01289360687864567  0.01340937604727409  0.01391565568312271  0.01442577773854563
  0.01496366807069130  0.01552586228636758  0.01612876593020489  0.01679690591951502
  0.01749177667422780  0.01818593582666277  0.01889552801049627  0.01957263281639924
  0.02023459354883908  0.02095670727530475  0.02171398294417153  0.02252593771053864
  0.02333382119064032  0.02411438704707085  0.02484522283919122  0.02556266952734755
  0.02637831988025247  0.02724979599404917  0.02827600845254330  0.02947058340892234
  0.03073036372610008  0.03208853581684412  0.03355607396373622  0.03504764431145899
  0.03651302397690932  0.03823117276816381  0.04014207394565821  0.04204088440299273
  0.04420495369241368  0.04670673816916943  0.04940068104145807  0.05221673519810472
  0.05536849236016705  0.05868105846539119  0.06190935668592924  0.06580345646690464
  0.07090045518724512  0.07559606875814340  0.08024647125371701  0.08576552090326005
  0.09325976664911850  0.10680600383519795  0.79791365198547104  1.00000000000000000
 -0.00247589152179777  0.00918407939203462  0.01936449526399455  0.03028818304291132
  0.04110636611375795  0.05167778064839754  0.06213236774922911  0.07144269596882065
  0.08003215739168475  0.08859455134103818  0.09739421873677923  0.10666528124200868
  0.11584456123594372  0.12584790779544608  0.13719644666096176  0.14892599809510348
  0.16042421368595755  0.17097035409904696  0.18035551000918176  0.18938331023532373
  0.19876735954370636  0.20875538319116305  0.21888905435564457  0.22921614607361643
  0.24037231907314843  0.25171897859047143  0.26278937101843886  0.27392665266731026
  0.28523676485509036  0.29580971352809432  0.30566555801561596  0.31544644759701684
  0.32551730355570646  0.33575408253774081  0.34551796401483115  0.35533268408503815
  0.36567740901738244  0.37662382547261802  0.38805725161693200  0.39989181129383694
  0.41133705368807150  0.42327961319408608  0.43510318726693842  0.44645306088841225
  0.45750020174498734  0.46968101894218067  0.48066260594756310  0.49098355232067725
  0.50168395252863951  0.51321921915326729  0.52450570497455262  0.53515202898822578
  0.54532769735833919  0.55523341163819251  0.56517898101861497  0.57572329499921004
  0.58707297828901528  0.59896001833799006  0.61060374453790800  0.62170227793589627
  0.63269205948055685  0.64334786714769687  0.65412225545071301  0.66475995202629978
  0.67600535739368162  0.68771578966023161  0.69961480252861641  0.71108881874482621
  0.72144162847041526  0.73128668301352850  0.74099390120687358  0.75061608104942190
  0.76004702456232343  0.76943404344416144  0.77944975329879407  0.78987532404607208
  0.80019325412045628  0.81053783617077968  0.82118143710829872  0.83203333435828164
  0.84237502481690940  0.85225230515622441  0.86223284880933071  0.87265169693103373
  0.88357350332702600  0.89478563285419510  0.90616049558113543  0.91695242689717782
  0.92727459003765533  0.93785422943713381  0.94892813451453539  0.96020130089472211
  0.97056588120721432  0.98027579352824046  0.98995800166343395  1.00000000000000000
  0.05718333727351402  0.57066037927079039  0.64373765987375609  0.68594457452900803
  0.71511411078104781  0.73673904482141717  0.75479342246501824  0.77016980838984872
  0.78347151837206641  0.79529523185389273  0.80575930587498013  0.81513953928799454
  0.82352413181418327  0.83134055691772779  0.83852454296712720  0.84509230424698500
  0.85109628023582273  0.85657079800168456  0.86167375619963837  0.86663149919189297
  0.87137091074579665  0.87575056816026930  0.87950169984056625  0.88324993674528751
  0.88692325591209342  0.89054027467167129  0.89400077487851493  0.89720556131947660
  0.90017318506691202  0.90301157617069272  0.90581021959473651  0.90858827512996310
  0.91136829609650005  0.91405089330350620  0.91658217745795156  0.91904137639436334
  0.92140640692418541  0.92382707743940196  0.92613585102133700  0.92831873467128856
  0.93040670974106710  0.93238958376641012  0.93431280504487568  0.93620358808181070
  0.93799226044100359  0.93962285444749338  0.94124067058163974  0.94287173449416462
  0.94448744358709658  0.94609378924596510  0.94773575419236766  0.94934775534492155
  0.95090026479244338  0.95242581189793385  0.95394305135020541  0.95545954326791660
  0.95688528401558892  0.95827796782096986  0.95960339140342765  0.96090494552523031
  0.96222191011182678  0.96354116482876928  0.96485974193701363  0.96620802279819606
  0.96755207337452409  0.96880075336186300  0.96992536983983135  0.97106714074818712
  0.97219858967592143  0.97332488856183885  0.97441403254827874  0.97548467884043832
  0.97654795662342841  0.97759994734718469  0.97863143347720194  0.97961398097661201
  0.98058663646356958  0.98152220059597406  0.98241723379047274  0.98333348503706153
  0.98426587138509058  0.98519424165361735  0.98612479190642843  0.98702413500022501
  0.98789788151164748  0.98875848692276136  0.98961897409906019  0.99047557784000428
  0.99133275927255671  0.99219491321431263  0.99306346209071761  0.99398768569422058
  0.99502363664750504  0.99619941762077335  0.99774368941410707  1.00000000000000000
 -0.02314526183543923  0.10924922728082620  0.14514909267160536  0.16776352166090905
  0.18602579731276225  0.20146169082252388  0.21532382824525301  0.22770208435954647
  0.23933902019787986  0.24995789712194849  0.25948214800394104  0.26844953716356723
  0.27680917967119600  0.28466492071129196  0.29219293152247067  0.29956263370505071
  0.30633595108243844  0.31269978002006593  0.31928743289215072  0.32637946029443726
  0.33363287557379828  0.34059420511285604  0.34731115700066595  0.35393351207242940
  0.36048938302923245  0.36700686947395900  0.37335940808401447  0.37929653595419560
  0.38485115529663921  0.39013314072743316  0.39542572855447883  0.40085369431583362
  0.40620814692072466  0.41154871007442839  0.41702520925736170  0.42275266118628263
  0.42872683935186251  0.43474735991361041  0.44057492995042069  0.44611647712204688
  0.45159673182261645  0.45726995195419762  0.46287270074029507  0.46857350841097073
  0.47432672135740850  0.47995152627579468  0.48540585119817775  0.49072364086779613
  0.49601199498886889  0.50134902446869101  0.50682419224738007  0.51265742739205966
  0.51886177054413474  0.52484146791079900  0.53070353722890218  0.53637960022385311
  0.54192588242241169  0.54752230394891876  0.55322403547722188  0.55891706967944588
  0.56455652252244337  0.57009960070342913  0.57563960718399376  0.58140148856494145
  0.58733842820377169  0.59334995012711722  0.59901269297770410  0.60477785515043758
  0.61117274527024334  0.61769433713482524  0.62417638093352001  0.63088844847586756
  0.63780917537783655  0.64490141505909393  0.65201105448534402  0.65916356505083373
  0.66681807401441062  0.67449742889489994  0.68219574736640065  0.69001235362061264
  0.69794489281788985  0.70610721862540182  0.71474764728561457  0.72407110559431798
  0.73322688749059162  0.74229894742445268  0.75200146569820014  0.76232249203556279
  0.77333614602328982  0.78485571422557687  0.79752978067204772  0.81230524513689073
  0.82930148035207873  0.85166612212095416  0.88970704555043267  1.00000000000000000
   1.5997654749994517E-012  -1.0000000000000000     
 F F F F F F F F F F F F F F F F F F F F F F F F F F F F F F F F F F F F F F F F F F F F F F F F F F F F F F F F F F F F F F F F F F F F F F F F F F F F F F F F F F F F F F F F F F F F F F F F F F F F F F F F F F F F F F F F F F F F F F F F F F F F F F F F F F F F F F F F F F F F F F F F F F F F F F F F F F F F F F F F F F F F F F F F F F F F F F F F F F F F F F F F F F F F F F F F F F F F F F F F F F F F F F F F F F F F F F F F F F F F F F F F F F F F F F F F F F F F F F F F F F F F F F F F F F F F F F F F F F F F F F F F F F F F F F F F F F F F F F F F F F F F F F F F F F F F F F F F F F F F F F F F F F F F F F F F F F F F F F F F F F F F F F F F F F F F F F F F F F F F F F F F F F F F F F F F F F F F F F F F F F F F F F F F F F F F F F F F F F F F F F F F F F F F F F F F F F F F F F F F F F F F F F F F F F F F F F F F F F F F F F F F F F F F F F F F F F F F F F F F F F F F F F F F F F F F F F F F F F F F F F F F F F F F F F F F F F F F F F F F F F F F F F F F F F F F F F F F F F F F F F F F F F F F F F F F
  <DiscreteSampler_grid>
  grouped_processes
  1 # 1 for a reference and 2 for a running grid.
  10 # Attribute 'min_bin_probing_points' of the grid.
  1 # Attribute 'grid_mode' of the grid. 1=='default',2=='initialization'
  0.0000000000000000 # Attribute 'small_contrib_threshold' of the grid.
  0.5000000000000000 # Attribute 'damping_power' of the grid.
 # binID   n_entries weight   weight_sqr   abs_weight
    10   10   2.166907366391167E+001   4.431330877984148E+003   2.166907366391167E+001
    16   10   2.170654078247077E+001   4.448006432189415E+003   2.170654078247077E+001
  </DiscreteSampler_grid>
