  0.00260357895638926  0.01555467227796200  0.02899937811448172  0.04168718173456198
  0.05360962868889043  0.06530267417496648  0.07773308781784613  0.08913150375833621
  0.09941891122623939  0.10947027226136596  0.11959655143076481  0.13015551141714232
  0.14160399700012005  0.15370795940465429  0.16589152023850068  0.17737809088660841
  0.18823521791246886  0.19807852037771800  0.20815502163861341  0.21835558876533215
  0.22833046573307392  0.23822802944355595  0.24860652242795894  0.25967510770507068
  0.27090842384434100  0.28187452119114215  0.29275843256456419  0.30400103000583756
  0.31569207163496477  0.32761820355938959  0.34006156526055209  0.35282993452425832
  0.36559974928083711  0.37841935547271871  0.39095591216241982  0.40386650795817397
  0.41631167662482194  0.42660638225500808  0.43668730673246930  0.44546414594411865
  0.45568068775896081  0.46596975479435643  0.47602699768806472  0.48605943100890059
  0.49619902101684782  0.50532468839151679  0.51442856553789351  0.52363253204905191
  0.53343894456292140  0.54378151742513292  0.55435333523395425  0.56510172642757961
  0.57512802727568035  0.58503000386038340  0.59524881798545393  0.60543262346040971
  0.61473189287530694  0.62370744416110646  0.63297340066454066  0.64268144731320165
  0.65256641944097016  0.66307933292473986  0.67475698940709028  0.68626736000274380
  0.69636527504579782  0.70629083340871146  0.71593575013215738  0.72562331427264370
  0.73594588303192554  0.74677091742660517  0.75719139108991618  0.76764797478860347
  0.77821823262057599  0.78958469133580256  0.80146087689950685  0.81294964499154154
  0.82431056852742424  0.83542511497020988  0.84542624043895820  0.85545977441141685
  0.86515219298421497  0.87520229675635053  0.88526703600913159  0.89503288739593734
  0.90511428630198909  0.91548493122303753  0.92596159028456326  0.93649770854996528
  0.94541081835037610  0.95429990325946557  0.96348925060824031  0.97210669931462423
  0.98006670048990141  0.98688848628797421  0.99213421972297833  1.00000000000000000
  0.00909856851153289  0.01675770849834821  0.02803530119816782  0.03941670540643893
  0.04980202548914434  0.05984470559499941  0.06940481898016246  0.07981218314807643
  0.08994408202495334  0.09969046969800396  0.10945664610435735  0.11929863633736847
  0.13012533951974731  0.14150124828377864  0.15328987674317487  0.16493360289906298
  0.17626072119519645  0.18708379261719660  0.19715540512957194  0.20716092754940449
  0.21750730164299378  0.22778456938648681  0.23832762164143756  0.24893575484594263
  0.25985503376617447  0.27060796739870802  0.28075967081503456  0.29023023195966358
  0.29895667655452196  0.30784711764553602  0.31763379304385875  0.32824195247220561
  0.33888597579372859  0.34965933800760018  0.36065257433506531  0.37130099772415492
  0.38171498595130293  0.39246969486538075  0.40399629932923203  0.41622993271543185
  0.42832834287297739  0.43946311598669702  0.45064094796591619  0.46188116191309275
  0.47323242013061922  0.48480629388555396  0.49618470988812791  0.50761634639820519
  0.51909203691519357  0.53011179628324556  0.54172742298176435  0.55370448270766304
  0.56515510365783606  0.57526587414432073  0.58456399481621324  0.59370538087480806
  0.60306276926652358  0.61292180795601547  0.62298742915460359  0.63292165664315303
  0.64302664814697708  0.65313000582047243  0.66296197920502342  0.67266447868587875
  0.68204466790316198  0.69137839650937838  0.70085818936300603  0.71129148087544691
  0.72253218355971915  0.73403954667326987  0.74540081114043022  0.75619862323874998
  0.76580972086975985  0.77536707390393589  0.78462800286827949  0.79413592114759768
  0.80427260634142705  0.81433856077645017  0.82486295733315640  0.83508016943704499
  0.84506453522242286  0.85474484168993481  0.86427066667904295  0.87384513175607270
  0.88345988935159947  0.89488857780476327  0.90510698359859554  0.91513537019508806
  0.92487813489921955  0.93443102862153460  0.94380375705422237  0.95259309251841984
  0.96209233375561265  0.97222916166546292  0.98305461541060069  1.00000000000000000
  0.00196241694691552  0.01761204698601247  0.03151531969586866  0.04391617201982644
  0.05524293006020937  0.06710980508133801  0.07779929504152935  0.08943471403948616
  0.10095552781096162  0.11232285439819925  0.12319647119278043  0.13421538149843124
  0.14464552679179926  0.15486557251133470  0.16574965071900843  0.17812443592245053
  0.19031561108973452  0.20105475193276534  0.21156784307729445  0.22232040671245215
  0.23296811165643339  0.24278984550887003  0.25277567016278513  0.26295386030043127
  0.27315940229225716  0.28299678325728028  0.29281314619090565  0.30351598506187849
  0.31460204058552294  0.32578346021487198  0.33676041503406279  0.34766011601464425
  0.35854844388756313  0.36950579770360709  0.38027064298255353  0.39048283772838843
  0.40041476239645934  0.41030996592338609  0.42019506251537020  0.43013408788586571
  0.44013631066397246  0.45020057090814825  0.46001927048737706  0.46976387793549718
  0.48010835515357453  0.49155462847374176  0.50273900041432196  0.51372014250221254
  0.52448011489616819  0.53548429267943787  0.54572750506943479  0.55582010376498381
  0.56556576080783649  0.57508838023505426  0.58469470452905214  0.59355889993355193
  0.60313356744778346  0.61229031278900314  0.62186066178757415  0.63141734155625751
  0.64094427640497664  0.65089490229328073  0.66131239588806789  0.67194040114966180
  0.68289708600535326  0.69412769854106315  0.70507328504708333  0.71559344174770267
  0.72571442038954193  0.73594343167666709  0.74582890461095386  0.75569179420024435
  0.76576059627022197  0.77643725176878942  0.78793820085973698  0.79848811892083060
  0.80848105497814715  0.81903632587844688  0.83015036050238755  0.84072590891525723
  0.85067451442548492  0.86079875117333526  0.87126729867095054  0.88205644604901690
  0.89297894449722959  0.90326129839968539  0.91281033743217777  0.92235133122931556
  0.93207832292276460  0.94280501270959360  0.95398624634451434  0.96500641391721720
  0.97512239392313960  0.98403941313208065  0.99218645534648919  1.00000000000000000
  0.00000453350677613  0.00000476486668500  0.00000493670065036  0.00000511351965247
  0.00000530118248977  0.00000548908952970  0.00000566526691791  0.00000582754199510
  0.00000599282288492  0.00000618578275876  0.00000637736239101  0.00000657402132775
  0.00000677547708215  0.00000698031680026  0.00000718354678159  0.00000737184146513
  0.00000754864878676  0.00000772662434243  0.00000790321199366  0.00000808235449846
  0.00000826648891667  0.00000844969203333  0.00000863989066200  0.00000884121891468
  0.00000905751544402  0.00000927756570028  0.00000949426988229  0.00000971467339698
  0.00000994949194383  0.00001019618667199  0.00001044843385081  0.00001070452489660
  0.00001096493714187  0.00001123351810553  0.00001151122527570  0.00001179912674808
  0.00001210409447067  0.00001241827506614  0.00001273599354343  0.00001307413598565
  0.00001341872949082  0.00001374894059740  0.00001407884051269  0.00001439985161530
  0.00001480821758287  0.00001522069623359  0.00001564561876788  0.00001609004803803
  0.00001657597243039  0.00001710646281365  0.00001764519523480  0.00001816616743182
  0.00001872136074049  0.00001937135199098  0.00002002601913637  0.00002070159642527
  0.00002141676815013  0.00002215936134972  0.00002294533367439  0.00002379772823892
  0.00002472844174847  0.00002569318109605  0.00002670286025699  0.00002781586035637
  0.00002901013470557  0.00003029841509789  0.00003173803301070  0.00003333669515633
  0.00003505015903785  0.00003684940814245  0.00003878224997995  0.00004088891929851
  0.00004330986583909  0.00004614194532796  0.00004965131678851  0.00005379685078386
  0.00005857948406326  0.00006483170498102  0.00007319414872194  0.00008517894528513
  0.00010080179570463  0.00012050243733987  0.00014839332973192  0.00019416691059267
  0.00026934472565492  0.00039427907320235  0.00061621394049171  0.00101089129108020
  0.00171214061556016  0.00304244133030063  0.00572638184002561  0.00951393020249355
  0.01727622271153216  0.03419043199016362  0.07326826689924745  1.00000000000000000
  0.00000078542594307  0.00000193386839661  0.00000281892718143  0.00000356594196946
  0.00000423776955108  0.00000486835387173  0.00000549308054054  0.00000610304365592
  0.00000669391851342  0.00000728583657510  0.00000787091270267  0.00000844480077498
  0.00000902365503104  0.00000960835927628  0.00001019731505173  0.00001078214504891
  0.00001134610065408  0.00001189558931630  0.00001245835941616  0.00001305689875355
  0.00001367002425966  0.00001429598649801  0.00001495812068599  0.00001566142783531
  0.00001639437984591  0.00001713481733451  0.00001786573008522  0.00001859646981094
  0.00001936371027059  0.00002019215195768  0.00002101350013169  0.00002186686234516
  0.00002273401278449  0.00002360824353179  0.00002455078395082  0.00002557454221757
  0.00002662403326391  0.00002765584956431  0.00002864968831488  0.00002967457270325
  0.00003072091376037  0.00003200275921460  0.00003343240732757  0.00003491477391495
  0.00003649500888985  0.00003814848931886  0.00003985924785984  0.00004164437617203
  0.00004351463149335  0.00004551046359038  0.00004771415055615  0.00004979931709606
  0.00005227079582501  0.00005508004715145  0.00005819695603143  0.00006171916138875
  0.00006569267338752  0.00007005724855654  0.00007477000362673  0.00007983582353432
  0.00008586433503556  0.00009327582018378  0.00010137288517135  0.00010993494114496
  0.00011910098541993  0.00012911701268210  0.00013986809838289  0.00015256374999980
  0.00016783806236311  0.00018387269927668  0.00020229635693606  0.00022368703892294
  0.00024988797080825  0.00028270587049554  0.00032009757425776  0.00036440392986048
  0.00042001908348052  0.00049094537042995  0.00058331978998187  0.00069990827666704
  0.00085109163894649  0.00104168069321108  0.00129453711167033  0.00165772751061370
  0.00211910577135880  0.00282537784813859  0.00374961111219118  0.00519028797165613
  0.00758886378770504  0.01012412712291767  0.01308210778462916  0.01594808162319182
  0.02018555636888896  0.03674749795862733  0.16192496746546065  1.00000000000000000
 -0.00165570442209147  0.00635252648301807  0.01440718065073329  0.02270751989152640
  0.03153642223462331  0.04056348572820247  0.04966222195070077  0.05881926014792931
  0.06778878782363204  0.07673904874940193  0.08561354671494890  0.09497535046257566
  0.10472709920274288  0.11480964657614584  0.12499999302193283  0.13532397937417781
  0.14537847118386935  0.15481743193859610  0.16435929724222986  0.17399204355655032
  0.18387054798084534  0.19369170599652685  0.20371112618340453  0.21510660150831323
  0.22742315390524726  0.23970722461056013  0.25073039687705506  0.26055642615276098
  0.27043654647252668  0.28062503927379273  0.29262358269203537  0.30457601835434783
  0.31615698538341341  0.32764463130463928  0.33970643566114234  0.35245864427956997
  0.36465031290182071  0.37646722375832709  0.38804035288885513  0.39939040378381729
  0.41053258337471793  0.42200743669183560  0.43438453565732366  0.44680870135686740
  0.45955323865448633  0.47260221174084094  0.48498949920427192  0.49697050924131336
  0.50980720420635606  0.52267194073367473  0.53501846599243885  0.54659032019748954
  0.55847219333357068  0.57092602075528731  0.58416552327049920  0.59752394492582650
  0.61069839566712714  0.62276873955512158  0.63487665546836691  0.64677157698964416
  0.65946571850863256  0.67199079859275102  0.68347644311729039  0.69494790177380372
  0.70619278037912370  0.71674423815274657  0.72712017346976887  0.73810569442841456
  0.74859544390124988  0.75896427012158918  0.76819993582555524  0.77982696514769778
  0.79049165167955093  0.80191738395061696  0.81209320750388603  0.82144244803152833
  0.83031740674446197  0.83935714159490837  0.84862758026317797  0.85754335094079481
  0.86633103206300532  0.87461542245919677  0.88394338741575706  0.89321527130075196
  0.90194263187526780  0.91024147781941722  0.91838888887764270  0.92624467864046889
  0.93391076186498478  0.94204856620251520  0.95129219323008751  0.96128756446246599
  0.97133116046868528  0.98118690508774120  0.99053352315989307  1.00000000000000000
 -0.00279429998986078  0.01000885415593285  0.02099647929620113  0.03127548009101847
  0.04127569667674461  0.05056313466025206  0.06008137151459982  0.06989441960852806
  0.08013771451076188  0.09014201327653422  0.10048377318362407  0.11120698051172592
  0.12217198319250892  0.13334643009618169  0.14521498163748020  0.15773385644903098
  0.16977232677516174  0.18082627426215206  0.19057009292535537  0.19980502108456816
  0.20899213906305852  0.21831441414931713  0.22806935847716953  0.23783042134946808
  0.24801092184363727  0.25854665183769748  0.26963188899420026  0.28069724847039523
  0.29113984798000958  0.30130026921376379  0.31144035059897579  0.32188113003718039
  0.33148982031273799  0.34077085627561854  0.35033176075309475  0.36052373442245034
  0.37100548007229650  0.38136288514656452  0.39194347831590448  0.40270491748757353
  0.41379153421571679  0.42462604218954741  0.43532251007046047  0.44634455130257306
  0.45757747023418316  0.46897547941771150  0.47981791063663137  0.49063443306358312
  0.50136067674487383  0.51213296806409059  0.52338005932792053  0.53601770264561410
  0.54760398825575907  0.55877437320923962  0.56971657639789530  0.58101219253556446
  0.59184119848727956  0.60172330171366517  0.61071268425588143  0.61984946649765116
  0.63020931418492065  0.64116330747787875  0.65225811140412404  0.66321165156068573
  0.67459423487249881  0.68566006911044353  0.69593483786223787  0.70612023399464852
  0.71635673574666425  0.72631856690867791  0.73579173782311558  0.74530725118847718
  0.75542021453605235  0.76605824966237146  0.77709900476991534  0.78819293530894607
  0.79961891011420227  0.81132674484370448  0.82262160179495480  0.83358706868309740
  0.84446356817073798  0.85479483047538607  0.86446959251591282  0.87382961709595275
  0.88433824946599893  0.89507968154811213  0.90526618010089299  0.91498892527781572
  0.92523013228749207  0.93570688331477525  0.94547670115443183  0.95454098968287560
  0.96456236863571787  0.97627585093365155  0.98816410045103920  1.00000000000000000
 -0.00203916527714860  0.00856954118970405  0.01754698642572628  0.02654868695993367
  0.03548406518842655  0.04549050565257043  0.05750614632577563  0.06918278387386266
  0.08015905917022272  0.09078148555187593  0.10112843208182222  0.11069666153688504
  0.12040427974930024  0.13078606950575844  0.14193164762523372  0.15211602444481762
  0.16173425768915994  0.17109772107719251  0.18121596960467690  0.19147923486717802
  0.20182828074556974  0.21160502608866488  0.22186650270250677  0.23244140954792633
  0.24270254113300582  0.25298923760785724  0.26320374641904959  0.27381812801804761
  0.28490173781854250  0.29534719281587657  0.30590307579320314  0.31719876378971729
  0.33026892595877139  0.34321194520879872  0.35532069405715100  0.36676722394506933
  0.37756721066619425  0.38774470909212944  0.39783497689591185  0.40824876327197646
  0.41889470313538607  0.42932078183090316  0.43989319372367658  0.45087958171580961
  0.46184020151442817  0.47244319984185079  0.48306442386627280  0.49380922160203294
  0.50437985228086935  0.51441022731502550  0.52450239560592837  0.53427515980760432
  0.54391059411468845  0.55336946409807819  0.56332696623381207  0.57408404395928436
  0.58528813231101318  0.59665407649502034  0.60770907752806547  0.61870295968574573
  0.62962783153729984  0.64003273990291754  0.64961903219278172  0.65955752842569704
  0.66955360979294820  0.68007923404193493  0.69089735362016036  0.70221806603033865
  0.71337654294421171  0.72434867745381948  0.73507898963906249  0.74567408667187307
  0.75665452079670714  0.76808387585978422  0.77912291640764619  0.78983968207356769
  0.79984769982500525  0.81010391646414992  0.82053375822716490  0.83041749852289981
  0.84043850907551332  0.85118959357593238  0.86245215663554542  0.87387259471314183
  0.88448987421875991  0.89524360131769298  0.90609070449930207  0.91727748010270971
  0.92737223478832786  0.93700341003633647  0.94677854597328204  0.95702409782450037
  0.96737848665725623  0.97783816829737891  0.98895656825458866  1.00000000000000000
 -0.00214770613666796  0.00870507570592022  0.01854655158986330  0.02920931087470668
  0.03945741520563439  0.04968967687951473  0.06054283569241778  0.07158619296356009
  0.08310136577321624  0.09486268895426653  0.10702813216302577  0.11742523994327822
  0.12788947577650006  0.13796421256939814  0.14848515695544118  0.15911162080882549
  0.16949370812969131  0.17929172446897171  0.18914448355703470  0.19952157830064826
  0.20945946204980781  0.21954537530903881  0.22966398742507071  0.24042876552098927
  0.25167380186164140  0.26259302553289665  0.27322815320026650  0.28389377985617287
  0.29444099162903664  0.30584518556237100  0.31757459823477069  0.32936227078796843
  0.34133037358772272  0.35268644612901423  0.36418725908314670  0.37543859389968925
  0.38691630193947896  0.39785908927507507  0.40868840600449280  0.41883767896948471
  0.42853611752571746  0.43829259865107362  0.44762187005838661  0.45737585557218446
  0.46731706342025281  0.47775940807158923  0.48875656772724307  0.50011512130030555
  0.51083336229458232  0.52113024425312748  0.53133285952175613  0.54135089166634420
  0.55068495094870773  0.55947515060536490  0.56885556057572140  0.57865744487303272
  0.58873394184079375  0.59877606791900850  0.61000770801810400  0.62180592995608341
  0.63301025418504331  0.64348344813513936  0.65371345942847991  0.66466919637708399
  0.67594752423614179  0.68685776473010962  0.69722323544889686  0.70748157200127815
  0.71767099841105308  0.72806007582162169  0.73822489234341193  0.74860832337401917
  0.75944826097786589  0.77076078116728208  0.78150260153202744  0.79181402345812824
  0.80166236562403270  0.81150930361735996  0.82145921227242746  0.83216345238228717
  0.84273274283675736  0.85330009900978632  0.86404061376996488  0.87514888296689963
  0.88702009023033779  0.89926888801224636  0.91094880437181547  0.92229946235444726
  0.93274130289583490  0.94262907101466920  0.95276987316940520  0.96256817858306265
  0.97255158893779248  0.98201630965029163  0.99095596274891073  1.00000000000000000
 -0.00198311927096915  0.00722786339847299  0.01541868589269988  0.02436023171635735
  0.03383721083693042  0.04293545139584048  0.05166046779235115  0.06032038626857056
  0.06927571664483667  0.07848443588557344  0.08767036585076740  0.09644880741770601
  0.10491337577720611  0.11322492500745597  0.12153381313074388  0.13022555702139219
  0.13933614492315463  0.14882401915771939  0.15913289634738517  0.16975770263424741
  0.18054585431642017  0.19121709235689083  0.20240812369137118  0.21517895395641537
  0.22824329127328302  0.23980729164148107  0.25101819935801950  0.26223680027088947
  0.27335878773974409  0.28417852921307246  0.29545238661988488  0.30705246714198919
  0.31854529721921798  0.33022497871370227  0.34287991564919618  0.35685387296158594
  0.37037432693585182  0.38214544969095754  0.39300343455929954  0.40369322444915223
  0.41504869714945852  0.42688504259976939  0.43893001803598458  0.45119790869995891
  0.46359524346562192  0.47635372101957402  0.48925509285039492  0.50195006808768394
  0.51513380878788639  0.52762106508267947  0.54013501349706150  0.55399065481108278
  0.56721219878493023  0.57915904199652990  0.59107657073563868  0.60289611877548455
  0.61474919375981540  0.62535608446360424  0.63738071003732999  0.64975800123018168
  0.66334777679345680  0.67590591627617347  0.68810708071992455  0.69941072163232687
  0.71075445091198075  0.72200376315758208  0.73301259143083319  0.74296273015659331
  0.75343824698404915  0.76433345962455379  0.77534219498788570  0.78510979630723265
  0.79553236418867423  0.80572157779024978  0.81675718109000872  0.82690357875376119
  0.83643365451599760  0.84740673097164121  0.85772698207264264  0.86824980453956535
  0.87676850988586919  0.88429222758986981  0.89210749851589488  0.90008108368540141
  0.90817569028660028  0.91583146491076972  0.92370800580424750  0.93133311611193581
  0.93936708738224817  0.94808057316716621  0.95684549052348855  0.96554578675122460
  0.97444480378774301  0.98317883743552870  0.99202225205759698  1.00000000000000000
 -0.00246178832037545  0.00921655116180471  0.01920295464468041  0.02878058003400807
  0.03877610230949558  0.04908595437711347  0.05908415043540988  0.06904896424695937
  0.07930490925138066  0.08998937688820104  0.10092337118040882  0.11168915672615597
  0.12236966415241354  0.13300056156996515  0.14381954581946707  0.15463120944127534
  0.16514712252422745  0.17454603704220370  0.18348864255383882  0.19269478511332841
  0.20252705209042035  0.21260790824291909  0.22271205270013919  0.23343195592406918
  0.24488875645455468  0.25609347311589648  0.26678441431412081  0.27715159046772997
  0.28727385916456954  0.29698951818454095  0.30652151062330141  0.31663327313975836
  0.32765535095612697  0.33889802384841311  0.34996112148283837  0.36142974891577268
  0.37290591277884827  0.38392327905949125  0.39480101061757145  0.40590709042343359
  0.41686161580495523  0.42714022663631712  0.43712140819395939  0.44757498867185708
  0.45837692259649876  0.46869551196923487  0.47889531216450465  0.48929879273755766
  0.50019810517954444  0.51157333290075113  0.52350268066294248  0.53576200688349573
  0.54760662149752970  0.55885499472102806  0.56974044734907869  0.58097868893256743
  0.59318353205235586  0.60549597940548561  0.61656562916516422  0.62779509737749650
  0.63813959979694534  0.64789078786324261  0.65725712816361526  0.66671639243615788
  0.67618270042730655  0.68656025797011311  0.69613072267664156  0.70615185096652633
  0.71587655054179999  0.72557173858238777  0.73554941636929094  0.74609533372469206
  0.75639322025272704  0.76619142745391133  0.77619853958364526  0.78648828445022956
  0.79728626741869735  0.80805491038292288  0.81840351802614753  0.82870866345947947
  0.83934549079816156  0.84997792329660848  0.86103475485986891  0.87205063264247817
  0.88251185243875174  0.89234247482771667  0.90186421823287000  0.91109536363050969
  0.92137745344825084  0.93308801623765281  0.94558973738025864  0.95769200836394019
  0.96874786852694506  0.97948423213508007  0.98961452179002174  1.00000000000000000
 -0.00286391189893506  0.01115958693274709  0.02145045204885107  0.03198462234772227
  0.04210314481011999  0.05256051082995333  0.06316214867472404  0.07467062579659062
  0.08678414132274141  0.09882794611430053  0.11019155011289195  0.12134389200439244
  0.13261269326486627  0.14359455213363664  0.15345865841838358  0.16298469265359442
  0.17218367925807326  0.18263223936139333  0.19283629972222302  0.20342578116454851
  0.21418457465253071  0.22486525239659483  0.23519352470382743  0.24540737115014535
  0.25595502398406045  0.26642881848511907  0.27656276392230178  0.28635546444376170
  0.29558863645105515  0.30488600971562596  0.31399152842974998  0.32424945326239890
  0.33513409672263050  0.34712221093133921  0.35842152667801203  0.37008867892182340
  0.37938834313626396  0.38824827350563029  0.39679151733860180  0.40609303769861210
  0.41655415632958653  0.42709009860437963  0.43713745235715840  0.44726203452415919
  0.45746012193072599  0.46707536458128801  0.47650197563255164  0.48614385225112394
  0.49633438930902973  0.50621493605177759  0.51624723216668422  0.52697296661099646
  0.53822620427956847  0.54831363749141959  0.55833203249985419  0.56943175640017996
  0.58188870212715671  0.59439685862708846  0.60646959888980945  0.61844392873637877
  0.63004359541229848  0.64124151670467022  0.65220063656684280  0.66292407312891410
  0.67373450324463624  0.68487715067093458  0.69626192489994265  0.70771942965392010
  0.71892212886696039  0.72939548571543311  0.73949212701667832  0.74947117807601027
  0.75987579847132514  0.77084501486091972  0.78194387062682902  0.79285153094046779
  0.80421235123907875  0.81549980959301227  0.82617391350290159  0.83602802259116293
  0.84555118652654715  0.85483754035161774  0.86439340133980447  0.87397651534322163
  0.88389472633138455  0.89368359826180632  0.90366289456650983  0.91379152063923608
  0.92462217785136802  0.93514673775715573  0.94835642814901633  0.96016646433567354
  0.97061043646870315  0.98056967340826051  0.99027860538418289  1.00000000000000000
  0.00007419402761965  0.00033974692524757  0.00060585017673857  0.00087343018686783
  0.00108506077743820  0.00126182720161913  0.00145774856508364  0.00166053273995226
  0.00187139928571205  0.00209724670887101  0.00233484530833526  0.00258092671564315
  0.00283460922394990  0.00309522195483370  0.00336130591803022  0.00363407848215160
  0.00391593367448690  0.00421057356194078  0.00452248766802975  0.00484251970767491
  0.00517830959025126  0.00552826393236583  0.00589013495531814  0.00626052981863015
  0.00663723982536323  0.00702164000959744  0.00741196261548275  0.00780101807517987
  0.00820756338029531  0.00861602856922793  0.00902937195626408  0.00945204035430126
  0.00989766437359300  0.01037579678701028  0.01087514619976239  0.01137950525174724
  0.01188688346903338  0.01238581092771399  0.01288099398438730  0.01335255451656665
  0.01387673547042694  0.01442459967696316  0.01497756221482924  0.01557233833696760
  0.01621296617224836  0.01684332552283273  0.01743754892617775  0.01801322925480424
  0.01861191461440783  0.01923684655683785  0.01987186184337642  0.02050071611751322
  0.02116357438218658  0.02187468776431187  0.02268312487412018  0.02349764032121928
  0.02425020452242080  0.02500990900357209  0.02583619013048076  0.02666941033401028
  0.02750092190357583  0.02835691608245796  0.02928738270481868  0.03025447144117744
  0.03134136743591995  0.03231554143663744  0.03338946873741239  0.03440414728782400
  0.03549864158218023  0.03658117365910231  0.03768490669692612  0.03887670630307035
  0.03985204361348607  0.04076375848425967  0.04182708192787902  0.04319694874843404
  0.04491115672805980  0.04683307730882979  0.04859065104902936  0.05076666531172774
  0.05319229884840012  0.05599825852651813  0.05887579205047508  0.06221619408443080
  0.06698670770923025  0.07161968412731493  0.07483275975368851  0.07861052396994150
  0.08571236060617241  0.09107363131228158  0.09671730710727464  0.10311760399707340
  0.10863548980727855  0.11990112377100623  0.16397841818874900  1.00000000000000000
 -0.00215310660610934  0.00815163528741283  0.01643413317969435  0.02512958481023991
  0.03389379950208957  0.04299870194435989  0.05226065265678686  0.06137354663659445
  0.07028108239539543  0.07901013673688932  0.08767258590466799  0.09626461278162096
  0.10518528734423543  0.11465564004995681  0.12449514215386290  0.13459177456841906
  0.14484937808185985  0.15520536469163074  0.16542997071643228  0.17523734600861529
  0.18528186280033562  0.19591086820959669  0.20639741768915362  0.21621161123785523
  0.22614596207895024  0.23691323217301291  0.24845276645345585  0.25989984880031952
  0.27113431016676487  0.28187596694214212  0.29312620098580011  0.30493707008051013
  0.31572765602598496  0.32525389371396479  0.33451078386223931  0.34456497812308717
  0.35591842067318952  0.36829468242013225  0.38113016779004921  0.39382394919743813
  0.40677668256901484  0.42065215759587260  0.43573197363777555  0.45079794740930051
  0.46502789014748808  0.47891765485644638  0.49353650711072283  0.50853710513519335
  0.52287228184668433  0.53616846209210300  0.54886648695223239  0.56149446611343345
  0.57432545779730448  0.58730208188358979  0.60046844592308390  0.61301823925636478
  0.62442460116812060  0.63495236616471096  0.64552225984599920  0.65678825703219257
  0.66846726976330895  0.67969125050649948  0.69070225473654567  0.70165027066012586
  0.71242979679304297  0.72304355148570998  0.73337426854242094  0.74378584011089444
  0.75408830481564537  0.76414019643837561  0.77392252164322839  0.78327856055412148
  0.79264232785912847  0.80225250200503684  0.81220881028295411  0.82197948522735464
  0.83151651281913874  0.84120710594668191  0.85146654040851355  0.86174121765532341
  0.87184182211973138  0.88107009411285853  0.88979190252387730  0.89873779910229523
  0.90834726927925347  0.91772481773557668  0.92682698760908067  0.93607989864661678
  0.94547633728544533  0.95428232201464813  0.96194082957305327  0.96921747776802236
  0.97689650672372963  0.98440767710176091  0.99190133702468841  1.00000000000000000
 -0.06429758138053865  0.58369678262837610  0.65611633119656676  0.69781472511367848
  0.72674508705186869  0.74895590211909524  0.76708684814378170  0.78173499782294353
  0.79424753843563201  0.80500143183140249  0.81502275676218561  0.82394359828883867
  0.83213011491024202  0.83968078733906037  0.84656646466869057  0.85286771415623175
  0.85870086707126314  0.86423692099808735  0.86939009342402707  0.87401031444609101
  0.87827026649977713  0.88237366983402143  0.88634404090399632  0.89034261607722254
  0.89416870723166675  0.89775808964883075  0.90091339227435663  0.90402272397006278
  0.90710829512940605  0.91005511365409986  0.91289076965421567  0.91558051275972752
  0.91795770147307787  0.92021847753497465  0.92242531004218875  0.92466358590296482
  0.92697837906464753  0.92931960501691369  0.93162386333880720  0.93382327738837556
  0.93589628353491050  0.93776745956258600  0.93944558332337991  0.94111895347553731
  0.94263183342924550  0.94407107512190236  0.94552581214945253  0.94691280184268878
  0.94826005091548360  0.94973389330291846  0.95125304923982945  0.95276110287689331
  0.95417716037661637  0.95551372436613569  0.95681155547736807  0.95807524033315505
  0.95929214690425346  0.96044303172117595  0.96155492700593670  0.96268107635837386
  0.96384736575043772  0.96498881723875152  0.96610595013529632  0.96727062979111489
  0.96841348753487133  0.96952221985337617  0.97061809382385844  0.97170986441345564
  0.97278554207944612  0.97383836572280091  0.97487516940629326  0.97589434633301797
  0.97688121776687387  0.97784042244434466  0.97878646982838902  0.97971732891905838
  0.98062618542618363  0.98155865170513690  0.98245275728033155  0.98336097365156228
  0.98425601274304064  0.98518680143113535  0.98611808304535220  0.98701535909943283
  0.98791709267833017  0.98881990849095525  0.98971773934930063  0.99059398556495826
  0.99145033996388754  0.99231616851556959  0.99323027756336579  0.99421779259303578
  0.99530506242510519  0.99650465255706300  0.99805642677306217  1.00000000000000000
 -0.02267029861058335  0.10987796226165471  0.14474854672892146  0.16711072593999371
  0.18586119382629471  0.20208729665665073  0.21683177363757589  0.23028888344671125
  0.24304954638220380  0.25485806414993245  0.26572138369433040  0.27617157140298887
  0.28598016757964728  0.29471452640753887  0.30242053857592222  0.30999750801301640
  0.31744334027680904  0.32449349088396406  0.33130252976172447  0.33823668231188730
  0.34542320276416372  0.35254412141018554  0.35946981592553567  0.36610618889759317
  0.37247130945778556  0.37860837809863684  0.38476656054923436  0.39123148672972990
  0.39781299983989865  0.40392027449784573  0.40966924969741025  0.41526864636429639
  0.42091037367255446  0.42679627248324165  0.43256826694224110  0.43833539874905220
  0.44402401368639144  0.44931897763270878  0.45473858708826009  0.46002059534719303
  0.46518115772316515  0.47030362992510399  0.47503265132810063  0.47984425271474684
  0.48468960263764516  0.48972795708483441  0.49465672291482260  0.49959476050129303
  0.50482400368617653  0.51016564723443547  0.51562503319908637  0.52118055473542246
  0.52687314163847632  0.53250379761978628  0.53802684882772278  0.54357791774871922
  0.54926319986269367  0.55511314427622416  0.56104064793604269  0.56685795678925055
  0.57258368667895798  0.57843241118335831  0.58441705873610872  0.59025526860252175
  0.59608203055404951  0.60160747979492213  0.60702097159854307  0.61238944571115983
  0.61785906208602359  0.62363276040773186  0.62962850171178764  0.63554216008086051
  0.64165507616768502  0.64808440904274489  0.65479140432687688  0.66173321961829246
  0.66838516871217857  0.67581764214462814  0.68300655439849656  0.69039698393805826
  0.69828047771694035  0.70616897591612449  0.71354677221036422  0.72098354686065080
  0.72836926934701418  0.73655332484012825  0.74607552924002740  0.75663952929009670
  0.76808541364908900  0.78124135976441900  0.79619696696801545  0.81223785283976924
  0.83059356645910565  0.85290724041524635  0.88862310113846221  1.00000000000000000
   1.5587562788006164E-012  -1.0000000000000000     
 F F F F F F F F F F F F F F F F F F F F F F F F F F F F F F F F F F F F F F F F F F F F F F F F F F F F F F F F F F F F F F F F F F F F F F F F F F F F F F F F F F F F F F F F F F F F F F F F F F F F F F F F F F F F F F F F F F F F F F F F F F F F F F F F F F F F F F F F F F F F F F F F F F F F F F F F F F F F F F F F F F F F F F F F F F F F F F F F F F F F F F F F F F F F F F F F F F F F F F F F F F F F F F F F F F F F F F F F F F F F F F F F F F F F F F F F F F F F F F F F F F F F F F F F F F F F F F F F F F F F F F F F F F F F F F F F F F F F F F F F F F F F F F F F F F F F F F F F F F F F F F F F F F F F F F F F F F F F F F F F F F F F F F F F F F F F F F F F F F F F F F F F F F F F F F F F F F F F F F F F F F F F F F F F F F F F F F F F F F F F F F F F F F F F F F F F F F F F F F F F F F F F F F F F F F F F F F F F F F F F F F F F F F F F F F F F F F F F F F F F F F F F F F F F F F F F F F F F F F F F F F F F F F F F F F F F F F F F F F F F F F F F F F F F F F F F F F F F F F F F F F F F F F F F F F F F
  <DiscreteSampler_grid>
  grouped_processes
  1 # 1 for a reference and 2 for a running grid.
  10 # Attribute 'min_bin_probing_points' of the grid.
  1 # Attribute 'grid_mode' of the grid. 1=='default',2=='initialization'
  0.0000000000000000 # Attribute 'small_contrib_threshold' of the grid.
  0.5000000000000000 # Attribute 'damping_power' of the grid.
 # binID   n_entries weight   weight_sqr   abs_weight
    10   10   2.958773980801465E+000   3.242671097046804E+001   2.958773980801465E+000
    16   10   2.996327778412337E+000   3.327654988839576E+001   2.996327778412337E+000
  </DiscreteSampler_grid>
