  0.00327717955168131  0.01457041097511582  0.02952199013648800  0.04446732232134833
  0.05938165252304568  0.07200560066529271  0.08472949064769972  0.09941144072367658
  0.11408922171952474  0.12658684050282565  0.13738608337519689  0.14619374000028013
  0.15309754315647497  0.15887716843196512  0.16486216497782316  0.17150005325651796
  0.17919184456195597  0.18722733956195006  0.19535137200379507  0.20414075332789894
  0.21369506946659370  0.22414419636648847  0.23185842382539168  0.23898363887898022
  0.24631232527183880  0.25389739994792149  0.26481318932712994  0.27477944311445812
  0.28530858698387518  0.29699084747644189  0.31032200278057787  0.32273787305270080
  0.33404084668187600  0.34399479261269006  0.35314074782079169  0.36189618308612653
  0.37154569473223531  0.38332165152499048  0.39361870373882257  0.40246389699204177
  0.41098357866274837  0.41993324305699897  0.42975977201832505  0.44249426874557790
  0.45712489603060369  0.47078854031491102  0.48271704130390541  0.49324622078617808
  0.50374294734884573  0.51411680684076533  0.52590198770665486  0.53956640784659060
  0.55217605870382569  0.56412194097231305  0.57265536884347945  0.58144057036200081
  0.58907509485358267  0.59690101972633980  0.60575003812815009  0.61550388159741365
  0.62650731779914637  0.64068506131261793  0.65698189303432430  0.67181732920136450
  0.68533638306110423  0.69859808759878339  0.71279095639704204  0.72653530176880110
  0.73803644561693205  0.74909742258770029  0.75912935386854585  0.76876708802144822
  0.77880661217444913  0.78877394980579330  0.79937324212077554  0.81198076826276067
  0.82564113235362968  0.83795448176171217  0.84734831872943428  0.85514879825775159
  0.86262606778438178  0.87181886563127187  0.88079365801918641  0.88745404736321132
  0.89435388715417441  0.90308107607628629  0.91175637451843194  0.91871515611443444
  0.92615944815794482  0.93208387714365981  0.93982662508436821  0.95000301040271051
  0.96137620980549110  0.97319424591572279  0.98527085237911116  1.00000000000000000
  0.00982732017296599  0.01530991874900365  0.02359219740485192  0.03685608368449324
  0.04787025148590857  0.05954311496439302  0.06924940991294683  0.07999500803447819
  0.08930374913861229  0.09760919385082641  0.10666461683516990  0.11548998179696268
  0.12422339738566074  0.13383181127564300  0.14315453019603042  0.15276419868966551
  0.16266122793353760  0.17337260090689893  0.18606206145871304  0.19994115137591104
  0.21328979018529018  0.22476093265504246  0.23586379713098424  0.24588555665323245
  0.25554019048041010  0.26583784283115486  0.27643740009600559  0.28617263140266025
  0.29563832819370667  0.30433576724909822  0.31423329698885161  0.32418041111364454
  0.33630436682705034  0.35082089597584887  0.36551490040460588  0.37917620915571154
  0.39242094880395445  0.40456020354493094  0.41599662367705498  0.42850404610408332
  0.43944030074861445  0.44896451615141530  0.45840475039322026  0.46730306188103121
  0.47790227517684436  0.48806344332779228  0.49740490650157987  0.50816070668098456
  0.51860430128052237  0.52875400779291537  0.53857413684377409  0.54938630445258285
  0.56099992103467600  0.57417842737845359  0.58570339939400751  0.59581146909749882
  0.60605117721331714  0.61502249120739616  0.62379077279385653  0.63352940277153857
  0.64283999341219433  0.65093647620740003  0.66063411389472948  0.67177760370075945
  0.68352081391910746  0.69271707606052113  0.70009117385781139  0.70817677153064662
  0.71616766218119565  0.72431605431657042  0.73500395997546009  0.74322224124415825
  0.75062891435653323  0.75892934946801216  0.76926854066248451  0.77788279378451108
  0.78792660529373626  0.79967984844033668  0.81338331328634794  0.82330705414590766
  0.83170389599327343  0.83985662123647309  0.84863237827037019  0.85849373463937517
  0.86828934241420119  0.87828245427105600  0.89012226377039549  0.90314479657341706
  0.91578827820115882  0.92748066652419414  0.93841264549199177  0.94720975009513819
  0.95652737304578372  0.96826036052638698  0.98222441394973714  1.00000000000000000
  0.00241138878823535  0.01815006197203346  0.03639460989203371  0.05505979588462351
  0.07145290050118906  0.08540849011723217  0.09866405530906076  0.10956452736767050
  0.11973603076808748  0.13134778200478661  0.14517418418929640  0.16043438058441917
  0.17326348832826483  0.18470026750289495  0.19666221025399019  0.20945782968749088
  0.22338213822909511  0.23407221507788512  0.24160714070979697  0.24873360140640111
  0.25637583840742523  0.26639445038684217  0.27384198927515602  0.28021234942723944
  0.28672821084701122  0.29482858434226744  0.30397123465035542  0.31278220606051410
  0.32237980502426916  0.33430900692179311  0.35349043616593440  0.37100307494521018
  0.38832049400823804  0.40001439515437809  0.40741491398833329  0.41426790377650424
  0.42103045546255879  0.43061233140668209  0.43936292351322959  0.44812461831864575
  0.45669364073971264  0.46751952938171387  0.47841506878493140  0.48939456657225366
  0.50163079403960376  0.51324033300202121  0.52568383406951535  0.53900410084020234
  0.55057387229245036  0.56211739221893020  0.57387688120698954  0.58534443783904944
  0.59643443471724034  0.60754743198323768  0.61675316851462469  0.62595666804982142
  0.63419306076794491  0.64192918709537528  0.64919966174559207  0.65552695687446971
  0.66201337599133825  0.67078809308132570  0.68116151629376065  0.69095022123964289
  0.69880025980818561  0.70773482924851283  0.71905694824829647  0.73136216490498585
  0.74244925192823463  0.75284636695135876  0.76424359404686937  0.77649408941702147
  0.78980170753494050  0.80094493085318275  0.81222946769033633  0.82088328778215447
  0.83006405953141560  0.83940272264691917  0.84717992819294974  0.85452713537105618
  0.86226398855364506  0.87069274474129787  0.88226017467457840  0.89453069176915179
  0.90667323148934775  0.91800719574049838  0.92892483274104909  0.93949941800838110
  0.94985780856102453  0.96003532365593613  0.96883463696178584  0.97530443807933476
  0.98155701413646057  0.98739387365091580  0.99257035931786852  1.00000000000000000
  0.00000698675388801  0.00000742082991182  0.00000780352976676  0.00000814610288384
  0.00000841125216665  0.00000870260370364  0.00000892224329491  0.00000909166151526
  0.00000928148580176  0.00000948496774563  0.00000968645014670  0.00000992590115095
  0.00001019823188274  0.00001046070663395  0.00001073374445376  0.00001101017186864
  0.00001129121583860  0.00001158626166690  0.00001193146691307  0.00001233974631644
  0.00001264721576587  0.00001284166385580  0.00001302073498475  0.00001319681125951
  0.00001337997861640  0.00001357032531186  0.00001376104258580  0.00001395766353229
  0.00001422449293089  0.00001454023145389  0.00001490869896977  0.00001537544162647
  0.00001594053449688  0.00001642435172837  0.00001686332226730  0.00001731674621906
  0.00001778910663127  0.00001831650574075  0.00001893485963072  0.00001956739329309
  0.00002020434885035  0.00002094427430287  0.00002172335750564  0.00002248903576231
  0.00002321693022492  0.00002387621337885  0.00002458333931125  0.00002536541100323
  0.00002623599172849  0.00002716966307437  0.00002813347127088  0.00002902844683150
  0.00002996100345651  0.00003090234858879  0.00003177922035873  0.00003321533914880
  0.00003478060878797  0.00003649244448552  0.00003843327829858  0.00004042581851482
  0.00004255652361174  0.00004493960080839  0.00004739766196435  0.00005000815601508
  0.00005290683632877  0.00005654215112885  0.00006103971139366  0.00006634780080284
  0.00007269673698677  0.00008103881605438  0.00009225769311620  0.00010591948834568
  0.00012312597666981  0.00014464738689707  0.00017180203570349  0.00020639653599172
  0.00024682528938084  0.00029602480664969  0.00035942471591623  0.00044572390962266
  0.00056224554779739  0.00072070136086665  0.00087848580638571  0.00108933619010242
  0.00135253536711243  0.00164768242283292  0.00213430278657437  0.00271007520452832
  0.00337659153734993  0.00438446216258018  0.00607982040696663  0.00778199560384890
  0.01367469113685836  0.02256662610916794  0.03340326958009569  1.00000000000000000
  0.00000586015455481  0.00000622921396029  0.00000648826699000  0.00000676073121314
  0.00000706862217553  0.00000735667508887  0.00000755584089765  0.00000783276242997
  0.00000811245718603  0.00000842910219628  0.00000878693824008  0.00000910980530448
  0.00000940380314979  0.00000971214468584  0.00001006740460682  0.00001050983245717
  0.00001101982969363  0.00001159004272274  0.00001222606030828  0.00001306697072764
  0.00001397356089376  0.00001476633749197  0.00001545730406632  0.00001606348093326
  0.00001689554825636  0.00001773915606913  0.00001876366464872  0.00001981365338924
  0.00002087490512544  0.00002194110197457  0.00002297048084681  0.00002398567728215
  0.00002501691902873  0.00002608552395328  0.00002731105030709  0.00002852528962044
  0.00002970655225550  0.00003097690642731  0.00003244365211519  0.00003405073197859
  0.00003571833455375  0.00003778378666991  0.00004004221344462  0.00004275286019706
  0.00004590912738698  0.00004865278099161  0.00005129602389637  0.00005398925710043
  0.00005695270008104  0.00006039012821060  0.00006378680699749  0.00006915256138886
  0.00007412592027715  0.00007967879836117  0.00008566704814136  0.00009168918186317
  0.00009812275313474  0.00010561507763193  0.00011497833414571  0.00012702221072105
  0.00013983118252018  0.00015359882977314  0.00016795189329804  0.00018293676112568
  0.00020256110830699  0.00022569164465938  0.00025018033063389  0.00027855608602618
  0.00031028328214644  0.00034646109969392  0.00038632138658119  0.00043396588178791
  0.00049077787394675  0.00054969742518605  0.00062167765597788  0.00072202334860199
  0.00085862659837075  0.00098821526229716  0.00112077852075869  0.00128851231061547
  0.00147934762326409  0.00172683033549728  0.00201151658448416  0.00235963693601352
  0.00305244336590792  0.00388500889426151  0.00465118766367982  0.00548061124693663
  0.00641275019992157  0.00754241360592250  0.00890617279640531  0.01064187055748355
  0.01539409458875626  0.01973933250138489  0.03041417064189858  1.00000000000000000
 -0.00122130082657071  0.00687620180916486  0.01456975372259486  0.02177863959445870
  0.02913506869778280  0.03699362980197869  0.04354602161421627  0.04941259593652549
  0.05521064553239702  0.06364819594242881  0.07425631673232609  0.08383039021069269
  0.09258694133336560  0.10150035052215120  0.11136743845178979  0.12162199148882807
  0.13170584105976627  0.14371011881326429  0.15541477727622324  0.16601002746433902
  0.17528984286606669  0.18457273128570859  0.19440057688812906  0.20457726542512589
  0.21625686666396124  0.22988048205355102  0.24579542125431680  0.26225755114039140
  0.27580336956107038  0.28738914599763365  0.29861264273283955  0.30946827288474049
  0.32182170471759319  0.33349279241248470  0.34284360184463125  0.35167889254911805
  0.36085598294442411  0.37051151402146926  0.38107277768271647  0.39142165515976202
  0.40327111399472171  0.41758439811629650  0.43234702617882886  0.44507791952626946
  0.45582604714466102  0.46602171485921534  0.47489923747709739  0.48336118984788079
  0.49073573711968654  0.49825934610584011  0.50703746564300500  0.51716785527820319
  0.53068286635829653  0.54260405113755728  0.55261848205023867  0.56194172725428182
  0.57087933248202705  0.57959205214335385  0.58876020802639606  0.60156875873148696
  0.61511667671136150  0.62979057828194041  0.64608758826599733  0.66369465505459668
  0.67950743210931885  0.69211498941415828  0.70283540292391367  0.71406771994257667
  0.72594238316485826  0.73687051599248132  0.74742567609305222  0.75854923623589243
  0.76870852025514036  0.77835528399327070  0.78799778084535788  0.79927697104235096
  0.80986910956583902  0.81824702599986388  0.82636337935587401  0.83502239326045768
  0.84475021546682527  0.85511048400281708  0.86533139726138297  0.87468428207810900
  0.88319599294490270  0.89069831953102996  0.89900247989457116  0.90875351239665836
  0.91932559729208507  0.92980830982144991  0.94107490129039939  0.95446811794546726
  0.96751910022110532  0.97889739704906198  0.98977697823362254  1.00000000000000000
 -0.00139669786024359  0.00611672959201523  0.01056680637413318  0.01523475220268979
  0.01982808170682407  0.02729913285821014  0.03497214747243751  0.04398308423344531
  0.05516637386664647  0.06525146503484197  0.07423823720170580  0.08208566370474693
  0.09165422530468974  0.10345787396857094  0.11724421141719868  0.13089439307741357
  0.14372364466881554  0.15536872288598250  0.16775328221022925  0.18083142579647007
  0.19505911092590930  0.21029190485300370  0.22533753349156380  0.23769896894082657
  0.24950643839678938  0.25921720445660779  0.26812585766994756  0.27735404689191095
  0.28732489083067159  0.29795316928631299  0.30594684104480063  0.31517166637353333
  0.32749765506929585  0.34252114093837382  0.35534421317334430  0.36812127592652277
  0.38126536551871526  0.39431108505003187  0.40817152232566284  0.42040269312774076
  0.43076239907341785  0.44073516277229241  0.45042366730083427  0.46018479027628467
  0.47179442180292458  0.48386751613336049  0.49602672072736331  0.50681535274585154
  0.51642321126030521  0.52759775035249989  0.54028702487743541  0.55549486305087425
  0.56975090909088766  0.58200190586823419  0.59406991026559841  0.60550442038124974
  0.61418843960765235  0.62204103329851446  0.63051916923854567  0.63958248269611095
  0.65162180262126845  0.66543540647049382  0.67844376002626716  0.69021406692303000
  0.70104478526428959  0.71098562532800669  0.72027191865530760  0.72965037744241545
  0.73978889893609234  0.75059334410227474  0.76096237122139676  0.77004444805825245
  0.78039375016135581  0.79221627944753259  0.80433967477578816  0.81456343431175693
  0.82233667482468531  0.82919447442618233  0.83681783620425854  0.84214018597473428
  0.84816260286054179  0.85397084744831242  0.86067558126707944  0.86782942813272945
  0.87659936821208762  0.88950137142562902  0.90469825795608483  0.91773893183124977
  0.92723171633078649  0.93519835084995862  0.94322756810837682  0.95288757517430889
  0.96474664108751729  0.97794817261529055  0.98990898615169931  1.00000000000000000
 -0.00218352943465505  0.00994924602135722  0.02073024542190031  0.03203456553184848
  0.04594702515990891  0.05905697480523387  0.06890225718496717  0.07765133270993324
  0.08626884739849348  0.09633797374412180  0.10688517981506139  0.11739295503864562
  0.12574026092270169  0.13374890219010280  0.14531109725039593  0.15438099621749138
  0.16355120966676190  0.17251438143414194  0.18137009068527019  0.19091924467632290
  0.20079419861091455  0.21455993748113947  0.22993608356223952  0.24275186496149842
  0.25348560107607981  0.26288671245501810  0.27262181743268432  0.28119345573063126
  0.29171211297644334  0.29813637359425482  0.30626612136995035  0.31418460388081487
  0.32066675961509833  0.32640401234358163  0.33159416468859021  0.33709402673242855
  0.34345615307871563  0.34993560516342753  0.35728506048147585  0.36532871385257232
  0.37478144472821234  0.38518296877903585  0.39655312695036987  0.40966726646641577
  0.42209427752768108  0.43411996031909539  0.44564633462094771  0.45799412779684356
  0.47279009432955094  0.48573895635115882  0.49759161609177810  0.50734700411067113
  0.51704590252405258  0.52688576572406709  0.53783084489528465  0.55064077878775797
  0.56148477918314366  0.57149283952640306  0.58316234084747021  0.59787567489055604
  0.61269245685221252  0.62425478855835681  0.63584935508049811  0.64692906062846789
  0.65673292241085757  0.66525994070445815  0.67325643401317892  0.68153788543513272
  0.69044744052671936  0.69999096012128403  0.70980027388399825  0.72000520213606845
  0.72992368282275122  0.74178239614377561  0.75518826790819182  0.76964471583352123
  0.78345365997477190  0.79519106264809170  0.80565978335431843  0.81614513637386432
  0.82735060909857105  0.83832431926470063  0.85136308933395877  0.86412241057655625
  0.87425760896777405  0.88228081184406304  0.88982058486810689  0.89825065956160777
  0.90956450848488257  0.92616290138517376  0.94249969239054443  0.95651009964315026
  0.96699783625882541  0.97794738260342484  0.98857646085326756  1.00000000000000000
 -0.00222165726340943  0.00916447879833079  0.02060546874118121  0.03117094516155297
  0.04381311754856405  0.05546318366201995  0.06737566672082861  0.08120938156660848
  0.09129247585561903  0.10114610749252201  0.10972020281005429  0.11755183152421533
  0.12603320755925185  0.13476944146337888  0.14341835383787691  0.15229910172541489
  0.16041949731183555  0.16892633816179756  0.18058872847367621  0.19468771860071821
  0.20947716889960583  0.22075541381347089  0.22954237751709231  0.23744005490636794
  0.24583465921689754  0.25520214711760031  0.26449648619429578  0.27497622470316185
  0.28633771870105945  0.29740788197702456  0.30834761888449352  0.31968046085400792
  0.33227209051852702  0.34555964506740355  0.35767106289388789  0.36842304465577452
  0.37861154390971113  0.38901618523866405  0.40094517673299651  0.41293785913903625
  0.42368165670056140  0.43467363435184447  0.44638106864442778  0.45794511268783439
  0.46902304866433975  0.47971991302269773  0.49062420787755973  0.50049386264629969
  0.51286375430672715  0.52405845878662272  0.53321566178415536  0.54180357037692983
  0.55082669656026928  0.55989676006641997  0.57007934835421981  0.58003470175447325
  0.58709955566431260  0.59444650298933643  0.60244112714629050  0.61248655272325936
  0.62456529885301582  0.63399515404114581  0.64281525886659741  0.65223358369864082
  0.66197063166053183  0.67191564981306928  0.68184387253555589  0.69151607872640830
  0.70148983692597322  0.71334967297724861  0.72350100542915341  0.73268737505134374
  0.74021665065214326  0.74658248941674221  0.75291712038194758  0.75968993666280882
  0.76710604159947438  0.77564215115607205  0.78448355873219933  0.79615864211096377
  0.81336576911115910  0.83009284865222721  0.84494924600481547  0.86032396586602644
  0.87724352920020432  0.89034859366435026  0.90055358738379065  0.91087300972740926
  0.92253960076805674  0.93653025555100367  0.94910024305232510  0.95782697942957806
  0.96620441625748521  0.97489893864424271  0.98477131328128165  1.00000000000000000
 -0.00370359863604053  0.00860770575246369  0.01978113710585820  0.02974437584378003
  0.03988447554851594  0.05108093037005110  0.06069166425162351  0.07040116110530735
  0.08318987127965340  0.09786303674008150  0.11118340536621864  0.12303007199864707
  0.13352328018177290  0.14285355557725402  0.15267660375522521  0.16220714603859315
  0.17163835947429382  0.18085728439126941  0.19006311499966766  0.19822286364679889
  0.20638394320238582  0.21585731825254478  0.22809692866061385  0.24105553319026127
  0.25219695234973194  0.26253464887079214  0.27244930220967029  0.28229060680465140
  0.29280412055507615  0.30411887427008355  0.31664599927336140  0.32845747089723748
  0.34187236903282608  0.35735462272253304  0.37272904135097862  0.38801127225616022
  0.40287757358771192  0.41771436016466473  0.43444027048644823  0.44928326200542934
  0.46048109560099071  0.47005583281589719  0.47906883243624881  0.48655929467056142
  0.49554952912791045  0.50446730968049969  0.51457391677371056  0.52674121577688005
  0.53859298491182372  0.55042949097980864  0.56298629525172927  0.57753870980287492
  0.59152949900726048  0.60316032962421684  0.61419015118699460  0.62546685155508108
  0.63664895074949923  0.64795749205457531  0.65919725956887343  0.66885295519786991
  0.67741534225661071  0.68578998928361534  0.69621708925479897  0.70719990655398324
  0.71547299091352079  0.72400970443361434  0.73358720582246284  0.74576662256293769
  0.75799878756835004  0.76929842066986076  0.78073547986784597  0.79258171540034017
  0.80423407646070155  0.81412699102436370  0.82190294693807309  0.82966001474234274
  0.83846608658487221  0.84838305240187772  0.85741537407443291  0.86435206619270355
  0.87004008040088543  0.87642995901921195  0.88547728478995458  0.89567936171070994
  0.90544366348116623  0.91600656547079295  0.92888665851650354  0.93903595276975116
  0.94783441595555762  0.95627173492556083  0.96392091635276789  0.97054353065163634
  0.97769087434022695  0.98477353943306734  0.99183444841106239  1.00000000000000000
 -0.00268012265827211  0.01199001844749455  0.02386228698802538  0.03553338968125588
  0.04814939378447029  0.06072069443690181  0.07097949721992164  0.07825298067721062
  0.08642872421219377  0.09498133555977442  0.10397996325439202  0.11338018977451451
  0.12318894946892910  0.13281979995205567  0.14202709019720777  0.14920462850546068
  0.15795065133690753  0.16654920329616016  0.17535353054100539  0.18672429496028531
  0.20136669523267511  0.21432001940859408  0.22732318076536184  0.24170376025491183
  0.25575666912676670  0.26775235546323595  0.27995292343697870  0.29307831678286389
  0.30555982666783188  0.31665255696004208  0.32865676405205524  0.33909898405785505
  0.34975120699463907  0.36003649030655738  0.36958939681131681  0.37837850527902089
  0.38659626057633178  0.39548346663294809  0.40538941372329385  0.41833766852552623
  0.43358743058291882  0.44738800356999942  0.46005916917082457  0.46945102744983797
  0.47847227124614178  0.48765029313054886  0.49718477141540940  0.50600840713657835
  0.51330155116663045  0.52058691795948697  0.52772920528906198  0.53456969286746781
  0.54169751414817702  0.54946550090472746  0.55845300145680854  0.57034098413458811
  0.58264379225545504  0.59387908645662235  0.60487147399049235  0.61576729050640311
  0.62878847610805400  0.64277400863793288  0.65464161202687821  0.66478160487338167
  0.67527374779654292  0.68413808619129235  0.69495060787450791  0.70521073456823824
  0.71517289931577888  0.72293202084256558  0.73012479992489399  0.73779736203205470
  0.74607758377852473  0.75792668389294215  0.77080680133747215  0.78353892358510957
  0.79536590058371814  0.80652209998607027  0.81813266212305624  0.82934993528347889
  0.84020977593004509  0.84962926386287418  0.85883435452150769  0.86845907458006566
  0.87856660076725956  0.88877822170815401  0.89884489421410951  0.91085957065067236
  0.92264575539270044  0.93488437606099317  0.94729519697505604  0.95845578085881544
  0.96869091310034028  0.97911856218775162  0.98961578055990462  1.00000000000000000
 -0.00314207531177185  0.01317633166003992  0.02571913512238668  0.03640575725014365
  0.04760613771512538  0.05717824858211212  0.06590040898327400  0.07359827158419126
  0.08174617296411761  0.09102197727715457  0.10056658956923829  0.11084999214823352
  0.12170088203117971  0.13150410612305338  0.14167891627984450  0.15392858387549366
  0.16676843418994255  0.18101171550445985  0.19300929706322495  0.20294489467693652
  0.21202320338136593  0.22063267658839961  0.23028298728542193  0.24061657856007576
  0.25332661401129636  0.26603218749962387  0.27606694213304656  0.28479060831197683
  0.29344282348842743  0.30354677220710513  0.31682690496829413  0.33137637042499196
  0.34510882455495534  0.35580185964192873  0.36434073439890363  0.37244358602310318
  0.37925696755830007  0.38585026386487498  0.39508112532804324  0.40437919679415563
  0.41240438540573410  0.42188704580695741  0.43333322806641306  0.44622186701393612
  0.45500014645444653  0.46338223016834718  0.47206882131161598  0.48083941492964011
  0.49103174480327655  0.50191945404503557  0.51182084393922689  0.52101048872264144
  0.53031250059656798  0.54003562192821031  0.55101313249421535  0.56141220220115762
  0.57258203710559696  0.58215818541059838  0.59223838744894464  0.60187731362273511
  0.61230357668081914  0.62413363652614529  0.63525056262870760  0.64561754101019153
  0.65631118447825731  0.66738117241663442  0.67986483104394779  0.68864436008188068
  0.69590897006861707  0.70197486891622241  0.70938105703498910  0.71649674639555594
  0.72306159503199541  0.73106333921884725  0.73863379028199183  0.74696584469774063
  0.75618225812713524  0.76564852347175816  0.77660287578929732  0.78785147438690395
  0.79929298881908317  0.81229962036431280  0.82613034644999184  0.83985810716515186
  0.85559021364758148  0.87134764355727157  0.88834160186212541  0.90298575339461173
  0.91614647194090570  0.93104574630681403  0.94479449377649050  0.95491853294155593
  0.96557623054167396  0.97643936024752642  0.98728430321554683  1.00000000000000000
  0.00001705271660784  0.00048648918678550  0.00081997341709475  0.00104406190114683
  0.00127305461217832  0.00150799151411432  0.00175000870830430  0.00199324862215816
  0.00223656333380950  0.00247728914217411  0.00271612704146264  0.00296009693531370
  0.00317090563388419  0.00336992258162461  0.00357001094130113  0.00376942972034012
  0.00397099682240060  0.00417531203524749  0.00438448780910197  0.00460467614684543
  0.00483890639529432  0.00510352838968989  0.00538974662143098  0.00563859740808902
  0.00588735943181472  0.00613530802968218  0.00640116856601339  0.00668661830606598
  0.00695812721702334  0.00721811162692686  0.00752597438083683  0.00788007224612802
  0.00828449726411357  0.00872781705950747  0.00917086530279070  0.00956002518279416
  0.00994450511735273  0.01033803845087854  0.01077812206816212  0.01132309917690487
  0.01187092595072798  0.01238158190333396  0.01279502811750571  0.01321327463301447
  0.01353612397053411  0.01385139455867232  0.01417988647661211  0.01453131514025885
  0.01502817544745925  0.01540982260979936  0.01569051926560747  0.01597516067869275
  0.01623160555525402  0.01649618636084292  0.01673851958429910  0.01701442971072932
  0.01762057226002471  0.01817281626933399  0.01869616336952759  0.01922358619773808
  0.01975389558081728  0.02031218664590451  0.02100217028418396  0.02164467667263267
  0.02221638321567749  0.02271978876023774  0.02324016392423627  0.02382040851485815
  0.02460841547553797  0.02527881281917843  0.02590026016759822  0.02648348539519597
  0.02729198032766021  0.02796139411344106  0.02866465659994405  0.02938135450203343
  0.02995153586344022  0.03077931071693695  0.03193137075852124  0.03295068511629184
  0.03359404296724735  0.03422467269030770  0.03496029468989718  0.03585160793888208
  0.03665360065502453  0.03750007830001756  0.03831001715915850  0.03949225200435938
  0.04287206855064574  0.04609854438417243  0.04819698138785096  0.05037771683581677
  0.05270902544822668  0.05645828319962733  0.06045786742186695  1.00000000000000000
 -0.00189113518110115  0.00671636966622225  0.01352189857486299  0.02016486511696023
  0.02780869660327253  0.03618407699990977  0.04667737986768983  0.05735562889719047
  0.06741354433495625  0.07564797622084686  0.08387946229286078  0.09244528475625197
  0.10115390959736278  0.11030296413009849  0.11967649460027016  0.12885391744717242
  0.13792322489476683  0.14415261284652559  0.14980827998703483  0.15540192394360633
  0.16190491787943995  0.16993761410559399  0.17934727225082420  0.19064458861240299
  0.20162110641459607  0.21187582860399498  0.22139280075300891  0.23148096107883456
  0.24200037189656834  0.25077464022824164  0.26031838276350627  0.26991999337315192
  0.28290021560557160  0.29754505901974371  0.31376230184452808  0.33200489240991038
  0.34997728298700514  0.36571402696457950  0.37990509758666935  0.39343541237098839
  0.40524967432928138  0.41734427042644440  0.43178213916857078  0.44701403161875553
  0.46308891818982456  0.48006865701664464  0.49376204067830065  0.50756494494931559
  0.52004069893258131  0.53158839068874097  0.54389202726491170  0.55971449020759634
  0.57571899900316970  0.59007243079426641  0.60208909255093601  0.61630004812540162
  0.63128299638631047  0.64697908141140192  0.66298780249279288  0.67776368537547604
  0.69095616669496251  0.70295321959304591  0.71558368945520834  0.72852799446535188
  0.73889895000889971  0.74947893843262836  0.76039002523045962  0.77098487267669347
  0.78096640983954191  0.79041033750395195  0.79617702183383421  0.80156224665972853
  0.80808649653941822  0.81508022542801006  0.82242969995520732  0.82985815626244697
  0.83771525093261245  0.84471823816784430  0.84975953155909090  0.85399839431753422
  0.86093736625338091  0.86763585308106017  0.87568430747476766  0.88607655835066557
  0.89570469114629681  0.90466643178021555  0.91380292878838543  0.92347214876592254
  0.93294641759360808  0.94239336185922051  0.95189722684816602  0.96087869913480706
  0.96953184453260577  0.97859707594606238  0.98879682159115456  1.00000000000000000
  0.10283390517913645  0.51169622081750177  0.58868577204437844  0.63580099307360860
  0.66747944257885417  0.69426470558189990  0.71447051178911514  0.72890904851161287
  0.74369450130713599  0.75951211236882987  0.77426094130533440  0.78618115672609135
  0.79656277828268318  0.80568948777737770  0.81407580980749106  0.82172878171496189
  0.82959759611259554  0.83592475342820283  0.84120576389254620  0.84642746832287885
  0.85138799813037169  0.85641615653420822  0.86073067986375662  0.86463574461224335
  0.86864438268131461  0.87260637177007017  0.87674782563661291  0.88059320899917215
  0.88423753324910459  0.88792918872759197  0.89128751969785647  0.89434730747772151
  0.89704214207839783  0.89961278811533718  0.90230563745105374  0.90488313549639976
  0.90750425277322677  0.91019501998035601  0.91250827459332295  0.91495339372328177
  0.91737012288636355  0.91983880212399227  0.92238555210775142  0.92491861277630916
  0.92731761240641020  0.92956088054021835  0.93211805511694612  0.93452661439749241
  0.93696849873527244  0.93887452108553282  0.94064308517038930  0.94243354372490562
  0.94430078774417170  0.94635486648771605  0.94841662619969325  0.95036586087395614
  0.95221533664694891  0.95412101423045037  0.95591992445630181  0.95744558570006089
  0.95898219492074810  0.96043409876670038  0.96189366047563052  0.96350092578081981
  0.96507448038502419  0.96660642487892479  0.96813868316965002  0.96934003692962567
  0.97064661212288417  0.97184051202736510  0.97288262889966348  0.97380564219891852
  0.97468733850743849  0.97557575323695489  0.97640611166280000  0.97720111743564742
  0.97790735170060339  0.97869234579756181  0.97952525259886158  0.98037694926021313
  0.98125597646330387  0.98216311496627762  0.98307513243900913  0.98409347763426225
  0.98516338600751485  0.98626588699600326  0.98740325914814786  0.98873268978991447
  0.99013692313439594  0.99157513434722244  0.99292415257802658  0.99410104076909678
  0.99526302817788959  0.99649275312313668  0.99799239635264625  1.00000000000000000
 -0.01724336157477352  0.09550138816037129  0.12929093176001877  0.15545036980453633
  0.18127996430385318  0.19888980998994576  0.20954845184663079  0.21796886988629013
  0.22544366067951024  0.23524763188972425  0.24754782262838795  0.25999935856608647
  0.27018235780182354  0.27950818472234723  0.28852969764431385  0.30118538642649595
  0.31290594266571270  0.32173582595423156  0.32968864816743854  0.33786765471188179
  0.34640888729996588  0.35484352180729978  0.36144616265351809  0.36875523094701268
  0.37563699882211365  0.38093840814100277  0.38599058712749718  0.39141330692729931
  0.39667714739350063  0.40119457358758598  0.40539904049570380  0.40994212933087487
  0.41532057184011534  0.42060048331798178  0.42482451680042566  0.42776646468181256
  0.43074998472553166  0.43375140315088584  0.43810700988927698  0.44338630189788347
  0.44891588935824589  0.45488392757924256  0.46101593302655536  0.46719163172373801
  0.47316497800249624  0.47896621487632696  0.48686634535522227  0.49516047832123922
  0.50284277360102136  0.51043000195623511  0.51761356396955671  0.52422645192122141
  0.53045607995456723  0.53644661784284864  0.54172195646146704  0.54720626152589036
  0.55244657297666200  0.55759625642164079  0.56314056072025720  0.56837177950113027
  0.57335972342240948  0.57913360339680875  0.58511586184885656  0.59082326573759281
  0.59646633687255879  0.60232569830950611  0.60839926670634603  0.61461141384251816
  0.62044879618744708  0.62546793246469667  0.63055325576818366  0.63533576442188588
  0.64101505850365592  0.64770779012460411  0.65502221511499681  0.66309249024781303
  0.67205728191180247  0.68181231135045273  0.68908731738616369  0.69688200149048196
  0.70490100816190238  0.71280683116798105  0.72079227669393364  0.73106651887669416
  0.74022315494913038  0.74874549215261621  0.75754828199990631  0.76728486186130340
  0.77895135134505589  0.79148055599098610  0.80487493623509121  0.82016341060281073
  0.83899729739813544  0.86215213449021255  0.89510169677818763  1.00000000000000000
   2.1792186367481357E-011  -1.0000000000000000     
 F F F F F F F F F F F F F F F F F F F F F F F F F F F F F F F F F F F F F F F F F F F F F F F F F F F F F F F F F F F F F F F F F F F F F F F F F F F F F F F F F F F F F F F F F F F F F F F F F F F F F F F F F F F F F F F F F F F F F F F F F F F F F F F F F F F F F F F F F F F F F F F F F F F F F F F F F F F F F F F F F F F F F F F F F F F F F F F F F F F F F F F F F F F F F F F F F F F F F F F F F F F F F F F F F F F F F F F F F F F F F F F F F F F F F F F F F F F F F F F F F F F F F F F F F F F F F F F F F F F F F F F F F F F F F F F F F F F F F F F F F F F F F F F F F F F F F F F F F F F F F F F F F F F F F F F F F F F F F F F F F F F F F F F F F F F F F F F F F F F F F F F F F F F F F F F F F F F F F F F F F F F F F F F F F F F F F F F F F F F F F F F F F F F F F F F F F F F F F F F F F F F F F F F F F F F F F F F F F F F F F F F F F F F F F F F F F F F F F F F F F F F F F F F F F F F F F F F F F F F F F F F F F F F F F F F F F F F F F F F F F F F F F F F F F F F F F F F F F F F F F F F F F F F F F F F F
  <DiscreteSampler_grid>
  grouped_processes
  1 # 1 for a reference and 2 for a running grid.
  10 # Attribute 'min_bin_probing_points' of the grid.
  1 # Attribute 'grid_mode' of the grid. 1=='default',2=='initialization'
  0.0000000000000000 # Attribute 'small_contrib_threshold' of the grid.
  0.5000000000000000 # Attribute 'damping_power' of the grid.
 # binID   n_entries weight   weight_sqr   abs_weight
    10   10   6.885408934084824E+002   4.505315130837681E+006   6.885408934084824E+002
    16   10   6.883938364342591E+002   4.503807097027516E+006   6.883938364342591E+002
  </DiscreteSampler_grid>
