  0.00205686266090648  0.01683725655628654  0.03154528725389771  0.04460149214479295
  0.05652746948011685  0.06841299038970163  0.08039645709549652  0.09170581988230506
  0.10208549078643128  0.11202226979251799  0.12205382099971260  0.13199198092125602
  0.14148413191448697  0.15105898661792860  0.16116182244451524  0.17166198601307023
  0.18204949463493483  0.19205016285346163  0.20197202098779413  0.21224718325350234
  0.22255914764667864  0.23289641871718295  0.24339880926174112  0.25438721853342194
  0.26637692913430328  0.27771947105421740  0.28856395822569786  0.29922710019349319
  0.30940928798145667  0.31932038711991034  0.32915364963758414  0.33882022590609351
  0.34815046256364485  0.35842512694834733  0.36952969973553218  0.38102276787819683
  0.39216517979936627  0.40286550734761833  0.41329537066582744  0.42355143184623278
  0.43413823478309005  0.44519299562864983  0.45629715907217311  0.46643462919262946
  0.47576169701843035  0.48521817877082235  0.49564863589019775  0.50682362141962634
  0.51829264498462435  0.52947929778208214  0.54026884150744714  0.55050855086437145
  0.56079595812554672  0.57166899076247568  0.58294835569150460  0.59425441150933445
  0.60590674031438263  0.61751663028349901  0.62879686639816590  0.63978856615166813
  0.65113001529964754  0.66312986147211217  0.67192764580065412  0.68111958640797132
  0.69021493922854571  0.69966207101942446  0.70993099701213080  0.72023747241013225
  0.73049625606458957  0.74072205978132277  0.75094330808641863  0.76155518680718493
  0.77252542015202885  0.78337313302167610  0.79394652410610544  0.80438228610157014
  0.81481033296793393  0.82497974950166675  0.83540937807173743  0.84643379011063236
  0.85757737729462014  0.86847169354583809  0.87923317803167311  0.88998481512563221
  0.90084088024666964  0.91154378286357762  0.92198920413643171  0.93239124491385816
  0.94292990818877664  0.95366311929473346  0.96388145910879475  0.97328248332049250
  0.98157244557989232  0.98834524613467845  0.99222884464067151  1.00000000000000000
  0.00945011895929834  0.01683038360924142  0.02628491583571134  0.03632282684310154
  0.04668842323421098  0.05863942928767946  0.06901682249290447  0.07948996677888537
  0.08939939723643736  0.10019796847152782  0.11140612318280677  0.12252795983077489
  0.13438968637070239  0.14626598852502740  0.15836809323082945  0.16970639672655033
  0.17942701792632237  0.18952002737562904  0.19878273895881263  0.20848403129344401
  0.21870377535416211  0.22932817488274473  0.24050493826061439  0.25120882342026352
  0.26179172315067256  0.27180818936007206  0.28180089077335202  0.29209499234949082
  0.30380463020103377  0.31549117484217498  0.32640075056715706  0.33731371497900375
  0.34757932353091880  0.35781157178832995  0.36688099592724199  0.37630204864788142
  0.38620680224677723  0.39677180172192850  0.40797040686664043  0.41907782178997000
  0.42999161814531750  0.44049895221662699  0.45111685349664626  0.46231459990469986
  0.47378184792106348  0.48478139399727910  0.49565942837953580  0.50649028384780659
  0.51714251846679204  0.52793590945538593  0.53826312837552392  0.54801463232607273
  0.55742788345408001  0.56716250175682403  0.57719491651955845  0.58709434499890290
  0.59680746286951414  0.60642300187007581  0.61474866794240413  0.62287226629542192
  0.63117014454191955  0.64052166379821562  0.65173864087822253  0.66448197510969231
  0.67672594209926984  0.68857552079546935  0.69993855785293368  0.71158053147106148
  0.72257951885708194  0.73286578337199459  0.74293368789594694  0.75378952856843107
  0.76553679476806658  0.77641858820820031  0.78655200982317108  0.79642904330912645
  0.80617356584941313  0.81597253748597454  0.82594647802714227  0.83613537167320962
  0.84599005113108794  0.85567231526158272  0.86625988543185872  0.87654497385496632
  0.88713737630223899  0.89787754302570422  0.90890984690208365  0.91985722477944010
  0.93021553578351868  0.94035566217560107  0.95025631307992109  0.96048340123331055
  0.97072087848839694  0.98064989392186608  0.99141357886124648  1.00000000000000000
  0.00091147966992132  0.02161616300898138  0.03836878666968384  0.05166524324194199
  0.06382041833386222  0.07581571040178574  0.08666005791845985  0.09730177161528748
  0.10869005376991187  0.12167574605330192  0.13390910641777115  0.14561687078932717
  0.15769365011063499  0.16973501932162910  0.18201574574134480  0.19412733421287962
  0.20619975603977178  0.21748285146446653  0.22835311381712836  0.23874146483387948
  0.24968765244978125  0.26095231960951853  0.27218715316259889  0.28289871760902607
  0.29349424184391271  0.30446632492532016  0.31563292497625789  0.32689036516332093
  0.33774651749662532  0.34822605674950935  0.35919772210412876  0.36866512111629551
  0.37776015090793114  0.38665172677045495  0.39647131333566488  0.40671796345905359
  0.41613311670925451  0.42534040565395953  0.43450097542566218  0.44419442923862362
  0.45491229091009205  0.46535254052167069  0.47569303688508990  0.48613676942255457
  0.49648325453022790  0.50658882103775926  0.51631470482776176  0.52590968186420983
  0.53499976984608344  0.54360611353564536  0.55226628750018192  0.56184076616398582
  0.57229874670893721  0.58381412197840998  0.59501521597066365  0.60616785466706169
  0.61663408412007081  0.62649144567710147  0.63609703800701345  0.64563275524580155
  0.65507958944072076  0.66470124198303149  0.67480586074401017  0.68569421155933319
  0.69680031759501460  0.70777583615742656  0.71861230876451765  0.72971327504627637
  0.74063591923076277  0.75116613535807786  0.75961907155006225  0.76742858245122680
  0.77567872234531243  0.78424079939607871  0.79342320526357968  0.80325229465574044
  0.81342596002342848  0.82382253418741069  0.83409332076727694  0.84374230138754724
  0.85331576354336480  0.86383642326106302  0.87519913315695330  0.88689499168160668
  0.89867945361400126  0.91019599308965315  0.92105827579903254  0.93144731036945971
  0.94164979716380781  0.95173444312425892  0.96147297319490010  0.97035027969771959
  0.97845151449279255  0.98584442350606172  0.99267139454226905  1.00000000000000000
  0.00000418581334108  0.00000444782201770  0.00000463568402624  0.00000482095267553
  0.00000500777534913  0.00000519239577095  0.00000537448197626  0.00000555558551364
  0.00000573007783416  0.00000591584917424  0.00000610604214167  0.00000634658282610
  0.00000657563331524  0.00000679909108065  0.00000702816674447  0.00000726410736768
  0.00000748056912772  0.00000766052957486  0.00000783438665835  0.00000801652419952
  0.00000821953870970  0.00000843626930226  0.00000865219743412  0.00000887021281863
  0.00000909115512798  0.00000932539931224  0.00000959954687580  0.00000990887408076
  0.00001021354927866  0.00001052250199732  0.00001084087323125  0.00001117582103802
  0.00001151659034956  0.00001186609779383  0.00001222380077085  0.00001259155293038
  0.00001297265438232  0.00001335741272088  0.00001375921558112  0.00001415933174986
  0.00001458308813041  0.00001501614842019  0.00001545197098444  0.00001588495832399
  0.00001633596207564  0.00001679809393838  0.00001727047154595  0.00001775925403431
  0.00001824916639747  0.00001877640499769  0.00001936397402937  0.00001999800647527
  0.00002062604997873  0.00002125908299239  0.00002196225439550  0.00002269061405515
  0.00002346992120098  0.00002436116594401  0.00002529324568887  0.00002620798743396
  0.00002716326504698  0.00002817742282015  0.00002926757254734  0.00003039556371316
  0.00003163078569496  0.00003299558022739  0.00003448324694831  0.00003619186244275
  0.00003813213739141  0.00004022379705286  0.00004248328419709  0.00004502225134616
  0.00004790567161833  0.00005125855312556  0.00005511352133365  0.00005965759207590
  0.00006508328689679  0.00007210735148479  0.00008162163271449  0.00009482796709605
  0.00011198207439577  0.00013431972031499  0.00016440030410459  0.00021064325750749
  0.00028330133456259  0.00039658960526941  0.00058039810987110  0.00088887869755552
  0.00135921811654271  0.00214272759233656  0.00367155502023633  0.00704573625766309
  0.01342436808290055  0.02997142518160659  0.06603819472906931  1.00000000000000000
  0.00000052341563116  0.00000164221457818  0.00000235128559555  0.00000295597951091
  0.00000354689880674  0.00000414907005147  0.00000470204362497  0.00000525573142625
  0.00000580312864202  0.00000634599823684  0.00000688685490721  0.00000743591490349
  0.00000798023254155  0.00000851407370708  0.00000905747293164  0.00000961491127308
  0.00001021243370582  0.00001083244259944  0.00001143527177819  0.00001201333928069
  0.00001257389045124  0.00001313654133555  0.00001370907143743  0.00001429868769150
  0.00001491766521123  0.00001556910003079  0.00001625319882104  0.00001697098360084
  0.00001761629409654  0.00001824836196656  0.00001893602271262  0.00001964328840096
  0.00002039861153771  0.00002124695464920  0.00002218969958223  0.00002313544907559
  0.00002408303617819  0.00002508553908611  0.00002613194393249  0.00002724591088465
  0.00002844613632771  0.00002972712331623  0.00003101579173019  0.00003241176135418
  0.00003380040058077  0.00003526695974506  0.00003682899941419  0.00003840034935485
  0.00004011936601388  0.00004206352987990  0.00004416089429128  0.00004636327940096
  0.00004869716289880  0.00005127105657073  0.00005437245063540  0.00005795211678870
  0.00006184809769158  0.00006612867541088  0.00007091756641752  0.00007635661985388
  0.00008271268064991  0.00009086873476563  0.00009959246128997  0.00010877502129332
  0.00011851882783056  0.00012924397495841  0.00014194197643147  0.00015679551712394
  0.00017326162115639  0.00019196607079144  0.00021388529153962  0.00024146476945762
  0.00027688106555263  0.00031847338621462  0.00036531824920097  0.00042111591616599
  0.00049282447469746  0.00058661156031020  0.00070322582393499  0.00084625437888729
  0.00103845225096395  0.00131964307545793  0.00171679905383229  0.00228325580397786
  0.00301848817204449  0.00387700752767293  0.00505950565975524  0.00656278657109270
  0.00852319884566189  0.01045318542875556  0.01321865894735541  0.02111352449030395
  0.02837301339970697  0.04424616359108758  0.11157438914730904  1.00000000000000000
 -0.00162576948150722  0.00617997209319485  0.01358072892510736  0.02149232115784395
  0.02996177575719349  0.03833268736283752  0.04675787745105522  0.05562583888655837
  0.06444678918464355  0.07373890142834422  0.08342832665411513  0.09368469690363965
  0.10399149481693257  0.11441955671384721  0.12460668756129462  0.13470592984630525
  0.14459684698043218  0.15455945807213464  0.16467685556754902  0.17508348474518179
  0.18641621248041745  0.19814995092235219  0.20879059157821209  0.21809359968854167
  0.22696050138874613  0.23610748861524547  0.24603193876966284  0.25642505708800378
  0.26714567301599873  0.27847031327849919  0.29032867754156377  0.30198288123433592
  0.31322358971246428  0.32422211781950139  0.33567848247096743  0.34740899230624089
  0.35986022906469772  0.37128712378824058  0.38262450300811973  0.39396422071635973
  0.40594030775863638  0.41744990128753795  0.42865084493659494  0.44018633266083823
  0.45239911944607081  0.46494892085766354  0.47776749796043638  0.49055310160390547
  0.50296053424301701  0.51511881417457939  0.52799108668862527  0.54084632798575483
  0.55304819796603644  0.56466016159370647  0.57635293735039261  0.58828471732870513
  0.60019707122748278  0.61246392321681065  0.62488473980087222  0.63715257758764787
  0.64871181438323045  0.65958387271531171  0.67067874112977521  0.68188309347471165
  0.69282014629150190  0.70346651666248305  0.71428505196227432  0.72549171194377093
  0.73780833779881694  0.75037729924782237  0.76198507826531525  0.77240813729805324
  0.78207488781885415  0.79183998996720462  0.80202013948722739  0.81242208828401263
  0.82267077755471074  0.83201243447725592  0.84213754241416861  0.85272622666321662
  0.86337012563267712  0.87424303707295092  0.88536536999230286  0.89657605439846777
  0.90746566599072365  0.91686508865204164  0.92443435969749677  0.93190134184935725
  0.93887619492435415  0.94621834860386589  0.95456832182771600  0.96365074744621526
  0.97308012704373947  0.98250838786439643  0.99122658133025632  1.00000000000000000
 -0.00262016844090765  0.00975026016393587  0.02010049079551257  0.03116236095223036
  0.03967130114128318  0.04877144869266524  0.05885116319238864  0.06836453170407789
  0.07903258336744191  0.09119139608395375  0.10294547286749539  0.11441137511742502
  0.12487684330833577  0.13566165855930351  0.14622820399655653  0.15718944466740833
  0.16786314511142730  0.17886596395142917  0.18952126596796864  0.19978067396659563
  0.21058752924116436  0.22033028093828039  0.23082111250591991  0.24155598895586275
  0.25290846930621569  0.26469170837046757  0.27672499730865940  0.28857940251398312
  0.29962311990785212  0.31033816346850568  0.32084823871439605  0.33095884291847455
  0.34064235977951840  0.35054830799716902  0.36102071372933714  0.37184371241388287
  0.38271188402031953  0.39357508221898924  0.40410107966436160  0.41413962044925201
  0.42396204239881541  0.43395140351554556  0.44434441982982836  0.45547666207896870
  0.46727690394506993  0.47938493643272234  0.49171823295169159  0.50328184823214983
  0.51381897759768258  0.52397087022104172  0.53403583935301313  0.54403481920093377
  0.55410505631516738  0.56417237714728874  0.57409452431303076  0.58421448037086332
  0.59450731175924976  0.60475269412697508  0.61426013695204496  0.62358482135962534
  0.63345152714037334  0.64423531189886096  0.65535499737415126  0.66551017102894627
  0.67446112119771873  0.68372412139741601  0.69321142165357408  0.70557660923656074
  0.71662584909179594  0.72789568418259021  0.73919453555622749  0.74996048475840849
  0.75998667293362765  0.76988348326550460  0.78037785010502014  0.79068748961834467
  0.80058445794503519  0.81076514587752180  0.82169402288988569  0.83328372093794423
  0.84396783775297579  0.85423960337438465  0.86440295906800091  0.87512605123761855
  0.88609821399097932  0.89692698287275885  0.90792272151173625  0.91896341285531824
  0.93013327744506324  0.94071351390028535  0.95092927777124936  0.96134400388693020
  0.97126268068557697  0.98074107340097139  0.99023177306359422  1.00000000000000000
 -0.00116715373117536  0.00561638874844455  0.01359161948935652  0.02260908500289259
  0.03296406499605880  0.04303104372043154  0.05301941051311432  0.06328116774390918
  0.07370738962486680  0.08456093943425549  0.09561496167686552  0.10638276289843314
  0.11687539989758534  0.12711972690411910  0.13752313789148643  0.14832152038064697
  0.15912637781490266  0.16968147415193996  0.18004335030090973  0.19028836837089733
  0.20095915368046194  0.21119015209480149  0.22140503266637637  0.23123138465384735
  0.24083400732263890  0.25080444426316784  0.26142489541932762  0.27266951666527461
  0.28403543147167543  0.29577277388460832  0.30798258451901500  0.32053392849696677
  0.33269823015063926  0.34373224830621779  0.35426517400762675  0.36477897412472393
  0.37518954507879965  0.38542301338480228  0.39558351954990117  0.40593707440391752
  0.41629627217395559  0.42647617206618399  0.43682007307801712  0.44735360265341440
  0.45787789721023275  0.46795446225741233  0.47755485612286597  0.48759742926030419
  0.49819429332059650  0.50897189263280873  0.51983795613602135  0.53020277848482278
  0.54075661658383456  0.55138188256260379  0.56221746739282497  0.57292131745334074
  0.58394663753233700  0.59596341477800174  0.60863601617997631  0.62061197810820456
  0.63279291878260602  0.64407559836772399  0.65481916794728623  0.66574502173859840
  0.67714623699457599  0.68811533264939129  0.69888437666474357  0.70982318872441608
  0.72153168163976023  0.73339712911193822  0.74559529414500780  0.75660422644981618
  0.76694410329447604  0.77661151866772149  0.78611271306681496  0.79605300014502989
  0.80589331632272942  0.81656269401776038  0.82741215525324252  0.83773039547439498
  0.84852343861920487  0.85828290308691424  0.86847201785796113  0.87778283797594081
  0.88743886232449232  0.89806156262428360  0.90896332311922212  0.91982348705847639
  0.93066135484550327  0.94087329285621968  0.95136980037703278  0.96198808337306063
  0.97208116554953528  0.98164719155732638  0.99043245961912318  1.00000000000000000
 -0.00282464428849838  0.01042806397519030  0.02224466055498708  0.03485552563985160
  0.04671940848326717  0.05684841960394305  0.06637081268943021  0.07523019044596498
  0.08431557880492700  0.09365856904781433  0.10380613900032817  0.11444628720113591
  0.12549691960654494  0.13630246306989255  0.14692438902676067  0.15752779452739474
  0.16822516315844896  0.17891991808180940  0.18946853146127790  0.19931576599966236
  0.20878879854523263  0.21788070925245681  0.22740849056204201  0.23778032428380858
  0.24845020769910123  0.25953895685840261  0.27080122554908820  0.28179022412513760
  0.29204394089489127  0.30128902989696799  0.31103897293044175  0.32098958259403165
  0.33026040861281020  0.33953669937790459  0.35014776035743167  0.36139075346524546
  0.37316650914340993  0.38407076382656069  0.39488692823646110  0.40578293600492094
  0.41723626888263998  0.42871377387913739  0.43976923929325329  0.45083215565205415
  0.46246326241850466  0.47430359114103671  0.48612651350540936  0.49738994856570962
  0.50845989460149221  0.51953925932277989  0.53059761053737065  0.54208383335368970
  0.55348124557585932  0.56544346669841328  0.57616159128287125  0.58620305439550080
  0.59547885443389315  0.60508339528309574  0.61540363988283309  0.62532228032698556
  0.63463129868148149  0.64424839058381467  0.65408219217939467  0.66492096689664615
  0.67576970938375613  0.68637868495593568  0.69668267085831670  0.70729189641917090
  0.71821216401987331  0.72817915154364676  0.73758740319207483  0.74726576998688232
  0.75708505211519284  0.76875941774358236  0.78000893789309134  0.79057246317149643
  0.80091058709287188  0.81119674150942378  0.82138851052002781  0.83117244104596177
  0.84077804855822502  0.85049465714649763  0.86065698401269985  0.87134430126764928
  0.88233231576136395  0.89321963693199014  0.90366682946638743  0.91437603265890088
  0.92443458546664992  0.93540101062498293  0.94649388494896070  0.95738439755026195
  0.96770994919460773  0.97810264001429370  0.98902570828657377  1.00000000000000000
 -0.00198225412048359  0.00736529043945237  0.01575210997271516  0.02454832445268273
  0.03334549160459790  0.04219528918964365  0.05091742521766859  0.05992255813635308
  0.06987354380982011  0.08080860386784304  0.09205338561370013  0.10309479616959637
  0.11398667269278359  0.12483808073798813  0.13593987083351164  0.14647185755347300
  0.15498965175284388  0.16384776792913155  0.17251615382830823  0.18141632700417726
  0.19173368435365193  0.20224807288374369  0.21307037555198360  0.22325364644563067
  0.23313651329864271  0.24275679700819569  0.25272625581482044  0.26251244790071110
  0.27249304697347559  0.28320951500713387  0.29509061810927179  0.30747640105923646
  0.31944702952019188  0.33110095240582421  0.34293006632763529  0.35516987995000449
  0.36754026745944729  0.37986819027454483  0.39195208870900505  0.40407991082554701
  0.41604385559262358  0.42699471872236350  0.43792012994106660  0.44919604054222700
  0.46245562068693480  0.47593491027346985  0.48817933431856197  0.50044868475194759
  0.51297262322978743  0.52453013568731532  0.53558539772121283  0.54750261014905122
  0.56016057183990231  0.57250610568891402  0.58489779545486287  0.59774344201489249
  0.60966778658766840  0.62163481737265991  0.63371595789535495  0.64559493497106968
  0.65639416280229146  0.66697723975491907  0.67717799351888019  0.68769516085995042
  0.69862970179557715  0.70982269366724626  0.72110834439894544  0.73301794479255644
  0.74512760740285533  0.75686609435683816  0.76783748055467593  0.77894770891460907
  0.79008120205292143  0.80037060497335299  0.80994230119021837  0.81947137226723077
  0.82906102315386798  0.83841430826559138  0.84763564032939609  0.85705613535325831
  0.86673182508560265  0.87639814152912721  0.88600398092790500  0.89528616767217750
  0.90416221867152902  0.91292591931717959  0.92171810968596646  0.93056503163233417
  0.93943247356118964  0.94831972375370843  0.95695621887031468  0.96571831546331732
  0.97457183876440778  0.98296266811590105  0.99191290520801523  1.00000000000000000
 -0.00213513026051110  0.00847243115521521  0.01735093604201514  0.02710386203029444
  0.03673502496970986  0.04631843095504633  0.05623983184151440  0.06649751208087540
  0.07758969362927619  0.08799949815875571  0.09813599706254349  0.10823460579020863
  0.11850563074691704  0.12823178529028956  0.13810067215401547  0.14830400009864922
  0.15913272599108327  0.17021746586961553  0.18167220999731870  0.19265695263542335
  0.20381969903223418  0.21515479414007715  0.22655424434228388  0.23785136866852605
  0.24833002481957039  0.25912176277721671  0.26975966905950988  0.28035702595435485
  0.29052733124952390  0.30131327781795508  0.31207642576344369  0.32274974619764740
  0.33356582974948806  0.34473671622031210  0.35603874449998485  0.36679517273618312
  0.37726721152366893  0.38738904758465537  0.39705803350867591  0.40645270911742987
  0.41596940141077665  0.42565972313983208  0.43364397230996726  0.44223572300753505
  0.45146264360498239  0.46121050604689662  0.47184900655395334  0.48268890416686561
  0.49334447846703333  0.50473604784482873  0.51592329495957845  0.52643090928752101
  0.53699204788965182  0.54746821636093179  0.55823128026116320  0.56856641756412851
  0.57857379035579115  0.58854071126799434  0.59950582394913332  0.61063319250802972
  0.62275113262799064  0.63443113455517830  0.64646151193376389  0.65727988653323821
  0.66815157497357636  0.67900850694686332  0.68978546825533626  0.70149503104228450
  0.71240319074850644  0.72289588302243368  0.73299457914383670  0.74332435591113788
  0.75367873522463602  0.76425986439379523  0.77491196866426360  0.78540925727302713
  0.79573447093203231  0.80622699683026078  0.81667327408839430  0.82676699848592172
  0.83659851292043952  0.84636355391798146  0.85672905312799918  0.86769450491357492
  0.87880906739761033  0.88994576115741264  0.90107641818937856  0.91312360686737881
  0.92445449519260625  0.93549661541777618  0.94615462665266648  0.95685498360983534
  0.96730695713522674  0.97740145232659303  0.98847548430714016  1.00000000000000000
 -0.00230865763600347  0.00905770657908103  0.01886188542468577  0.02887213533530986
  0.03831797406147883  0.04800723323426612  0.05784740587345514  0.06830343700202376
  0.07805590922953862  0.08713329471933154  0.09566194349148344  0.10423368971998033
  0.11403076690203336  0.12457850868708034  0.13551954291701127  0.14686816059422986
  0.15861455629546706  0.17004179951422435  0.18129856064873312  0.19291541853652758
  0.20532322422416444  0.21837658707040419  0.23022234314876344  0.24061767816597140
  0.25073145692618132  0.26114600691438611  0.27158196997183648  0.28152350859680841
  0.29118135226896597  0.30179504449696448  0.31345007535891678  0.32551633315411210
  0.33768138770363076  0.34946639839481142  0.36081645931184253  0.37197937063125691
  0.38240305095822630  0.39259722729119001  0.40298754659061098  0.41385516755699286
  0.42436462497830585  0.43441528340006758  0.44455278913978935  0.45497788944488571
  0.46577791680069619  0.47646798261512524  0.48707433002889627  0.49825750293788251
  0.50852713143061978  0.51885624094156624  0.52886787947704017  0.53869823305289244
  0.54900297332666625  0.55964380298313010  0.56985140304374582  0.57926015790405672
  0.58860444195099937  0.59869566457043777  0.60863683569287352  0.61878299197981168
  0.62938491260366969  0.64136163794225198  0.65279992200807224  0.66315459407616484
  0.67329158952341017  0.68371367059073052  0.69464289881445407  0.70547525463040961
  0.71643662149192922  0.72722474603808518  0.73698771590485712  0.74616815553217308
  0.75597790017180566  0.76656533408815464  0.77777306692605541  0.78873378338918754
  0.79982974113143779  0.81077672253721234  0.82176739599053561  0.83263820347372064
  0.84330686191257287  0.85435571529246945  0.86509118247919603  0.87524748885267278
  0.88498154157474218  0.89492648232404026  0.90526142299428936  0.91553615934027643
  0.92501025454003061  0.93497472084533129  0.94489222676121210  0.95519668804770108
  0.96604562032039998  0.97625157527946294  0.98829959084676067  1.00000000000000000
  0.00014564393855781  0.00029970741243196  0.00048117878475362  0.00082105577036476
  0.00114023113385595  0.00140849176071281  0.00166029053306611  0.00188613724455793
  0.00213023497869485  0.00238412327999420  0.00264918353824639  0.00293130338122069
  0.00322511263391896  0.00353111474318052  0.00384785629400232  0.00416959415424919
  0.00450227334337897  0.00486988166398950  0.00524596155546491  0.00563129489251488
  0.00602559154786713  0.00642748241818187  0.00684502960487073  0.00726823322554177
  0.00771043436000366  0.00816373834051194  0.00861649142191165  0.00907522747145724
  0.00954891168670365  0.01003402361944209  0.01053337001232750  0.01105297317626700
  0.01159058064647943  0.01215630297914579  0.01274341034853019  0.01333179391578575
  0.01395518315109469  0.01462804274092409  0.01528138173100535  0.01596189648714710
  0.01663182532792079  0.01731086973957890  0.01795844885149062  0.01861462624497377
  0.01933492136261076  0.02014218026877172  0.02095895999624463  0.02172908542190343
  0.02251455676053130  0.02337198985331293  0.02407465208526771  0.02476016126466191
  0.02545956140132347  0.02622232161360235  0.02718344342625511  0.02816852776711491
  0.02911973543303188  0.03008331705202964  0.03110450356291460  0.03223192217383825
  0.03337730470631497  0.03459874978028878  0.03586036918302657  0.03712661691134315
  0.03847692806604981  0.03977650082882891  0.04112333450957147  0.04244552705960312
  0.04340343630417776  0.04425515964102741  0.04511018407349155  0.04616214326559927
  0.04716132237418329  0.04838328716095509  0.04938320108360375  0.05042576384944444
  0.05170955065707580  0.05278441390988262  0.05393929470235725  0.05513459321667422
  0.05668551854348628  0.05912313874289669  0.06176464841503759  0.06469843316008965
  0.06795116798428968  0.07112011209851099  0.07576351759522074  0.08049886896330442
  0.08559951045334301  0.09156194998772685  0.09992149221617715  0.11361562830963584
  0.13534720782615089  0.15681305957953640  0.81996555735061227  1.00000000000000000
 -0.00272064724682452  0.00993916003630678  0.01941747631365227  0.02851194798861593
  0.03694200213035309  0.04555859212926628  0.05432598905405092  0.06334924802789614
  0.07272979691736971  0.08236502911903491  0.09242584591048345  0.10234698086096787
  0.11192223349783569  0.12164379430785840  0.13177386678888589  0.14200548656792283
  0.15197125350571408  0.16179461935559769  0.17204218641419136  0.18303552941826087
  0.19392339787394511  0.20468786698398067  0.21512602677219844  0.22536180666417366
  0.23511448249275368  0.24490080650323265  0.25577254714066316  0.26674557897244833
  0.27716359227843007  0.28732831432422301  0.29797930158496705  0.30905526490207080
  0.31968830411567217  0.33033126201225627  0.34158172185640828  0.35342988110827894
  0.36595180083809564  0.37914413050171569  0.39241432816922045  0.40426689003264238
  0.41506186400546335  0.42635503312837281  0.43942847724157191  0.45314246051245066
  0.46669763537807485  0.47974779704116965  0.49299581613038757  0.50621663825057850
  0.52037403970875162  0.53375206301677558  0.54681772031361686  0.55960725132605083
  0.57274507004759490  0.58610579341836100  0.59958721008351878  0.61304145425456302
  0.62597992148051407  0.63838660395017921  0.65021381971351122  0.66205283625804201
  0.67412553367702244  0.68636730682882963  0.69849595406867648  0.70998277072349048
  0.72069279456632973  0.73150970617497602  0.74262835471289312  0.75350888610307665
  0.76442705816580614  0.77484119101082505  0.78517476260687846  0.79471743028046549
  0.80335985621237860  0.81181401976432355  0.82020618157009495  0.82873548711380629
  0.83765061986776557  0.84685078744251618  0.85575705452039752  0.86482611151083910
  0.87394709999532427  0.88332205890245108  0.89273163598798966  0.90175444962009288
  0.91098231575489286  0.91937930508998833  0.92753285953656783  0.93523627751663208
  0.94350154631533067  0.95160740821190115  0.95922999430694478  0.96634968771317731
  0.97363161097538886  0.98145339285305977  0.98935097754353585  1.00000000000000000
  0.04086192638893388  0.57943391321180548  0.65402450273473112  0.69554807491279180
  0.72371130131699501  0.74576631377600566  0.76396741956428738  0.77910515746751874
  0.79208472633776694  0.80321733118388683  0.81326525038566710  0.82236544604670359
  0.83073824094195081  0.83819511162483995  0.84492513695560201  0.85126812463945389
  0.85707447016324079  0.86244295968039109  0.86751274167196291  0.87226271354057650
  0.87666600626247460  0.88083770023017016  0.88494210858712641  0.88902173258782857
  0.89299421121968370  0.89665138168187275  0.89997152442605233  0.90315128874030393
  0.90624134919637644  0.90916642570393447  0.91194410236369006  0.91466210515028834
  0.91727268794100036  0.91973144874112889  0.92207829939503028  0.92444735677644430
  0.92679283392322409  0.92899294196212245  0.93106543456414137  0.93303258676682033
  0.93492157738219939  0.93685230915998674  0.93867306397922001  0.94047980065866510
  0.94227708075188610  0.94405194498984701  0.94580432230716982  0.94746868015533914
  0.94903905143127953  0.95055277895813162  0.95205192151614626  0.95351137447047185
  0.95492909271536652  0.95631877576758972  0.95765351316645353  0.95896172528928558
  0.96019139260582242  0.96140245746938158  0.96261298876762202  0.96392174810018527
  0.96519018310113924  0.96637841061192864  0.96746302198250866  0.96852976810756475
  0.96960250958851102  0.97070155635048694  0.97181386483746190  0.97292842380498856
  0.97402983016679312  0.97508192551821404  0.97609772967432717  0.97709327874871699
  0.97807678997991498  0.97909325219639709  0.98009125088715843  0.98104305508165535
  0.98194753736932172  0.98281756022076239  0.98366915203335947  0.98450962311286572
  0.98533995714390121  0.98617741312526852  0.98700010149821704  0.98778588227004349
  0.98855236524612478  0.98932069880296525  0.99010643656326547  0.99090300810992094
  0.99169671612221200  0.99248371806830127  0.99328473905776404  0.99414957304313167
  0.99513985807953287  0.99627503909061443  0.99777121195370955  1.00000000000000000
 -0.02293355950499655  0.11192927900155270  0.14986134582112925  0.17207599260190035
  0.18908864924521585  0.20348665004125235  0.21604012812069939  0.22725609665096524
  0.23816100785081387  0.24894348729161536  0.25921759375477199  0.26870642307965498
  0.27803665843120762  0.28701797039356153  0.29546018745740643  0.30278804119420011
  0.30975786339236777  0.31675284100058942  0.32405610424257714  0.33134582022709164
  0.33867795501509945  0.34561115668499115  0.35263797113885048  0.35994834321929370
  0.36698638033880393  0.37371703240578658  0.38004581520706426  0.38621122365786698
  0.39232698109288666  0.39841897311433977  0.40449893670538600  0.41060019101639661
  0.41669727426499042  0.42272365577104226  0.42867949471824568  0.43459701313688370
  0.44037715933047017  0.44615246762890837  0.45208327897634321  0.45801507602603886
  0.46404856270225819  0.46965844970570281  0.47525654827555497  0.48081943181392112
  0.48644330548033576  0.49215636570181481  0.49778418323040807  0.50317991681195839
  0.50847132999755673  0.51386656224656402  0.51925782287349997  0.52433426545474404
  0.52911862745629346  0.53390888585981955  0.53891123603813562  0.54446810230453402
  0.55001743968950345  0.55541853982137335  0.56075738599714320  0.56630177777506119
  0.57188402401160088  0.57743507026626928  0.58296958193098802  0.58860559006119795
  0.59434412158275018  0.60023868594033947  0.60587751633430986  0.61277406637399989
  0.61748442916560575  0.62288665698985868  0.62834974524285259  0.63365806648495715
  0.63944396850562113  0.64590967014757228  0.65239687179552397  0.65936536450897143
  0.66642256238743081  0.67392779185454010  0.68099151418283699  0.68831875125001118
  0.69588439567522486  0.70396413026666083  0.71239668176400939  0.72122955351464557
  0.73052593535296306  0.74048400099145639  0.75078701359572442  0.76165758278684070
  0.77292345747411695  0.78489427555866087  0.79874104287277725  0.81362435630841456
  0.83072593297218178  0.85331661256311897  0.88837640762751990  1.00000000000000000
   1.5717613982084025E-012  -1.0000000000000000     
 F F F F F F F F F F F F F F F F F F F F F F F F F F F F F F F F F F F F F F F F F F F F F F F F F F F F F F F F F F F F F F F F F F F F F F F F F F F F F F F F F F F F F F F F F F F F F F F F F F F F F F F F F F F F F F F F F F F F F F F F F F F F F F F F F F F F F F F F F F F F F F F F F F F F F F F F F F F F F F F F F F F F F F F F F F F F F F F F F F F F F F F F F F F F F F F F F F F F F F F F F F F F F F F F F F F F F F F F F F F F F F F F F F F F F F F F F F F F F F F F F F F F F F F F F F F F F F F F F F F F F F F F F F F F F F F F F F F F F F F F F F F F F F F F F F F F F F F F F F F F F F F F F F F F F F F F F F F F F F F F F F F F F F F F F F F F F F F F F F F F F F F F F F F F F F F F F F F F F F F F F F F F F F F F F F F F F F F F F F F F F F F F F F F F F F F F F F F F F F F F F F F F F F F F F F F F F F F F F F F F F F F F F F F F F F F F F F F F F F F F F F F F F F F F F F F F F F F F F F F F F F F F F F F F F F F F F F F F F F F F F F F F F F F F F F F F F F F F F F F F F F F F F F F F F F F F
  <DiscreteSampler_grid>
  grouped_processes
  1 # 1 for a reference and 2 for a running grid.
  10 # Attribute 'min_bin_probing_points' of the grid.
  1 # Attribute 'grid_mode' of the grid. 1=='default',2=='initialization'
  0.0000000000000000 # Attribute 'small_contrib_threshold' of the grid.
  0.5000000000000000 # Attribute 'damping_power' of the grid.
 # binID   n_entries weight   weight_sqr   abs_weight
    10   10   1.420533190222962E+002   1.879380776997886E+005   1.420533190222962E+002
    16   10   1.422179182310660E+002   1.883611233879630E+005   1.422179182310660E+002
  </DiscreteSampler_grid>
