  0.00298024558696100  0.01436655122594939  0.02677435553992381  0.03858888640030352
  0.05062768214923268  0.06284776232619693  0.07456076083131380  0.08603241349822831
  0.09754418955378137  0.10860479690336486  0.11878693941630090  0.12851294431720309
  0.13855158249744232  0.14993220943583002  0.16150201997709618  0.17206312710000202
  0.18211921260162664  0.19267054115973251  0.20417267607834319  0.21626660372215850
  0.22828574193898835  0.23941312308105694  0.25047826429438380  0.26089939530422168
  0.27210730988546816  0.28273924182345589  0.29319360281730966  0.30364449569179819
  0.31489532788910657  0.32691234788329121  0.33930404112480511  0.35133749109212109
  0.36274234277056289  0.37320355397585786  0.38318350515309363  0.39335284496118966
  0.40340239987677823  0.41301865229600193  0.42243861204485078  0.43195229882223823
  0.44181699676070624  0.45172465672653755  0.46129274647440865  0.47098243175983667
  0.48119747401854668  0.49137425814717262  0.50111683169575849  0.51134091046056762
  0.52199982575296988  0.53310072505155792  0.54415808645882713  0.55495046783416235
  0.56555407572133176  0.57583051176371447  0.58625412514865050  0.59675619028557647
  0.60719816740672305  0.61722922724676388  0.62688427100946331  0.63662343355522732
  0.64674971754634536  0.65699249380236269  0.66717982098895978  0.67736560529770662
  0.68745850650190021  0.69735943507091558  0.70696967906027797  0.71681208889562187
  0.72693853649136453  0.73724923211470084  0.74721667340502618  0.75762264701428861
  0.76828945972569451  0.77977734225338136  0.79152910892619543  0.80309821207623022
  0.81466275987150871  0.82605830996090857  0.83691448219505615  0.84727421399051273
  0.85770807983956132  0.86819386390716513  0.87817383750571865  0.88771892189857204
  0.89736196536398571  0.90718948714073000  0.91715082211390841  0.92688138762070416
  0.93605163853482554  0.94529778964671951  0.95481807271314934  0.96461990686820753
  0.97478076565866989  0.98417400497135965  0.99227598121590210  1.00000000000000000
  0.00969698879457352  0.01582608804426924  0.02544120871931422  0.03673301102918484
  0.04807371859769172  0.05917683687986301  0.07025757434773837  0.08151478729966452
  0.09312507070496776  0.10443677378063820  0.11501166690355591  0.12517449010522361
  0.13514829466511175  0.14513215388287079  0.15526746702390398  0.16591327100763739
  0.17726762732448809  0.18862316167974161  0.19917749387381703  0.20945414753374555
  0.21963829782872862  0.22930129979200248  0.23915548223266828  0.24907324743775028
  0.25981502100645315  0.27074046011314928  0.28229503488663243  0.29363257838298151
  0.30260086024669963  0.31212498833426938  0.32154917053369048  0.33178167163304717
  0.34196799004558309  0.35232797073372429  0.36322622281852457  0.37430382109804361
  0.38517746645355638  0.39635209800374449  0.40711244403409436  0.41719223153023122
  0.42686289724467980  0.43652992606461066  0.44661763925674181  0.45752484031687135
  0.46838692110214281  0.47853509260933924  0.48879398746633135  0.49941772558576425
  0.51023076157595448  0.52062713655035930  0.53069452332602030  0.54098090042095937
  0.55163816940557520  0.56228664906909798  0.57256453655685835  0.58285086701217936
  0.59365843474986990  0.60488500262970446  0.61624122382160307  0.62752575767908303
  0.63865223271044236  0.65019661813358720  0.66214682378727296  0.67380670942433118
  0.68512337384656907  0.69700158571113169  0.70911644071189006  0.71951354061417638
  0.72993627550013174  0.74045152608395437  0.75047876388055490  0.76030673823349815
  0.76904047818295718  0.77979433688290389  0.79115417070266492  0.80277254788571062
  0.81441028768256607  0.82502511413103419  0.83463086715996937  0.84398883799995883
  0.85322145594218579  0.86304259859138577  0.87406763292599998  0.88462195854340286
  0.89496989076133493  0.90529010169349744  0.91568078381142959  0.92521605941551521
  0.93418628013158089  0.94312943221094314  0.95297687493503547  0.96278158518832024
  0.97220530687371642  0.98233408476352191  0.99111000453486919  1.00000000000000000
  0.00075372209014528  0.02151841044460320  0.03983227046611671  0.05418063065939348
  0.06710624925746571  0.07873805048773244  0.08951273110482474  0.10006094576547425
  0.11064247469011987  0.12097335723679893  0.13130927218378977  0.14290967028853593
  0.15377986633054419  0.16413088529521530  0.17473243570423658  0.18529601266510282
  0.19535048044136596  0.20513857623354032  0.21565297462101282  0.22617390152953690
  0.23648185319995105  0.24688009963937366  0.25718850203057797  0.26760630786621348
  0.27835881683352504  0.28933632953021887  0.30046732301942847  0.31154675911305085
  0.32252556526489323  0.33340695420269306  0.34430862351102060  0.35552175073309983
  0.36674397546142912  0.37755389124921085  0.38800731399277771  0.39834402736535535
  0.40849355451952313  0.41838764526156580  0.42819561503540282  0.43856638015126798
  0.44946408433518059  0.46001628044904164  0.46990299902765276  0.47942989917443296
  0.48891797195923720  0.49847878966714987  0.50846768399295694  0.51832631190610656
  0.52963863820391444  0.54033594499950299  0.55053605785988713  0.56051497869006572
  0.57012236181769316  0.58022176355571542  0.59139284111122403  0.60271222024536497
  0.61354445735796637  0.62370956081481377  0.63317860690755357  0.64294881026692541
  0.65337841134647390  0.66485118800947907  0.67592221392926366  0.68723150531400068
  0.69780174498519631  0.70835136915742336  0.71879458707374555  0.72932232073659697
  0.74025600827797411  0.75128418646028849  0.76242573636956612  0.77279471027465063
  0.78275275338447592  0.79316392720344275  0.80399512770256532  0.81464353900612863
  0.82449180010532586  0.83363627624921488  0.84284886816826199  0.85228467631456728
  0.86153741589989330  0.87050415713466622  0.87934745198579500  0.88790477508357279
  0.89747813403148546  0.90726937574830391  0.91703247565894408  0.92702579389663586
  0.93663452283720772  0.94648364437141119  0.95601367691923034  0.96533541374806398
  0.97425870115915092  0.98298051838522005  0.99163112897675054  1.00000000000000000
  0.00000528004125573  0.00000548613299547  0.00000563292023013  0.00000579479740447
  0.00000597018873059  0.00000614194294916  0.00000631127181557  0.00000647807869443
  0.00000664090361466  0.00000680988925488  0.00000699305614039  0.00000719053287538
  0.00000739064554866  0.00000758169177579  0.00000778338463654  0.00000799226374544
  0.00000820817820098  0.00000842448780997  0.00000864288229130  0.00000886473983027
  0.00000909202708810  0.00000932656959761  0.00000955855731306  0.00000979446995645
  0.00001005084954016  0.00001031626151239  0.00001059152194092  0.00001087824692280
  0.00001117042118000  0.00001147650130773  0.00001177319539011  0.00001205177809802
  0.00001233650099474  0.00001264377732134  0.00001296774684997  0.00001329169443396
  0.00001360382224204  0.00001391728726968  0.00001424709698489  0.00001459767806181
  0.00001496924857342  0.00001536589939574  0.00001579358802666  0.00001624307076993
  0.00001671057349748  0.00001721429407409  0.00001774464291389  0.00001831691370454
  0.00001887678204769  0.00001943325985969  0.00002001168859930  0.00002061492291504
  0.00002122984742296  0.00002186030301359  0.00002253129151196  0.00002325772306795
  0.00002402331776075  0.00002485357556392  0.00002574145916680  0.00002666023781924
  0.00002765074179614  0.00002871989825865  0.00002980326460279  0.00003089247969490
  0.00003225090421286  0.00003366948152623  0.00003517823447108  0.00003688464621453
  0.00003877672813266  0.00004084325770280  0.00004316509657814  0.00004582969777569
  0.00004886270535465  0.00005237144961282  0.00005660856189836  0.00006189941535795
  0.00006850492846430  0.00007716232545083  0.00008886312951181  0.00010513986657445
  0.00012710950306605  0.00015751732114304  0.00020145058648069  0.00027116469086689
  0.00038832314594664  0.00057846639438324  0.00088063383087576  0.00141372852911023
  0.00228047829121554  0.00373242374829579  0.00625219629086826  0.01051780005156621
  0.02595935445782806  0.09292237388634315  0.47783888098156835  1.00000000000000000
  0.00000162734361313  0.00000248874018293  0.00000306484649156  0.00000367181467422
  0.00000429760108724  0.00000491739085568  0.00000549292349001  0.00000602751403586
  0.00000656813558689  0.00000713382772052  0.00000769782592874  0.00000826176268496
  0.00000885664657141  0.00000946837730273  0.00001008299756636  0.00001068073827844
  0.00001126202794746  0.00001182700261203  0.00001238881357865  0.00001292333574187
  0.00001350594606125  0.00001409348219467  0.00001469887746657  0.00001533857667933
  0.00001597788605608  0.00001662623538928  0.00001731653615080  0.00001802948689712
  0.00001880129242425  0.00001963981197908  0.00002051341912383  0.00002138081991369
  0.00002223293212394  0.00002310494185926  0.00002401607895676  0.00002495302168113
  0.00002590147592605  0.00002685630601380  0.00002783335167649  0.00002887397130885
  0.00003000600652192  0.00003120183486770  0.00003245991816866  0.00003382034921320
  0.00003527115436499  0.00003682551045937  0.00003849374265154  0.00004025409540006
  0.00004219591169972  0.00004426988315290  0.00004653111648292  0.00004900931353245
  0.00005167237608693  0.00005452065678137  0.00005760202735181  0.00006122947569657
  0.00006554601869568  0.00007033258045507  0.00007559826824889  0.00008140843774276
  0.00008779876856278  0.00009484577806845  0.00010335371213230  0.00011367213084813
  0.00012446041509030  0.00013609036326327  0.00014872701138628  0.00016289023764008
  0.00017978296026225  0.00020013891147625  0.00022423685170259  0.00025157693514860
  0.00028197092742127  0.00031751209354032  0.00035863609901355  0.00040482043609723
  0.00046096326754599  0.00053560069597500  0.00063019542910435  0.00074026859166601
  0.00087463283740770  0.00106115320503292  0.00132102585943401  0.00163912706812081
  0.00206109138266913  0.00265685879087461  0.00347989898794286  0.00443388114598078
  0.00556943962166991  0.00740567556194101  0.00914973852014369  0.01092117535288485
  0.01471170641835721  0.02976926565384381  0.29163405279723598  1.00000000000000000
 -0.00196773338873562  0.00705866558411706  0.01585067697546570  0.02510474836326914
  0.03425600084128203  0.04295206241379063  0.05168820747139785  0.06098428822346679
  0.07070413997219240  0.08051741126088532  0.09005859115091817  0.09919298009807598
  0.10900880224652837  0.11922966697679646  0.12985513886673045  0.14087208922137381
  0.15150566689361478  0.16148682283640003  0.17100104150569481  0.18048809237152641
  0.19035321585677489  0.20101071955033709  0.21224800503845875  0.22340550222271657
  0.23417272218448276  0.24439297526693229  0.25488921850374752  0.26552268480149943
  0.27623022433128119  0.28690831321498761  0.29801730132481752  0.30953825004469221
  0.32162500700564317  0.33386522965812532  0.34607872684315516  0.35822644785036695
  0.37038395345210229  0.38240774741640432  0.39476620329648565  0.40771525426729655
  0.42116329575815170  0.43434664880380286  0.44623583891653290  0.45714493238714282
  0.46784773469815888  0.47865478464987393  0.48961694094978681  0.50090022428412018
  0.51415048488376325  0.52709437270179704  0.54019058256670160  0.55345797136346175
  0.56672971196077171  0.57853313119889049  0.59005998532313730  0.60118987566907445
  0.61224069277996584  0.62375378078201327  0.63510688014828143  0.64627059760836825
  0.65748866374095827  0.66961027902402270  0.68250865019807394  0.69352744197620597
  0.70344860389387254  0.71374208553414120  0.72385585856316359  0.73369506845382459
  0.74366064185435021  0.75423958967558735  0.76523996333392663  0.77613102330834882
  0.78677009642506679  0.79698537994443996  0.80698304212535954  0.81704156930354788
  0.82733004808898303  0.83789585466578909  0.84817704129553273  0.85778162630689148
  0.86688462803188615  0.87610845872342025  0.88553704497452801  0.89530692477864871
  0.90526876838252579  0.91477215124930333  0.92341473734957713  0.93241909955337554
  0.94155394450362828  0.95113524898267576  0.95989091076805144  0.96762605691220338
  0.97489673585323966  0.98269692792233765  0.99047345679615839  1.00000000000000000
 -0.00216406967152579  0.00903432928784430  0.01961134023384602  0.02980508114906037
  0.04026665384828471  0.05132003779416430  0.06232906724973097  0.07303179777857929
  0.08336671829350997  0.09253732592987475  0.10195530233096679  0.11111443700426393
  0.11934212928103796  0.12796081078218605  0.13763269958513674  0.14825884300397477
  0.15918700335406355  0.16984555034937215  0.17995680558957045  0.18995693861799962
  0.20038870966957426  0.21141504793484478  0.22238699132276893  0.23305691614674595
  0.24348740261942192  0.25372549522023496  0.26413227526822730  0.27522990343178405
  0.28739907902195022  0.29971730467096641  0.31146913300956003  0.32221082141178864
  0.33197673583429343  0.34100922458947458  0.34971623736816387  0.35903933406799227
  0.36955267253162488  0.38030753740937734  0.39156717072816621  0.40315933540410209
  0.41469257887699762  0.42538006300682407  0.43614695160911010  0.44737839089750914
  0.45883090603132654  0.47063155978750093  0.48212822177771447  0.49357664293907832
  0.50508013924912520  0.51613905506810320  0.52674266732922148  0.53695754776490978
  0.54696051992277250  0.55695696461445721  0.56723257770070845  0.57801464049029649
  0.58855397680114563  0.59837025400972743  0.60806252674322192  0.61817250470152008
  0.62865334268305295  0.63906020226796445  0.64917381874524793  0.65896079290286480
  0.66887161067634415  0.67968870365315548  0.69023011744182039  0.70036944481871766
  0.71063930592668434  0.72187805373201142  0.73336774859902454  0.74458352132844485
  0.75590276737966289  0.76655028081141174  0.77618768165952801  0.78569487012637329
  0.79615620588188518  0.80725510325234284  0.81806856268648176  0.82852793348907816
  0.83915871747350457  0.85045072669135491  0.86161728047526376  0.87306580686574409
  0.88439865823218555  0.89558894833141522  0.90664712565669336  0.91755055174772038
  0.92830432278989128  0.93900219014961006  0.94976138351094785  0.96017930988364530
  0.96984660876806450  0.97929397094614146  0.98927314590274107  1.00000000000000000
 -0.00250708460906803  0.00996173264315266  0.02050861782551559  0.03116149049065269
  0.04183979342966841  0.05241127620129411  0.06283253431469836  0.07327246592150127
  0.08332612876542868  0.09246293231019187  0.10142224364012091  0.11131328914557273
  0.12201448833169015  0.13359284805284816  0.14542448523864376  0.15725881001539069
  0.16839114480611830  0.17973016397505084  0.19059543834192630  0.20127293747097325
  0.21171804907015776  0.22265369715609784  0.23359895677086223  0.24427034677399276
  0.25484256695650026  0.26544604807774624  0.27603307156308138  0.28653239482498633
  0.29750295868751347  0.30869440753303623  0.31924440452906250  0.32958174448049132
  0.33958895749107021  0.34969862424754905  0.35981892981339814  0.37047955415935419
  0.38136458921571081  0.39177006152877136  0.40209362307752144  0.41293213917128546
  0.42335996283149691  0.43310247710153904  0.44256577613550668  0.45227989120058693
  0.46299701829722772  0.47382354320002795  0.48407585844634055  0.49422858946122095
  0.50529752185784438  0.51654203447633407  0.52742198776794447  0.53820603978390580
  0.54867733253884288  0.55851422712037913  0.56779562593698141  0.57665719618119171
  0.58672308376462656  0.59658131345485044  0.60674186213439907  0.61745799595858863
  0.62907672885423460  0.64097352622495407  0.65156089442588094  0.66131431687187159
  0.67099961755046333  0.68095549155939561  0.69171869959484245  0.70209146233446440
  0.71227062443560019  0.72222949470705622  0.73222045662679724  0.74235243866416700
  0.75288021413672257  0.76426777539355539  0.77541377674084289  0.78606683364017516
  0.79674049763965549  0.80683592042136465  0.81649254715216180  0.82619245669113783
  0.83652805507051575  0.84752837265846404  0.85888940273389502  0.87052670211407079
  0.88218453560694021  0.89353129069623405  0.90462318657420537  0.91519565974087369
  0.92590620737429474  0.93673534602135111  0.94784019856151402  0.95887090368444072
  0.96906300291763925  0.97970850246068486  0.99002698749625817  1.00000000000000000
 -0.00193277743697045  0.00804455718860099  0.01725508898375271  0.02702044683444373
  0.03689783280333899  0.04734937949640369  0.05889769190046532  0.07045675343919248
  0.08209820035541714  0.09359220867435461  0.10490466165077154  0.11532491730052115
  0.12520037134972858  0.13511080508606430  0.14562551019743353  0.15655922635566846
  0.16763816182916483  0.17875152189567381  0.18963548362727500  0.19984962317076208
  0.21036185527452836  0.22014944945241882  0.23095372968640887  0.24113819834296410
  0.25112716661714418  0.26077695547416835  0.27080600083776363  0.28164367442668581
  0.29290467736324821  0.30338439269060641  0.31360929832509976  0.32355891852580343
  0.33381531986152996  0.34399694601116265  0.35387207788227365  0.36288985899846787
  0.37103265838264182  0.37947049465256155  0.38822765397231385  0.39751068916889160
  0.40668269495843151  0.41562652193548627  0.42580465785126370  0.43740143201723153
  0.44933368462355300  0.46099396710544505  0.47176403316909860  0.48247821265347673
  0.49397340969068554  0.50563005929102833  0.51719788933223554  0.52822797269831012
  0.53929638713812422  0.55038499951691788  0.56139134249282019  0.57214961326644331
  0.58333606927735082  0.59460064826056636  0.60610452206067866  0.61755643992616827
  0.62885574204830141  0.64000837932607035  0.65084805976685689  0.66140199795541132
  0.67205089592918810  0.68327521709017347  0.69567525538849107  0.70774711590859463
  0.71875488371548935  0.72883758172210056  0.73786159015933839  0.74702232637926658
  0.75657841787553515  0.76741103990328352  0.77857893730780692  0.78961905445927882
  0.80033798043788573  0.81062622692867237  0.82062149942548945  0.83063260177554232
  0.84107478406103697  0.85178215179717320  0.86277091716597909  0.87392153068460765
  0.88493800028835623  0.89542805345035437  0.90557137687129896  0.91525042551444313
  0.92527217450837662  0.93530537991029961  0.94651831945357623  0.95793647114352454
  0.96883201556956899  0.97935665890651202  0.98944980877991628  1.00000000000000000
 -0.00244902322627178  0.00809357009531481  0.01789526841657262  0.02700369788624662
  0.03601328529270783  0.04494248356146469  0.05392521598229461  0.06276002246042195
  0.07130207270563695  0.07891677174715463  0.08656732137311281  0.09415689796766667
  0.10164996686743995  0.10908577231544947  0.11675466731419526  0.12505012122683618
  0.13431849599490966  0.14350611948895675  0.15229390911814242  0.16136012835511621
  0.17115585350856560  0.18080752883859724  0.19009965628020592  0.19957393944991236
  0.20972760869849161  0.22191647452916791  0.23383533132267256  0.24437286831499699
  0.25430247239229564  0.26401958972902989  0.27523451922464065  0.28744966643289815
  0.29933830093413438  0.31137794618309067  0.32367640672682713  0.33625927757702806
  0.34835577386723032  0.36105578389776982  0.37347090153216639  0.38520299440877953
  0.39720050586038280  0.40980180892145013  0.42188258578319998  0.43274147463630874
  0.44416756461478507  0.45640345983013247  0.46892304441536081  0.48107531940802944
  0.49320583714197924  0.50540231535584323  0.51765928259165483  0.53070345227276161
  0.54381418094998946  0.55655590461394089  0.56854163712977357  0.58000929165744119
  0.59109379327051859  0.60279257323878788  0.61544056254093682  0.62818643539439234
  0.64080252205608257  0.65304389283541275  0.66505812125312225  0.67665322864576116
  0.68763860989750658  0.69815048324002704  0.70885323098398856  0.72004483631883809
  0.73173781016014872  0.74361295738850008  0.75531500192609713  0.76684332463990079
  0.77802608053230349  0.78911360921356177  0.80037646662036266  0.81151234026696173
  0.82251387504127538  0.83324227770931980  0.84343892512008356  0.85298112833618189
  0.86192804989403471  0.87084542784798136  0.87983106285655721  0.88906779723912166
  0.89863451473922895  0.90846212850822217  0.91849510342248186  0.92924318043034015
  0.93991837671640355  0.94949157447238597  0.95773477194409906  0.96592395071217041
  0.97385550128632603  0.98189350554441490  0.99104073301759665  1.00000000000000000
 -0.00306965034696890  0.01204895819366731  0.02328511907232985  0.03418428143607811
  0.04451270484813003  0.05553479046184143  0.06644022700275201  0.07730075034024385
  0.08815838638053557  0.09938985624321554  0.11149029059073701  0.12344325249404786
  0.13497122561639627  0.14608347113139400  0.15736019393132603  0.16839589064931340
  0.17921758057383136  0.18970020631185991  0.19945633557717432  0.20871012350781837
  0.21790033570852579  0.22725609445355016  0.23795757257110312  0.24928980295819225
  0.25988487510224606  0.26994273468843910  0.27992380910496034  0.29016993960754073
  0.30052212785142207  0.31095937456393602  0.32137094168852454  0.33167805729190458
  0.34180774659379254  0.35193686255324402  0.36213629496528371  0.37245451116628758
  0.38293161827049721  0.39331628407593699  0.40354398889937010  0.41411569824406785
  0.42532817734120915  0.43655514323090250  0.44767789091847193  0.45889120514884985
  0.47005951195586909  0.48063880608607895  0.49048844461526725  0.50030701954750523
  0.51083368001409846  0.52232698119333509  0.53452405155101745  0.54626065450853023
  0.55734665266421968  0.56793736137877959  0.57852067864906465  0.58848969705598642
  0.59806441778999575  0.60765152673115097  0.61789352402119413  0.62869866479575942
  0.63921967870357088  0.64946309279785219  0.65991238046129119  0.67069358242033639
  0.68142922372335313  0.69147100969350461  0.70076525288040470  0.71027246715371395
  0.72005468930017380  0.72990219772555087  0.73996022376446124  0.75093385630967313
  0.76218483129146331  0.77324534638133313  0.78406645760887594  0.79486204360812951
  0.80541587187373220  0.81613830731723924  0.82686247926124823  0.83731425122686709
  0.84733324936640630  0.85728630678113205  0.86780375451283420  0.87848369143407035
  0.88846537356574207  0.89785749686557603  0.90763415788722013  0.91785456628411577
  0.92840532631168649  0.93905023702934076  0.94978360004529516  0.96083805826818647
  0.97090433391420439  0.98070789712774609  0.98982790759482764  1.00000000000000000
 -0.00240519803484288  0.00948206007303846  0.01865472686930193  0.02769118086449590
  0.03696007730958568  0.04660073732124444  0.05746877147906061  0.06866196781164910
  0.07958496938013014  0.08996373196609790  0.10005667658504895  0.11090461450929617
  0.12081088126280318  0.13009573951486497  0.13929276273916127  0.14915652332632864
  0.16040558312953840  0.17156889274001100  0.18164475433955379  0.19215621729927659
  0.20320699883559631  0.21458144266759627  0.22513322838511191  0.23557086365553639
  0.24626288636054688  0.25731007781363147  0.26813825595529683  0.27838561972910364
  0.28845642223664958  0.29864155860384350  0.31003752098145870  0.32184392356323144
  0.33389033854844224  0.34589497010188924  0.35640252489503288  0.36645459527569541
  0.37648830574778963  0.38726145187774308  0.39819077552241205  0.40913167680093510
  0.41986814048521742  0.43062708646920950  0.44067807724712160  0.45049433557414259
  0.45996433559169086  0.46938010054092810  0.47946232985770615  0.49010538020540784
  0.50137521244462668  0.51271197637764676  0.52416916399539959  0.53555634831674859
  0.54635357594102019  0.55700609745234209  0.56772854524669336  0.57868302947389416
  0.58953617782312151  0.59976380674405649  0.60920752149522717  0.61845784327560827
  0.62862231748632180  0.63961984617115852  0.65027840946813764  0.66021154579616625
  0.67005391383207547  0.68015349481915222  0.69073996246981395  0.70143089621812671
  0.71176110492594946  0.72191025786314189  0.73203824869919343  0.74236786469736571
  0.75245330094521046  0.76233601604751511  0.77257597785186427  0.78289994326680568
  0.79281145778834150  0.80261484378979919  0.81232457639969813  0.82335477907021293
  0.83408319837272482  0.84571764661184701  0.85726426364188313  0.86808847589927685
  0.87834415317506753  0.88787171264485754  0.89824883035441372  0.90890973189720858
  0.91967638685626851  0.92992382446367849  0.94061074630044017  0.95214866169199741
  0.96406737388985253  0.97588943642498605  0.98777757260862065  1.00000000000000000
  0.00014591042859739  0.00043224087504592  0.00073628860614395  0.00114421410718909
  0.00150961454204806  0.00180109710117412  0.00210858871737811  0.00242551856187724
  0.00274712373648537  0.00308477062628597  0.00343475465074054  0.00379770665355152
  0.00417307697546029  0.00455664153935438  0.00494880051784543  0.00535484548530121
  0.00577348385992777  0.00619891800310100  0.00663262448974901  0.00709803299536593
  0.00757455186860996  0.00805223525290364  0.00853528951043288  0.00902203210273505
  0.00950541417561262  0.01000326835001065  0.01050686092934601  0.01101072983145869
  0.01154068472652822  0.01208771608603059  0.01265624323232131  0.01325785881872747
  0.01388771172934487  0.01454954173327869  0.01528067188193047  0.01604050922232770
  0.01685318973447133  0.01764654935778669  0.01844280332776401  0.01924837336548442
  0.02007250917795017  0.02088889997986745  0.02165938141489701  0.02242224987350307
  0.02324824923277654  0.02410207162626363  0.02493719378037534  0.02574722349272539
  0.02657452217583846  0.02739685005289198  0.02823027772912400  0.02911705429999433
  0.02999919106075144  0.03088766924493238  0.03181624452291682  0.03260074313702949
  0.03338758813360067  0.03423790392502871  0.03528808685308400  0.03636728401525625
  0.03730744076634340  0.03812152804457516  0.03900718295898824  0.03994811015482075
  0.04091277280071047  0.04209380439667483  0.04331066208914135  0.04489482261640348
  0.04658279716087803  0.04807391624114416  0.04937398687034873  0.05064268681721710
  0.05222069209845698  0.05400761082583221  0.05581950190469990  0.05695526309380294
  0.05814053358418970  0.05972419117251619  0.06161351661291745  0.06348433086390125
  0.06570445171872015  0.06805715930727420  0.07081197559590362  0.07406711688957707
  0.07697639150387710  0.08044051968022355  0.08738537097921611  0.09888409086116394
  0.10924833762799489  0.11814104565756559  0.12660109596007221  0.13382210629955615
  0.14647117822669226  0.17104586968807370  0.43754776727379241  1.00000000000000000
 -0.00185283932841551  0.00713307266573845  0.01512537008919437  0.02359721983211724
  0.03218319923631234  0.04054265094092233  0.04862550840068500  0.05656515878892875
  0.06490474211494399  0.07349613607977708  0.08214746118192702  0.09029241351717991
  0.09834126593572727  0.10682900211921867  0.11549982227261507  0.12425780352987885
  0.13266707190281121  0.14091851627520535  0.14964065600296250  0.15927017475996458
  0.16996785172451448  0.18131307704794458  0.19265067343627054  0.20383881718086308
  0.21483448221017987  0.22558705552881250  0.23635746895802290  0.24729457421085929
  0.25868141225997082  0.27070149717590020  0.28283023046058875  0.29571401553686949
  0.30919035414704510  0.32124848385821114  0.33220674613834528  0.34400195642278669
  0.35608446239637581  0.36692810149539701  0.37731645161325733  0.38836671162737729
  0.40001227946141127  0.41267560852086704  0.42488535763127361  0.43700171827062578
  0.44900700582909225  0.46129920124025364  0.47444997909701014  0.48805268046104722
  0.50197975678934370  0.51636155996551503  0.53024432326184889  0.54348403853293281
  0.55647417230535978  0.56898780862729359  0.58144111007704324  0.59381997404650955
  0.60604966194072896  0.61801976063668995  0.63007097539030865  0.64175331748474185
  0.65219003309594192  0.66284003960528559  0.67443541300175713  0.68696226499436308
  0.69867139845657733  0.70993602897258845  0.72129034291996075  0.73250502820893626
  0.74361725573925264  0.75490351037054315  0.76639298129367273  0.77713781208942134
  0.78757991629254898  0.79786305579110961  0.80812119911819014  0.81825504942656191
  0.82815846520108771  0.83784587255496878  0.84745707069228959  0.85695300688724263
  0.86609465916401474  0.87469323868256299  0.88328415418384554  0.89231423930600495
  0.90223453925660102  0.91265488723584731  0.92349522875206858  0.93426645986589785
  0.94253352885297159  0.95073791482713010  0.95881472357600150  0.96707130764876859
  0.97615015768851610  0.98509691837950741  0.99269876592183481  1.00000000000000000
 -0.01448434958197589  0.57519012458166774  0.65055551205215578  0.69282153855839546
  0.72101365957499364  0.74315883205716826  0.76100140932400484  0.77585384001632118
  0.78849804030756088  0.79951493624241132  0.80922812347175832  0.81798223536290982
  0.82619047714233274  0.83374543624587427  0.84039915458176284  0.84645884382341829
  0.85214354353402244  0.85740909304275204  0.86250423731617110  0.86745784005618409
  0.87199316610402877  0.87608065090559673  0.87987046870042818  0.88356731040727743
  0.88705464877003515  0.89039017062058856  0.89361262411874065  0.89672077744280787
  0.89970870333246622  0.90262762959687848  0.90544871282270190  0.90819865326144589
  0.91086218835688959  0.91346828878556918  0.91598607351768790  0.91835976439736833
  0.92062705736273531  0.92291364285631750  0.92519252421627640  0.92742580852960388
  0.92960935053952409  0.93175927307970929  0.93386454914963757  0.93604375271524143
  0.93795525946845648  0.93975372767947873  0.94148968294326929  0.94315647883966269
  0.94483325041829969  0.94650832637079207  0.94810060325028245  0.94961261538582542
  0.95109192750838645  0.95252897164176464  0.95394028571347911  0.95534733675236816
  0.95676016828672705  0.95816065920126325  0.95952025810876518  0.96084117896579646
  0.96209961798608867  0.96338578445366008  0.96466507590117367  0.96590131378461275
  0.96710076292880154  0.96827630340370163  0.96945942536622498  0.97064880844663370
  0.97182992146548419  0.97307835068555837  0.97433972788457468  0.97554584945963063
  0.97657589957094482  0.97756728055770248  0.97854840133349918  0.97949355311256825
  0.98042122062177861  0.98133770907384121  0.98220645771730142  0.98315423591487128
  0.98413082781253247  0.98514394350503942  0.98611777746176466  0.98701499148333394
  0.98789337297866453  0.98874796357428663  0.98960617168819975  0.99047475044568323
  0.99135808257002955  0.99224688561772478  0.99314842342246534  0.99409778032740248
  0.99512161768884788  0.99631153234123560  0.99788338920100594  1.00000000000000000
 -0.02210014332207459  0.10685828263528344  0.14233619579308673  0.16539544087912333
  0.18383830067928003  0.19903787677623866  0.21160633886608093  0.22230420026972797
  0.23311285784567939  0.24348801438352791  0.25391612479517484  0.26369915333727545
  0.27314664718929110  0.28219130484335597  0.29101257698903099  0.29967736730677580
  0.30836737744486764  0.31650115706868298  0.32418840877584310  0.33210635922233578
  0.34002325267519734  0.34818202426399153  0.35609013584523086  0.36344207145737323
  0.37016131944723335  0.37658048176306713  0.38303775828352754  0.38979632445269047
  0.39655934962063677  0.40298786913949308  0.40910554664075571  0.41515092708669610
  0.42149453573192103  0.42769902204261523  0.43363140417583590  0.43951942559982937
  0.44532264410817946  0.45128170423230735  0.45731393720881153  0.46318327591034253
  0.46888478280228474  0.47459182018101520  0.48035664288011387  0.48611528343422683
  0.49173125375771926  0.49698329046244250  0.50220069202955009  0.50765448967343940
  0.51311552478178168  0.51831471157342335  0.52358561809895432  0.52848656846193953
  0.53349464911710787  0.53904429216005845  0.54410552857488681  0.54925648777050284
  0.55451730446480474  0.55979816000593707  0.56523788869500646  0.57079317976317845
  0.57648571982211427  0.58209639352321474  0.58755543528770005  0.59296239294254949
  0.59838244723008149  0.60399874175047075  0.60976858715901705  0.61549836433240057
  0.62121947828576884  0.62679139579525689  0.63210074333780686  0.63759248743366115
  0.64332533977855888  0.64966486695888626  0.65646049602693468  0.66309566370277673
  0.66945621930914745  0.67574811002006108  0.68229764257975711  0.68914515805703225
  0.69616715877408597  0.70353869602441754  0.71149583116326687  0.71983366361504997
  0.72847665709339093  0.73781430697261130  0.74796953710081193  0.75886024876565661
  0.77035596717967925  0.78234416496450954  0.79573489549491794  0.81187933711672167
  0.83055712325157860  0.85415341022597879  0.89153313707442228  1.00000000000000000
   1.5408521686730777E-012  -1.0000000000000000     
 F F F F F F F F F F F F F F F F F F F F F F F F F F F F F F F F F F F F F F F F F F F F F F F F F F F F F F F F F F F F F F F F F F F F F F F F F F F F F F F F F F F F F F F F F F F F F F F F F F F F F F F F F F F F F F F F F F F F F F F F F F F F F F F F F F F F F F F F F F F F F F F F F F F F F F F F F F F F F F F F F F F F F F F F F F F F F F F F F F F F F F F F F F F F F F F F F F F F F F F F F F F F F F F F F F F F F F F F F F F F F F F F F F F F F F F F F F F F F F F F F F F F F F F F F F F F F F F F F F F F F F F F F F F F F F F F F F F F F F F F F F F F F F F F F F F F F F F F F F F F F F F F F F F F F F F F F F F F F F F F F F F F F F F F F F F F F F F F F F F F F F F F F F F F F F F F F F F F F F F F F F F F F F F F F F F F F F F F F F F F F F F F F F F F F F F F F F F F F F F F F F F F F F F F F F F F F F F F F F F F F F F F F F F F F F F F F F F F F F F F F F F F F F F F F F F F F F F F F F F F F F F F F F F F F F F F F F F F F F F F F F F F F F F F F F F F F F F F F F F F F F F F F F F F F F F F
  <DiscreteSampler_grid>
  grouped_processes
  1 # 1 for a reference and 2 for a running grid.
  10 # Attribute 'min_bin_probing_points' of the grid.
  1 # Attribute 'grid_mode' of the grid. 1=='default',2=='initialization'
  0.0000000000000000 # Attribute 'small_contrib_threshold' of the grid.
  0.5000000000000000 # Attribute 'damping_power' of the grid.
 # binID   n_entries weight   weight_sqr   abs_weight
    10   10   4.459400962546124E+000   1.033200778172755E+002   4.459400962546124E+000
    16   10   4.443131580294602E+000   1.024863764843722E+002   4.443131580294602E+000
  </DiscreteSampler_grid>
