  0.00259623360739506  0.01525861354863886  0.02766868913880375  0.03858154332796421
  0.04912008678464481  0.05962311687432319  0.06938184357445636  0.07859477449881150
  0.08802914485294124  0.09836996819135702  0.10864196631953707  0.11863288579255514
  0.12828392605377872  0.13854950861868401  0.14965290475215551  0.16123897082309202
  0.17245841965516959  0.18272294067579878  0.19260174608871189  0.20233531962948856
  0.21258069488712042  0.22291783183627906  0.23286233350784549  0.24282375233958950
  0.25288396020593840  0.26350211262591988  0.27441584441516137  0.28548703991157870
  0.29629384967867245  0.30686102389719461  0.31691587317520947  0.32660134088418669
  0.33629713158576446  0.34601942407424813  0.35594302475641654  0.36636033683223340
  0.37759395459475115  0.38911655627342828  0.40040718408726989  0.41141988340064295
  0.42237749591668683  0.43347924465425292  0.44359709197526698  0.45309768855499821
  0.46249340527446919  0.47261230338012022  0.48324146083194486  0.49360259975663501
  0.50357618790793612  0.51325620032988573  0.52272954848122610  0.53236599004071428
  0.54264849605391219  0.55376657828430831  0.56490781763373921  0.57537466895967782
  0.58538792796517503  0.59504299767063284  0.60493089136086897  0.61510586777788745
  0.62599479723279716  0.63769089414843727  0.64957382559712007  0.66160638539710359
  0.67352683905372257  0.68527294308317566  0.69660566472889651  0.70744325382500273
  0.71808205489536636  0.72838714458032094  0.73824906335382734  0.74809464863236663
  0.75827355137026964  0.76894223374392201  0.78000976042835979  0.79120398665791325
  0.80235708408725526  0.81321055981841017  0.82411549653018801  0.83535947349305029
  0.84642429581104583  0.85706016646416394  0.86729951285036455  0.87777596449629081
  0.88839309608808859  0.89919325522885241  0.90963041696183067  0.91970546074434012
  0.92975867237378551  0.93921354171612847  0.94937422466975219  0.95966424412228801
  0.96987867864454302  0.97992159178058547  0.98970621510320800  1.00000000000000000
  0.00342092583557588  0.01191788911990746  0.02271708625577871  0.03411496225262535
  0.04597498970787414  0.05808778663425698  0.07025739559445261  0.08202284281363910
  0.09334889232653273  0.10389986734899850  0.11411178895528128  0.12466069640504457
  0.13594390308696622  0.14707096680352072  0.15752279525298987  0.16727418746025638
  0.17721129960136375  0.18756494764782711  0.19813529461340018  0.20904959466056136
  0.22011261157956569  0.23155270091255120  0.24326778506061719  0.25464373776307608
  0.26541954551949959  0.27649070147424265  0.28817828759468356  0.29992733042900488
  0.31106492082981407  0.32173449029190049  0.33242996618056031  0.34290605294855470
  0.35318646094664213  0.36422298270789810  0.37587227370357557  0.38741890267964346
  0.39846348116103242  0.40960814010129931  0.41994456122460089  0.43057286741516693
  0.44107151471686890  0.45272258473017291  0.46398625856939762  0.47516112968969415
  0.48637366931132037  0.49727641681818613  0.50829721426679131  0.51950551646632670
  0.53067424998324908  0.54129949060756388  0.55124580604739415  0.56100661258159212
  0.57111851649942580  0.58131287931007214  0.59134611798235848  0.60163672696984571
  0.61214612747121600  0.62216742104316269  0.63171576684908060  0.64095181488884290
  0.65021578814341863  0.65913788395471307  0.66841466257180615  0.67813192193475424
  0.68796796253779890  0.69809733916662198  0.70847350657818309  0.71921655333066037
  0.73029189809548256  0.74143457623793574  0.75251081122293761  0.76314537335300880
  0.77358424767123501  0.78387673379871414  0.79442720627981123  0.80535441769245586
  0.81614787788099308  0.82658761859812835  0.83662053246043733  0.84682958124430019
  0.85829962747764621  0.86985245769922004  0.88110310530460589  0.89137284306677289
  0.90110854952004826  0.91043783992292204  0.91975594559967322  0.92943355849673071
  0.93936006618463519  0.94879970936611358  0.95843770393421290  0.96774638551799763
  0.97700713772202408  0.98530761596161687  0.99260778060913335  1.00000000000000000
  0.00943071925437130  0.01646036128374919  0.02636999399930887  0.03655455486368190
  0.04663649664594541  0.05684259480586260  0.06732570911964657  0.07856757650051109
  0.09017014117194040  0.10137042773911797  0.11211915313598673  0.12254981873643929
  0.13286262818344638  0.14317269993037357  0.15364533516020726  0.16343248738152849
  0.17272921671926222  0.18220145226866016  0.19230665463303795  0.20286377731318478
  0.21382326964444731  0.22517361453111484  0.23652802109999874  0.24722650557896783
  0.25729198891825833  0.26708002172688994  0.27628540978326394  0.28511341921657096
  0.29418249940604013  0.30397246016548968  0.31461034579397473  0.32563501177397036
  0.33731915560244807  0.34895809124916832  0.35959821217101251  0.36974895483798031
  0.37949160638559992  0.38958011285830146  0.40091507464071430  0.41220807066618947
  0.42305132170840931  0.43339364188083318  0.44358982323196650  0.45392525687840735
  0.46438951818313323  0.47561828986759164  0.48723461359095505  0.49866135664544109
  0.50920866903563766  0.51963519549289527  0.52989793314435196  0.54072786467863276
  0.55214802863350865  0.56213078085084522  0.57195383676185529  0.58129673610335697
  0.59136572674884036  0.60230360581872178  0.61319213610272261  0.62437975016960401
  0.63485043270278563  0.64457765343026041  0.65457722590419420  0.66486368386631300
  0.67603079202096783  0.68710588569514375  0.69804029246287735  0.70893256754474920
  0.71925555893281645  0.73013311403671044  0.74100930334912030  0.75161960295514485
  0.76218886883717729  0.77293449518959867  0.78418057025100751  0.79538168134593035
  0.80671552100537713  0.81806374848046659  0.82900749423071884  0.83997371911137342
  0.85063391172681801  0.86058871965902062  0.87029038318944496  0.88008716507434770
  0.89019031761608469  0.90050114431503592  0.91046322239818622  0.92102712727239433
  0.93203758743325327  0.94301921885632456  0.95348043120123405  0.96321201145134516
  0.97297275514939141  0.98258077205389549  0.99118456978310421  1.00000000000000000
  0.00000345802193598  0.00000968618033625  0.00001453037553752  0.00002000899131992
  0.00002644693899001  0.00003269609984526  0.00003884535087872  0.00004546042985003
  0.00005274089084677  0.00006039284104486  0.00006826960379725  0.00007646323143492
  0.00008514979672841  0.00009471749643789  0.00010553428549674  0.00011779709003981
  0.00013147565215066  0.00014666249995256  0.00016361761442963  0.00018263173075157
  0.00020279531500412  0.00022422876503791  0.00024694058502895  0.00027204409697124
  0.00030023460387762  0.00033180526584432  0.00036698429337136  0.00040521656498297
  0.00044703913814099  0.00049406049976489  0.00054435267672097  0.00059591554726130
  0.00065014100101542  0.00070996483897389  0.00077760889691822  0.00085237215072255
  0.00093188887682085  0.00101891183536003  0.00110571383641064  0.00119695821122468
  0.00129349088433802  0.00139418691844047  0.00150200403069956  0.00162235943532124
  0.00174592634477710  0.00186611394141389  0.00199429453010483  0.00213736982013480
  0.00229524155906295  0.00246621105893549  0.00264839833256584  0.00282821865586392
  0.00297900697662738  0.00311528620413859  0.00327955354281305  0.00346765341232881
  0.00367212012659078  0.00388110413139985  0.00411965813073880  0.00440731710780191
  0.00469178023270507  0.00493926088356612  0.00516508071805282  0.00539738231325381
  0.00565450118527713  0.00598499111715617  0.00636614972274426  0.00679443120291004
  0.00711690964508287  0.00737616422960917  0.00766560233070827  0.00798172155896584
  0.00834919035402072  0.00894206237817527  0.00963357440837075  0.01028329713992793
  0.01103142141808397  0.01191215061250008  0.01290966228368511  0.01411230914688595
  0.01566492145666820  0.01804683404814342  0.02128517727356040  0.02289417390170679
  0.02418134410606910  0.02542125653210701  0.02661520852493356  0.02781703438756530
  0.02934089220433502  0.03186842675694380  0.03675915367931049  0.04447017676588415
  0.06766836865458105  0.13223874329973653  0.30199025409653574  1.00000000000000000
  0.00000113959023905  0.00000184356551364  0.00000237616364811  0.00000288186413059
  0.00000340626938818  0.00000397430017385  0.00000455721977525  0.00000518767485282
  0.00000586818499650  0.00000663034970055  0.00000749471737809  0.00000843167702512
  0.00000940682048666  0.00001041173655325  0.00001142676108635  0.00001248655957375
  0.00001362996722690  0.00001489520447638  0.00001636437507890  0.00001807798800907
  0.00002007460528908  0.00002239035799205  0.00002501797596799  0.00002802091765790
  0.00003144462846077  0.00003541285924012  0.00004002268054265  0.00004526183131502
  0.00005129870437190  0.00005845016347517  0.00006688661310206  0.00007666484430661
  0.00008782416874737  0.00010015648197450  0.00011374136014227  0.00012772451537500
  0.00014215556838806  0.00015629966058528  0.00017018950535231  0.00018370708710942
  0.00019752589181413  0.00021227207920727  0.00022817451897397  0.00024488626185971
  0.00026232162518436  0.00028069403082508  0.00030037818808939  0.00032180693134763
  0.00034446768408515  0.00036917922571444  0.00039569169161192  0.00042329580553212
  0.00044927101894494  0.00047671664810754  0.00050502943753454  0.00053627600927402
  0.00056679480625091  0.00059878192285186  0.00063232449394628  0.00066622850018170
  0.00070321735135085  0.00074246116717528  0.00078420718000092  0.00083029156921523
  0.00088392682967044  0.00094482756799822  0.00101317990731666  0.00108775793481421
  0.00116551403010150  0.00124568703952218  0.00133748603820869  0.00144538708051500
  0.00156037926176956  0.00169329856445457  0.00181162003618148  0.00195132516718319
  0.00210840963391956  0.00227290824618418  0.00245584956858990  0.00268627137866199
  0.00295790273588762  0.00323269057227659  0.00355575551693019  0.00392693201823325
  0.00441887346485025  0.00518967521814094  0.00623201985622482  0.00745501725011326
  0.00857846137001104  0.00986239137398791  0.01156910551695823  0.01454066461455022
  0.01808935543672547  0.02288943540547201  0.28406374103499371  1.00000000000000000
 -0.00257725227705962  0.01033224400252605  0.02063758629494534  0.03016943696182264
  0.03975267361079854  0.05035267305374608  0.06228841164045293  0.07433993414895611
  0.08440336491582172  0.09464661812704098  0.10515016403663169  0.11633975378787287
  0.12825903383552453  0.13961667341924780  0.15029615645496544  0.16068424351148342
  0.17146352076835558  0.18269146211841472  0.19350826744048694  0.20385809179772890
  0.21439477537433643  0.22518745355408626  0.23579545280825229  0.24628769935519287
  0.25755522699430000  0.26845350147676877  0.27853288519082314  0.28796038424043602
  0.29810527020524397  0.30818362289923790  0.31867213330308258  0.32919617843845211
  0.34046550643758206  0.35174966656531720  0.36161113883631307  0.37118170213009127
  0.38089795573389140  0.39185630970145824  0.40316649025224494  0.41415157694696020
  0.42451860551696347  0.43449400018671847  0.44501639968031897  0.45579263016982668
  0.46660342445711478  0.47713598701087068  0.48709698189182449  0.49692105639231332
  0.50677567613750041  0.51642744356965620  0.52651108304574212  0.53665555727972192
  0.54693683157949102  0.55689126416533397  0.56624947782719803  0.57597099770986793
  0.58579675304729384  0.59620272530457397  0.60670992752160013  0.61758586903521318
  0.62931597975738263  0.64177972150885843  0.65322414995796385  0.66365679598358751
  0.67435729926066634  0.68516818793987566  0.69605758759865544  0.70678496177692884
  0.71710805235899133  0.72775920042234976  0.73803224144961821  0.74848423218578541
  0.75878704801384778  0.76834973397468498  0.77814891761702742  0.78816619179504288
  0.79914406443473707  0.80982391640662654  0.81968128355106018  0.82971375456281982
  0.83989953514868632  0.85059089879572547  0.86069488766247704  0.87063032434967502
  0.88093424391490072  0.89163818066954348  0.90248386391067170  0.91325352629560930
  0.92399102699593150  0.93496985818972356  0.94454947673497047  0.95413227828659575
  0.96417095138407727  0.97455122146446149  0.98704842181568342  1.00000000000000000
 -0.00201867682269153  0.00825676096672708  0.01872765766600254  0.02804708918520556
  0.03671743504707477  0.04729983151746463  0.05816155183684672  0.06902261679823873
  0.07953531075247615  0.09017032186215231  0.10179283525884782  0.11290063576196380
  0.12414319437571314  0.13566312177961076  0.14713839559000724  0.15813058127773752
  0.16863553313335433  0.17910031646345581  0.18916901483535414  0.19919410987604372
  0.20942115336047640  0.21980304731569891  0.23108815441535432  0.24198557087180250
  0.25280844032287969  0.26288331225138611  0.27291864994701842  0.28312584047389672
  0.29374533131520975  0.30472558108799380  0.31516801919390652  0.32573325768848749
  0.33634153591761845  0.34701769204756883  0.35783946933786115  0.36817686983934794
  0.37801164090796086  0.38779519113690047  0.39742922647857792  0.40688307103813864
  0.41609884332783043  0.42535448741148346  0.43488252288688761  0.44442683517740872
  0.45380797150453817  0.46346271410001427  0.47371459426650375  0.48368536652427579
  0.49364845905754678  0.50376353818940711  0.51451947399706610  0.52583349087061249
  0.53711580907478762  0.54824712932195618  0.55929933890498129  0.57031799847632503
  0.58129973859289008  0.59160173804425509  0.60142000355522429  0.61168665340021755
  0.62168422065985640  0.63185304846377788  0.64246437285865787  0.65392597549980902
  0.66592760976241350  0.67768811922703809  0.68903219980932129  0.69972998562362276
  0.70997699250114421  0.71984299863908452  0.72963028411479369  0.73963958178027633
  0.74975462966453577  0.76005819407304920  0.77033976677313010  0.78105170805856294
  0.79240039208525914  0.80381048196306526  0.81482376920631461  0.82591366664181054
  0.83730694335100886  0.84890267213314530  0.85973900755136945  0.87002779936975327
  0.88014099837502102  0.89020755227125947  0.90036391235507585  0.91069333841531497
  0.92064766475900695  0.93076797194012684  0.94073524445999424  0.95166066580591413
  0.96317137765105754  0.97449094365419664  0.98711945265877898  1.00000000000000000
 -0.00207087615711054  0.00903463755305059  0.01918530305145788  0.02974404537747198
  0.04067625987653713  0.05169824391638524  0.06315931238115693  0.07456041222206379
  0.08524138541859801  0.09524256569422163  0.10514798402239880  0.11608644894100059
  0.12796296352091974  0.13982407342957170  0.15153772165294360  0.16284454119727487
  0.17390535324995315  0.18460029784579243  0.19508765293728897  0.20555095481464616
  0.21578913253714935  0.22642423162679490  0.23689662152647553  0.24713296043437558
  0.25699607966165905  0.26646292520304127  0.27607831254803283  0.28591686251383380
  0.29568327746626377  0.30523906626565678  0.31475285142106207  0.32462217460606846
  0.33464437548039166  0.34480240880779378  0.35576587626753331  0.36668283147858899
  0.37663157550681553  0.38605273120709738  0.39591073037963770  0.40661952049041789
  0.41751082919778409  0.42816642125817550  0.43895418427473992  0.44932400293324881
  0.45938001975951531  0.46925055245065650  0.47958444670538847  0.49036883760544553
  0.50073648556122186  0.51067769387028850  0.52111761109337951  0.53208582381989467
  0.54318188744471796  0.55346574344461852  0.56374056810406237  0.57402397826537155
  0.58482441053635226  0.59556979564890689  0.60679160468642201  0.61806290942328457
  0.62806307752632706  0.63783309747923989  0.64717985709354386  0.65637193884416545
  0.66536254277726137  0.67472911112746459  0.68462531534859594  0.69505863849915062
  0.70549752619557327  0.71597819437800758  0.72660087904112947  0.73708201953023333
  0.74728827309821677  0.75754970570030034  0.76823591637435251  0.77974875194295912
  0.79198573699800134  0.80407153431039080  0.81557796018957118  0.82526919772044549
  0.83525808004327384  0.84485312791866418  0.85488639131747513  0.86455818383834981
  0.87492063671660658  0.88518752881086027  0.89592527261879573  0.90692055163783025
  0.91892555056895620  0.93110008084884976  0.94304291681618480  0.95475982099218493
  0.96629857326043467  0.97783282218162282  0.98896873771427940  1.00000000000000000
 -0.00250368095211389  0.00986087797378368  0.02027962044184999  0.03085409773550818
  0.04146994171768062  0.05173667316264854  0.06194871243343458  0.07191979824600980
  0.08206641352507070  0.09238915270930861  0.10220420436014874  0.11184139367092211
  0.12169201079643009  0.13186230769121790  0.14277922320853931  0.15393553836691548
  0.16494631051139200  0.17539100879669509  0.18571114131144703  0.19669115608947674
  0.20857184990366529  0.22040659953712713  0.23200586104911616  0.24269574107257111
  0.25358521644436377  0.26430466581903184  0.27537453414916757  0.28580182772669549
  0.29619047393410602  0.30623161563698115  0.31688818141094627  0.32792099055317875
  0.33982976673617910  0.35178035687390175  0.36393420939065529  0.37549509417168730
  0.38594426963907341  0.39627201911924220  0.40673549326634023  0.41744047230168380
  0.42810753865467233  0.43851244744001622  0.44901476086267272  0.45928114530708219
  0.46965499070604261  0.48013044105845126  0.49031035641916970  0.50001543749200983
  0.50985834301863009  0.52033464101634497  0.53103473308540039  0.54104493937122344
  0.55040079816470033  0.55952681406697957  0.56800368904433718  0.57649252769729631
  0.58540980014553190  0.59533542513656645  0.60575281827636929  0.61603392034500404
  0.62664196234929292  0.63760693006446356  0.64842530243813601  0.65856935291392360
  0.66842267245221809  0.67824314814607090  0.68820186772450076  0.69892381677512538
  0.71018712639366777  0.72139621050227243  0.73202652619936526  0.74237772047463391
  0.75236174857636517  0.76237308263200598  0.77268697208821435  0.78335101850596722
  0.79395737481002060  0.80434972377463021  0.81504641360467434  0.82649545721635287
  0.83762495867470499  0.84895688501873612  0.86035620096650212  0.87202247623213702
  0.88347560980389472  0.89446128720741214  0.90490787317022814  0.91546025256228025
  0.92624750150019652  0.93729501458339926  0.94767630805829162  0.95790744020506358
  0.96819824562285450  0.97906861707396142  0.98963659830133588  1.00000000000000000
 -0.00304820582415302  0.01101439436884392  0.02228955329123943  0.03386817843861041
  0.04425320719220117  0.05473281467699088  0.06538834919249320  0.07646899039971414
  0.08717748009054936  0.09745804499982928  0.10747447601105502  0.11767350660396578
  0.12741785262931465  0.13737134756219588  0.14791372543077860  0.15809629418286250
  0.16797406175000507  0.17734566005302888  0.18695509677612066  0.19709434995684552
  0.20754051108013871  0.21821995959190463  0.22910391923958071  0.24027638440128704
  0.25133425544612781  0.26179175762949025  0.27151998178497755  0.28122839835051316
  0.29155530807550994  0.30266403244661327  0.31433037329194619  0.32593804222780554
  0.33792477505306107  0.34941377852783345  0.36052483217650433  0.37121940299077599
  0.38174160470321006  0.39231805531677666  0.40285653553153095  0.41344903990551612
  0.42399682594209070  0.43475947239602580  0.44522967673082853  0.45518737392194941
  0.46538543609366723  0.47618553662872187  0.48717850698220555  0.49728212841873620
  0.50620601774366802  0.51458929482057192  0.52290642052134073  0.53267877576387068
  0.54212864734596877  0.55150048690331177  0.56088059753913289  0.57088269397883185
  0.58163669954065322  0.59242203370861191  0.60363080173891981  0.61594674225551160
  0.62791821698836259  0.63910401036683051  0.65031719128780552  0.66075441832438608
  0.67107803824741785  0.68123584490879829  0.69149246923522401  0.70181897091712342
  0.71239602533752833  0.72340434540875254  0.73422639350719432  0.74462596621672517
  0.75481676700009925  0.76505176652628637  0.77556981150439952  0.78614878502223806
  0.79687466541243257  0.80795453412468488  0.81872482565881011  0.82980404173665545
  0.84085124690777513  0.85232096719072670  0.86268797718866741  0.87336666955234543
  0.88422340541567257  0.89589406820582984  0.90781639892844468  0.91925197670100167
  0.92997886933640450  0.94001070050494839  0.95034642968977567  0.96054797030918027
  0.97060468845093950  0.98064600445663019  0.99040364593499108  1.00000000000000000
 -0.00271004605263105  0.01053762597554681  0.02083330578848519  0.03179113073772701
  0.04265928819949976  0.05482842886290272  0.06710484280183995  0.07920965700439292
  0.08941649875007505  0.09911066453993056  0.10891708342661469  0.11969837168820861
  0.13006704647062856  0.13997706116058931  0.15026229973969504  0.16142313567860581
  0.17207149226895369  0.18288240151942922  0.19337238620979610  0.20449323915468748
  0.21545901115422081  0.22646147064025454  0.23712876045069894  0.24768927222488712
  0.25871532793451191  0.26972311659810594  0.27992038068330843  0.28976799734719477
  0.30008603398319039  0.31091279485820583  0.32215395470797575  0.33259008393901873
  0.34282975913994834  0.35279820311759952  0.36286579796510859  0.37329590309725819
  0.38396446715230481  0.39509501987666268  0.40627734156941786  0.41749975086235369
  0.42889402539628080  0.43993941041040208  0.45008150920113332  0.45979083591271575
  0.46943492260148223  0.47965372906455006  0.48966791568212198  0.49992805952230868
  0.50872333391036195  0.51756139192797501  0.52689808616291900  0.53747877176354508
  0.54874120831866957  0.55983516751861817  0.57099849651255608  0.58213865192626202
  0.59363443289189488  0.60514509786270787  0.61655882540699658  0.62779195587071890
  0.63940899921106176  0.65137530836867219  0.66290575010459729  0.67397002637596859
  0.68487999479532469  0.69594075701720381  0.70669374980096156  0.71711585857350146
  0.72752744825418159  0.73817386022864273  0.74868410781553507  0.75877438196589952
  0.76880137063475806  0.78014393976618701  0.79182184107525333  0.80246525545183833
  0.81262294240331556  0.82319648976326487  0.83404547665078244  0.84478753542023388
  0.85519784426596834  0.86562515564395293  0.87596790180002693  0.88550715216308251
  0.89419558834133583  0.90255825057555117  0.91194473960140421  0.92193956871492988
  0.93151203286236162  0.94056525892784126  0.94946083594241026  0.95891278206065456
  0.96881781010436974  0.97947384318956687  0.98958025498821311  1.00000000000000000
 -0.00249880087377014  0.00920363047956820  0.01957037586155703  0.03022291211861483
  0.04113082006955349  0.05213244197756061  0.06304992218832924  0.07413890047166108
  0.08505811647409385  0.09608344651123626  0.10696976428766619  0.11745169679788146
  0.12742264209234225  0.13719970579374513  0.14661940976831697  0.15667962997887525
  0.16695876270731630  0.17820409528496109  0.18916772916040847  0.19933290011617030
  0.20907837145592750  0.21828490521360769  0.22756646144525070  0.23668226368719636
  0.24677560241416280  0.25766154847240130  0.26866306726748523  0.27935608934935935
  0.28961876535588044  0.29975478174061687  0.30995969060128720  0.32053674250731079
  0.33171341399558818  0.34325182811943733  0.35506351044780399  0.36730949094645760
  0.37988339240588320  0.39226541106554247  0.40360633382899391  0.41410223517676076
  0.42487920462686563  0.43603007408831873  0.44718134596212988  0.45778089560691926
  0.46810068788501680  0.47881083391517104  0.48994270057082007  0.50122069454171470
  0.51238826842100305  0.52358639383356831  0.53470136135066793  0.54581989153211619
  0.55706124855954542  0.56809595843410632  0.57887396517627965  0.58907562766569399
  0.59882747027348981  0.60958148633147691  0.62053013383692324  0.63115320700704292
  0.64127725890009968  0.65156713548759160  0.66197021914438159  0.67230409858258156
  0.68251726662303880  0.69251689327913912  0.70238169650955107  0.71225529010285549
  0.72241225846941970  0.73256933191487161  0.74240247173386287  0.75165102359112679
  0.76123342828383433  0.77103972445208480  0.78180872808072754  0.79225336956144343
  0.80310233774486883  0.81337100283707586  0.82423221727644125  0.83510063054935824
  0.84657713064535667  0.85815749810427711  0.86895572936237986  0.87913348655458246
  0.88833216179954877  0.89750842883621251  0.90670425329065818  0.91768763168901935
  0.92960704017833340  0.94002368069414621  0.94978580873078888  0.95919440240119702
  0.96993887619782027  0.98089841593467297  0.99041800715634321  1.00000000000000000
  0.00003897521705040  0.00010197967407684  0.00047917620969695  0.00090780272678538
  0.00132913491931804  0.00159903293340805  0.00188586996150763  0.00218132495909431
  0.00247385030793577  0.00276919207022482  0.00306800755114368  0.00336893884248013
  0.00367020726378106  0.00397819934210715  0.00428518333423997  0.00459668663060221
  0.00491604879074069  0.00524223900048047  0.00559199347170143  0.00596021941575610
  0.00633828294792391  0.00672281035067087  0.00711410167624450  0.00751426801976490
  0.00791907982000436  0.00831578693388563  0.00872130448443440  0.00912222426829990
  0.00952477233927861  0.00993567611737255  0.01035197563010262  0.01076901206972718
  0.01116563573150746  0.01156140275983848  0.01195895899260736  0.01236681961572437
  0.01281329139022005  0.01332059191708760  0.01383013309600982  0.01433604321468811
  0.01485296341173814  0.01537823763305002  0.01592858050435406  0.01651855426986632
  0.01710556045704074  0.01770736995188970  0.01836026892876216  0.01905838422639220
  0.01974810443889399  0.02039108798230165  0.02107494566850299  0.02182833958741272
  0.02262357582532574  0.02346336681468068  0.02438542822536586  0.02532791695392278
  0.02620572228649859  0.02693225134012976  0.02758907220213461  0.02826459297037978
  0.02908812234971769  0.03024844782068551  0.03148525067092949  0.03268475664635861
  0.03396841257604712  0.03513087905031026  0.03629827058853885  0.03720453196541143
  0.03809942936612556  0.03899277926252884  0.03999752308667281  0.04101297417090493
  0.04209500756843460  0.04320169295897047  0.04443421277851382  0.04606728520007385
  0.04761508887020553  0.04911478958185116  0.05069482303388939  0.05234607588761487
  0.05412113753965774  0.05605838873299030  0.05822284197785441  0.06098342876410648
  0.06385082447096754  0.06698777629494805  0.07060747708228074  0.07448390610440252
  0.07879951924463560  0.08245467482769946  0.08819208634064322  0.09604623992011006
  0.10212194869103114  0.11329273861828147  0.13764763887927478  1.00000000000000000
 -0.00214825245549719  0.00842219084920877  0.01798724278327174  0.02881773916127357
  0.03913566580267712  0.04946418674165513  0.05966075134094833  0.07011501480153298
  0.08077292715321410  0.09128259130147054  0.10137907482226377  0.11097223070024761
  0.12030837023138349  0.13005249339934860  0.14061053642387947  0.15207782267750392
  0.16377498871176854  0.17516430685029952  0.18665936969454397  0.19843099590043994
  0.21021533660864544  0.22180843113401968  0.23306188118420285  0.24398179986565946
  0.25502665283297921  0.26591106602727299  0.27675022631783303  0.28752555480750974
  0.29863330763996043  0.30997676468866298  0.32112110646023878  0.33199413128701660
  0.34269856784023561  0.35347954486509781  0.36426805033539833  0.37493667283435650
  0.38543143884740078  0.39583979563428973  0.40648191144996720  0.41752666809935624
  0.42809241594667058  0.43796921709452624  0.44786056797081325  0.45811014189395194
  0.46819539771759733  0.47806494378251035  0.48774851496535115  0.49758407359628093
  0.50720749884878114  0.51643090624114063  0.52563764426885407  0.53443763566058355
  0.54337460950986638  0.55261208673220463  0.56195001796338506  0.57111191298737818
  0.58051781339088759  0.59020172547832905  0.60027293800464021  0.60959188929143959
  0.61816682054148719  0.62718459128123716  0.63704549428445933  0.64770503856339146
  0.65852304693259245  0.66966645115907697  0.68093324292567003  0.69164396305153575
  0.70192364926023476  0.71248337149206942  0.72362770693353262  0.73510747132935339
  0.74679401817589486  0.75876387084709507  0.77017948842572459  0.78075645641342351
  0.79131027044593016  0.80225381377567340  0.81301123957561994  0.82348175325287076
  0.83446428067641643  0.84647795632291878  0.85848726240046980  0.86993057919587957
  0.88109746070877926  0.89192907516371589  0.90236248398572771  0.91273157748574807
  0.92346814431445490  0.93515319459169877  0.94730644706891554  0.95719918198681975
  0.96703810240637011  0.97688414998423401  0.98730294669973151  1.00000000000000000
  0.24267122016082651  0.50113258838600583  0.56713278437016945  0.60437881210848621
  0.63250217519435881  0.65550448660650718  0.67416351589386880  0.69042139927493440
  0.70531924653813816  0.71885408269304196  0.73117582073347243  0.74232544199336159
  0.75259632479111405  0.76198432854723486  0.77112678554615588  0.77967475229429806
  0.78769306957598406  0.79522591261616882  0.80236435781545812  0.80920567407159716
  0.81570265146060805  0.82180536583599861  0.82763530425085685  0.83316542110384717
  0.83844898186188943  0.84350120216299651  0.84826654606983798  0.85284738658739889
  0.85724682885879533  0.86151360233816265  0.86575349946743874  0.86987966741220391
  0.87403173050134231  0.87791979379054275  0.88164384486932701  0.88530308853791551
  0.88888122301120909  0.89251745843048380  0.89596813587446489  0.89925778343780560
  0.90232993712363885  0.90528537294852462  0.90836538446400750  0.91147095465317707
  0.91451048137683977  0.91733656354522264  0.92002202456913096  0.92268555544770969
  0.92528904995791017  0.92784126370622799  0.93028086594791992  0.93263267430028840
  0.93491633059917245  0.93714335738113741  0.93922292872162016  0.94132559455466847
  0.94349414029393941  0.94561238515316792  0.94765075929925413  0.94962267178739201
  0.95153804426936217  0.95348388445204413  0.95546845998791097  0.95735656733650842
  0.95910195038742108  0.96077939945915791  0.96238866095606634  0.96403359107643816
  0.96562110357143061  0.96711488220077946  0.96856854637482648  0.96994799154303757
  0.97132500013144973  0.97270907200023604  0.97411139240590772  0.97562681008761032
  0.97707126363432062  0.97849011763547722  0.97982980606942327  0.98109071360624833
  0.98230830377555700  0.98350583070787601  0.98465605072828866  0.98573582305852248
  0.98681454832103477  0.98790930566729285  0.98901348509858911  0.99008972740183565
  0.99114164814630334  0.99217049700760696  0.99316509904968542  0.99418624041720105
  0.99527008394610927  0.99649793268231368  0.99804769430190421  1.00000000000000000
 -0.02270952189349350  0.10686512000746888  0.14440148650404533  0.16654536685467847
  0.18456935420326492  0.20010879365108830  0.21407048924541219  0.22712762993982571
  0.23899892059760763  0.24975592229393664  0.25970264284573646  0.26911391362740567
  0.27786633356280521  0.28585249739978380  0.29386090519911512  0.30129681220330123
  0.30951672663901925  0.31743428696098358  0.32500238048614599  0.33165467269912452
  0.33793466313168419  0.34413163714110928  0.35053546350164344  0.35723329343349641
  0.36421379250726382  0.37127213832937039  0.37833408374644528  0.38516583449801323
  0.39174979568802609  0.39803414757661409  0.40425253893343738  0.41047703246748662
  0.41682790517426915  0.42274022723157528  0.42834610830869857  0.43363745258740194
  0.43912457695816509  0.44471191724963255  0.45009486380502062  0.45529784069951273
  0.46047378978116599  0.46577079946017269  0.47132477675488871  0.47686454515815457
  0.48218037292749244  0.48724119062163040  0.49227221044306774  0.49723969586593336
  0.50220082549165113  0.50746982696846399  0.51304893840521282  0.51874847738023389
  0.52434605188465866  0.52990016463891454  0.53527776017706441  0.54051449449929401
  0.54603886862545359  0.55145035598002967  0.55686409369462753  0.56223172418432443
  0.56752113682604055  0.57311712423639083  0.57884455897234588  0.58520341428952249
  0.59186680573291661  0.59844264958582638  0.60487234823762004  0.61055633219153249
  0.61647798970627876  0.62256178276538165  0.62864317761907684  0.63478742434644164
  0.64098972182573266  0.64758470474467511  0.65451687246126666  0.66155167965646944
  0.66877761322076335  0.67620630772166646  0.68359761106926287  0.69088970641661818
  0.69891142457891420  0.70690056357309228  0.71499356171053496  0.72304896494513415
  0.73111251815595701  0.73934428708504318  0.74762994683644601  0.75710153231692523
  0.76752026049384448  0.77981792660877070  0.79369908611190643  0.80975441021503825
  0.82920563408049897  0.85379750990072467  0.89052353132755813  1.00000000000000000
   1.5289770530332317E-013  -1.0000000000000000     
 F F F F F F F F F F F F F F F F F F F F F F F F F F F F F F F F F F F F F F F F F F F F F F F F F F F F F F F F F F F F F F F F F F F F F F F F F F F F F F F F F F F F F F F F F F F F F F F F F F F F F F F F F F F F F F F F F F F F F F F F F F F F F F F F F F F F F F F F F F F F F F F F F F F F F F F F F F F F F F F F F F F F F F F F F F F F F F F F F F F F F F F F F F F F F F F F F F F F F F F F F F F F F F F F F F F F F F F F F F F F F F F F F F F F F F F F F F F F F F F F F F F F F F F F F F F F F F F F F F F F F F F F F F F F F F F F F F F F F F F F F F F F F F F F F F F F F F F F F F F F F F F F F F F F F F F F F F F F F F F F F F F F F F F F F F F F F F F F F F F F F F F F F F F F F F F F F F F F F F F F F F F F F F F F F F F F F F F F F F F F F F F F F F F F F F F F F F F F F F F F F F F F F F F F F F F F F F F F F F F F F F F F F F F F F F F F F F F F F F F F F F F F F F F F F F F F F F F F F F F F F F F F F F F F F F F F F F F F F F F F F F F F F F F F F F F F F F F F F F F F F F F F F F F F F F F F
  <DiscreteSampler_grid>
  grouped_processes
  1 # 1 for a reference and 2 for a running grid.
  10 # Attribute 'min_bin_probing_points' of the grid.
  1 # Attribute 'grid_mode' of the grid. 1=='default',2=='initialization'
  0.0000000000000000 # Attribute 'small_contrib_threshold' of the grid.
  0.5000000000000000 # Attribute 'damping_power' of the grid.
 # binID   n_entries weight   weight_sqr   abs_weight
    10   10   8.027120491906491E+000   5.025214706876213E+002   8.027120491906491E+000
    16   10   8.201747554277688E+000   5.260626729474681E+002   8.201747554277688E+000
  </DiscreteSampler_grid>
