  0.00206357840432977  0.01692350494017047  0.03102769322380820  0.04310059132666861
  0.05472170601496475  0.06590773328870447  0.07687727243179583  0.08777543426020379
  0.09894415396032753  0.11054612966405321  0.12197486428827913  0.13292860206342835
  0.14327829976435533  0.15382007039277179  0.16444523839278169  0.17550766220995442
  0.18672827429553765  0.19744947343153491  0.20861871406564630  0.22010064054616502
  0.23173420188016627  0.24253244958735251  0.25221890928146945  0.26150537327392354
  0.27067181053820921  0.28057703874800999  0.29126953702327490  0.30197219132370878
  0.31257045979769449  0.32333447298117374  0.33359459268883324  0.34279884517673792
  0.35145161975599198  0.36026140552230013  0.36951756026280697  0.37849308410003607
  0.38723178323579893  0.39656604511322263  0.40659277515450742  0.41654292699556617
  0.42624617412549343  0.43514451314542640  0.44527985261081887  0.45668423340923858
  0.46736429719397621  0.47826003442848580  0.48912862748051172  0.49966399850086368
  0.50932476016463635  0.51848733967433736  0.52854176530018993  0.53897903536460112
  0.54936280398473292  0.55981860210963086  0.57076754191286760  0.58186519681134974
  0.59275071495630793  0.60388082069897964  0.61568952252205877  0.62770021061840275
  0.63920879231817518  0.65042143134359054  0.66208011400097433  0.67434745091595749
  0.68629843249096179  0.69676923734134744  0.70624620886720202  0.71559725167452060
  0.72513909360829498  0.73527031667703657  0.74562763837950075  0.75675913095031511
  0.76897097931854808  0.78124945413814939  0.79330330871307464  0.80472958717645360
  0.81607471734484960  0.82678621318733592  0.83749668089223539  0.84794302585773751
  0.85804868757099517  0.86783935181620064  0.87800271076315506  0.88908639887920138
  0.90071804679841538  0.91186465960137608  0.92256123499079401  0.93317229920384936
  0.94429936768403822  0.95523892624892792  0.96429419602530386  0.97222745030717339
  0.97967491442423649  0.98668152992966784  0.99214873978759122  1.00000000000000000
  0.00924073972364844  0.01710908157462588  0.02716832070761459  0.03669677523374317
  0.04614417665628409  0.05609771894460985  0.06590035834193109  0.07577052113855609
  0.08642915101051592  0.09822528984238285  0.10994119313159395  0.12113420171847844
  0.13245107347649432  0.14374858443762570  0.15464980749278781  0.16505715582250596
  0.17543944551531496  0.18596236032287422  0.19644296338355083  0.20575017846777452
  0.21506063107220491  0.22445298649807766  0.23471533647243778  0.24545959349068633
  0.25529826476525252  0.26479555936843324  0.27459130285172273  0.28471166714683099
  0.29513561235834823  0.30559753762370279  0.31592860076129131  0.32625906489838480
  0.33664216412494286  0.34729240126945005  0.35825980002022195  0.36869638788930337
  0.37864343065282441  0.38811838323243608  0.39722009961944005  0.40626756468446229
  0.41555914149351081  0.42477240022064239  0.43376665812649423  0.44323327577032784
  0.45292871727165901  0.46264470051076628  0.47252561476034505  0.48248131816261630
  0.49233281706732113  0.50180024215879182  0.51108904254506804  0.52002686549069765
  0.52977259623347517  0.53977373134133821  0.55048835662402917  0.56157226687680473
  0.57315648173170430  0.58455091645218948  0.59561927351105204  0.60644781469378184
  0.61701477850643316  0.62742323934347910  0.63783521864409631  0.64880676010170035
  0.66004302539792481  0.67129394326007785  0.68269998818548971  0.69368011454093947
  0.70354045190244274  0.71266895994422785  0.72121641111269652  0.73082499973012349
  0.74087033903009181  0.75092404764208853  0.76117406828849010  0.77167612920795881
  0.78227248222093360  0.79265241858877356  0.80266033705891016  0.81238003208130372
  0.82238929348078038  0.83298023769192042  0.84411165132042654  0.85554711720024601
  0.86729871389924829  0.87941007166658891  0.89163287498197763  0.90362082452052805
  0.91532361393120310  0.92704650454255755  0.93894903647457462  0.95078015453151654
  0.96284046733670903  0.97535805310448420  0.98761193264841696  1.00000000000000000
  0.00176500516614277  0.01780812121085866  0.03239083867347089  0.04478409656117628
  0.05674573468872966  0.06854770143597906  0.08013999180897385  0.09071003837325620
  0.10134653853084441  0.11218532306813597  0.12377174614827166  0.13449235652207681
  0.14501828178456960  0.15537094665306977  0.16637400667760288  0.17788388737537114
  0.18896071960571301  0.19936072990647555  0.21016849267305729  0.22144149628704871
  0.23257351086097403  0.24311453682802564  0.25336354015619317  0.26369490223534325
  0.27440508653701506  0.28441250116776956  0.29485718397474225  0.30479508429045221
  0.31477886660892829  0.32428048452200792  0.33430936036823733  0.34455212634303045
  0.35474218433697507  0.36550930387867986  0.37669700605416617  0.38781282665342642
  0.39868238923860733  0.40940166830970015  0.42061139977775186  0.43195450805010160
  0.44333333050572810  0.45408480568438936  0.46423932630163134  0.47361758548148875
  0.48263095231461817  0.49143658386538358  0.50032442447262815  0.50899251332741813
  0.51711751838154218  0.52551991754180083  0.53509400343009594  0.54524522669269626
  0.55561824597356857  0.56635329503591858  0.57754351010653004  0.58871934122035896
  0.59970232499216281  0.61053885901198945  0.62118911955027323  0.63202928256014757
  0.64317512138672506  0.65439442745998999  0.66543552517772286  0.67632745216493118
  0.68739637981540835  0.69849678905101709  0.70954520902102980  0.72019849457123808
  0.73002641829342818  0.73975921400067013  0.74931520575439092  0.75926870549328040
  0.77006899431581488  0.78104897034999365  0.79206067200960062  0.80228802184553238
  0.81285206932814069  0.82401997995135789  0.83531025121150138  0.84615009974907351
  0.85652338052277710  0.86648325245843982  0.87630825551599156  0.88634665863145567
  0.89639142625799517  0.90653755519400037  0.91711090178843724  0.92790272898112514
  0.93883144788720918  0.94937336029373354  0.95969838860782608  0.97028576896591068
  0.97945060605064882  0.98723166916752181  0.99206617858302248  1.00000000000000000
  0.00000456485583542  0.00000472278698510  0.00000483971089064  0.00000495863908227
  0.00000508719900132  0.00000522270528806  0.00000535358031279  0.00000548323878108
  0.00000561765412880  0.00000576872913086  0.00000594170335781  0.00000612735334100
  0.00000630535794765  0.00000647625887165  0.00000665597056951  0.00000683692929219
  0.00000701754579900  0.00000719296694186  0.00000738021323098  0.00000760064114535
  0.00000784546436175  0.00000809165411413  0.00000832084696682  0.00000853100316123
  0.00000874226770029  0.00000896813436713  0.00000920301560516  0.00000944215921927
  0.00000967844557832  0.00000991951635106  0.00001021274795940  0.00001051274029742
  0.00001083116236415  0.00001114789969543  0.00001146953515540  0.00001179812888385
  0.00001214711225868  0.00001250251971217  0.00001285534266851  0.00001321053998647
  0.00001357607973315  0.00001396179817451  0.00001437365884487  0.00001480988393956
  0.00001528557028448  0.00001578912296840  0.00001633135586072  0.00001690866599828
  0.00001752706366604  0.00001817559989999  0.00001886122779275  0.00001960359450499
  0.00002038517165730  0.00002121262133195  0.00002205486583983  0.00002293742765657
  0.00002387260428349  0.00002485845935092  0.00002589168247444  0.00002698110271698
  0.00002813831065109  0.00002934139835721  0.00003056660756488  0.00003192581039989
  0.00003331982926469  0.00003474674039576  0.00003628552268108  0.00003790229158980
  0.00003975432029494  0.00004194738236904  0.00004448912451954  0.00004745497834495
  0.00005090063875600  0.00005475631596043  0.00005926193314030  0.00006482384381722
  0.00007185690959652  0.00008160102838468  0.00009459181646295  0.00011146533043370
  0.00013430953421950  0.00016577388457851  0.00021370124075227  0.00028890920241713
  0.00040457059492349  0.00060885845741387  0.00092649280665409  0.00148990854707445
  0.00261206935691961  0.00458164783022264  0.00728042535715395  0.01111987559034669
  0.02308041054411535  0.08593623534116332  0.26380898311041484  1.00000000000000000
  0.00000226104826006  0.00000287958402242  0.00000330537523429  0.00000376898334151
  0.00000420494201201  0.00000462240969797  0.00000509877607464  0.00000557916934883
  0.00000606400960164  0.00000658037056158  0.00000710679595957  0.00000764181652957
  0.00000818583131015  0.00000874434355226  0.00000931689735634  0.00000989935593511
  0.00001048982968958  0.00001106124217623  0.00001161736176469  0.00001217781264279
  0.00001276546746830  0.00001334893404791  0.00001394032751747  0.00001451349546080
  0.00001513952377866  0.00001576436011981  0.00001642337461643  0.00001716387235446
  0.00001794746038663  0.00001875624966623  0.00001959324123621  0.00002047194590059
  0.00002137194798873  0.00002228528595173  0.00002322906296025  0.00002422196172765
  0.00002530068458464  0.00002647842392848  0.00002767876451457  0.00002890920381365
  0.00003020942718585  0.00003159334644800  0.00003303680487315  0.00003455864117021
  0.00003619519303370  0.00003791167531599  0.00003968338480274  0.00004184271951219
  0.00004404379521999  0.00004640313274721  0.00004899248724035  0.00005177229811212
  0.00005476426183708  0.00005799014768240  0.00006141650071161  0.00006512151156887
  0.00006924558452287  0.00007399018546166  0.00007945659301045  0.00008601610221804
  0.00009347629266766  0.00010175766328671  0.00011090209490272  0.00012103471737096
  0.00013229423108597  0.00014532675115776  0.00016049753910846  0.00017798935658154
  0.00019816425095930  0.00022140536798727  0.00024781499736923  0.00027818027504199
  0.00031427071736956  0.00035879896157414  0.00041563201723212  0.00048809287909648
  0.00057424525376490  0.00067863450211939  0.00081493414124441  0.00099700733739527
  0.00126408488149745  0.00166335724873632  0.00217336907405256  0.00271035752526366
  0.00344381377440711  0.00448263619796086  0.00576918225412697  0.00726488611283524
  0.00945048285558953  0.01161108346695639  0.01527618716755196  0.01894234140230394
  0.02636359936377229  0.05538002704499971  0.17167214775524400  1.00000000000000000
 -0.00196183399216050  0.00658751359170322  0.01520276482760491  0.02378904440680299
  0.03241817169648625  0.04114698674786226  0.05009779834898527  0.05936820430344601
  0.06885020834894817  0.07837005549295235  0.08775903472918312  0.09686224242030596
  0.10573018158389413  0.11419725927650159  0.12238335923750766  0.13091003054512687
  0.14018758266398124  0.15052659951795466  0.16155390862980853  0.17204095094611993
  0.18211301866603088  0.19254025935159166  0.20195348809630856  0.21058892336835389
  0.21939649354912441  0.22819463507548052  0.23809900168549294  0.24832956584387123
  0.25886721121785511  0.26849075938532280  0.27782369606804258  0.28745876964627870
  0.29751559690396440  0.30748691576649240  0.31796300601242200  0.33012128076816222
  0.34333637160739283  0.35658842813674557  0.36923141432432971  0.38169619562636742
  0.39393815312678493  0.40598391839139786  0.41800322656224920  0.43024287849203063
  0.44210993857725522  0.45359087958506539  0.46476405045232044  0.47597149474262335
  0.48787699153791547  0.50068498663835836  0.51381244308472829  0.52676446430410084
  0.53942317298421971  0.55227927335878946  0.56449445255289588  0.57559228610526836
  0.58635484604649568  0.59801153527656403  0.60995140846273321  0.62144893746949104
  0.63285166489502231  0.64456010158333765  0.65635880983984629  0.66815060557443928
  0.67929442966639930  0.69065780262891074  0.70245416674095618  0.71423889628688952
  0.72605605024642861  0.73654713286180229  0.74708432926360890  0.75748269310478022
  0.76763368112188213  0.77744597347100652  0.78765871055160441  0.79837595654331861
  0.80927526268215921  0.81967709169078429  0.83016948709987448  0.84061629959021800
  0.85161500329805606  0.86264230031427125  0.87348994078460374  0.88350044936913530
  0.89328934523197667  0.90305753541565492  0.91265472754304700  0.92230007353951127
  0.93217149153646151  0.94241344217173018  0.95270712648661626  0.96262720501693000
  0.97210303721750768  0.98132696150230769  0.99075895107860656  1.00000000000000000
 -0.00213296776354170  0.00886810309668501  0.01859701697942763  0.02849369426153972
  0.03874799044946647  0.04878373869786007  0.05851788078100588  0.06788272674108028
  0.07678149650933878  0.08607713752519279  0.09574121629714695  0.10484611942012054
  0.11344907270951184  0.12246362036162889  0.13221925193188133  0.14467858024114369
  0.15530444278089248  0.16564950173343515  0.17605003602054348  0.18697569428901811
  0.19827878820904449  0.20942507163308954  0.22048468481388023  0.23141263029902878
  0.24298735543046418  0.25468382452202792  0.26660329575401120  0.27811951877054042
  0.28911195891431363  0.29982684055758413  0.31073370992908145  0.32217982478841611
  0.33410327920802546  0.34614442053400990  0.35772057870397167  0.36886319986076044
  0.37955307141571565  0.39025419995107141  0.40174896854353748  0.41384870532338908
  0.42477095937342191  0.43406179708082976  0.44288158006246509  0.45173099306926645
  0.46081673618649316  0.47057294854288328  0.48033802681946403  0.49104494728291226
  0.50153191387623342  0.51173775339879879  0.52172576431133744  0.53214942681606336
  0.54317399431500302  0.55470255942381785  0.56612301491370964  0.57752839054494609
  0.58932085052551186  0.60133764183758709  0.61259825882587304  0.62268949631344184
  0.63298278856876578  0.64357194824654562  0.65505015393322286  0.66647141847050284
  0.67775518956285685  0.68855679093064648  0.69933502637689249  0.70985238970625864
  0.72026674586647632  0.73055637234683257  0.74072364273609970  0.75070401886797533
  0.76073713376690510  0.77042482455517070  0.78069898983817243  0.79128324894507085
  0.80222604044856516  0.81314937634750240  0.82332174667556457  0.83288155300943356
  0.84255914751482741  0.85236472967406973  0.86251455980469161  0.87235522324213322
  0.88290955024581064  0.89398841776631977  0.90483093774765910  0.91561238654107291
  0.92611192668382591  0.93656700116912706  0.94683769091263659  0.95754255623020690
  0.96881422576733389  0.97957979375648307  0.99001579070882961  1.00000000000000000
 -0.00210100602780426  0.00827521001508996  0.01833866556798577  0.02816996298046327
  0.03815056886483957  0.04790457543607625  0.05748423434927093  0.06797080933533854
  0.07871996479583054  0.08943381634055013  0.10066984678511938  0.11242880025710837
  0.12387386989467658  0.13449613258686616  0.14522356027250527  0.15584263117582012
  0.16635647180500623  0.17686717086903925  0.18820899440576824  0.19933275015222615
  0.21012595312123233  0.22026568040518596  0.23041865395625932  0.24061835195969053
  0.25173420015791659  0.26338190784605237  0.27489070177022940  0.28587048858014136
  0.29605562843123812  0.30590441362570053  0.31534193643346731  0.32438042993525434
  0.33353414297022782  0.34276629477140724  0.35226462908871770  0.36149004516192373
  0.37107600064609730  0.38103390817912175  0.39170190567090157  0.40190944704589304
  0.41248597148183996  0.42396422703697356  0.43575039805818189  0.44719692758500962
  0.45833592526307276  0.46942625519526526  0.48062834294278717  0.49177803512133383
  0.50228506337020795  0.51187811204970546  0.52158238545478408  0.53245242648361657
  0.54317315849978753  0.55293542845140986  0.56228172924366049  0.57205058326454372
  0.58219921103980499  0.59249889477013395  0.60239408543178941  0.61171214920685424
  0.62067038359938487  0.62945697754680552  0.63819146320858111  0.64765924889736404
  0.65775782194592092  0.66799208719951442  0.67860392237647238  0.68924647430460240
  0.69978038349213689  0.71043865062342537  0.72195465714947571  0.73397294721006934
  0.74550561126248172  0.75640030462324093  0.76743196572451156  0.77812218953388712
  0.78871439920769715  0.79879043266476013  0.80810244584461921  0.81820819634449515
  0.82854707427350704  0.83869543910292399  0.84874897102680313  0.85921538515782936
  0.87058573779106940  0.88210595229428335  0.89317211128193896  0.90401397666801109
  0.91498461139410425  0.92682304865890186  0.93893526420233986  0.95104869989421481
  0.96309043504500758  0.97575775511177254  0.98778725493556463  1.00000000000000000
 -0.00246140673342044  0.00998761108760149  0.01992658760039906  0.02974530557624548
  0.03919076234338198  0.04863160446766831  0.05854236622008028  0.06924244172738153
  0.07981851961197033  0.09000142014515562  0.09962718312675972  0.10886323881708355
  0.11779320423944643  0.12671409453276972  0.13684125070137976  0.14739391251459941
  0.15870647068522781  0.16938333171879041  0.18043162275443400  0.19084687239772222
  0.20186417967391282  0.21295521971228612  0.22465454709429750  0.23592758287409160
  0.24635189931831916  0.25649848113585044  0.26716397143844461  0.27853504553339387
  0.28988050985710057  0.30051006027631755  0.31046574026016455  0.31964596310827376
  0.32897820731920951  0.33834593056805728  0.34836885997678757  0.35972424817952842
  0.37140526774173566  0.38255578249198574  0.39252306162180806  0.40234328619572651
  0.41219687209868194  0.42269878049027920  0.43270819662327370  0.44159568177206920
  0.45079106694841364  0.45991277784752382  0.47002003960810435  0.48036185928879083
  0.49056641774803644  0.50119859440770043  0.51177005953347765  0.52203169417912776
  0.53222375692481838  0.54293877888525899  0.55496488236566943  0.56704886633255847
  0.57832972443302466  0.58979800415268135  0.60115755032579388  0.61259706239313971
  0.62397488955513303  0.63418152523982252  0.64469173401314028  0.65443928652891525
  0.66428368517032221  0.67411232995818848  0.68381897278259618  0.69350322712376555
  0.70274652159334738  0.71166889483840601  0.72028690441141863  0.72903948252481632
  0.73845040776632942  0.74819045114916827  0.75872088834685625  0.76955726565685034
  0.78011878992795269  0.79042829237078094  0.80093766136264555  0.81136950218621340
  0.82187795246080320  0.83322922247997988  0.84581905912674737  0.85858267414069100
  0.87066676805926102  0.88239789073222019  0.89409373694169103  0.90593007443013940
  0.91782480624319163  0.92989468651427998  0.94220929459275227  0.95372921897698471
  0.96518746127626975  0.97636491701746986  0.98811604427866528  1.00000000000000000
 -0.00156978827952398  0.00638547325310170  0.01419311236924473  0.02233573615725181
  0.03109474955371133  0.04001943262773382  0.04987909375991240  0.05972447988145297
  0.06911652158932341  0.07816800884340411  0.08698939565085004  0.09614243930035253
  0.10594344764775494  0.11659756883067865  0.12798803469833467  0.13916160665613075
  0.14970893766791066  0.16003466120878523  0.16998858041313175  0.18122039685643143
  0.19211389144907695  0.20337109630076067  0.21436373859975197  0.22552849448253312
  0.23646895033037965  0.24712418838403899  0.25780515755734146  0.26864598780657734
  0.27922256809984325  0.28982157785428264  0.30122669720193396  0.31180005759553298
  0.32229465512428429  0.33296194812704960  0.34549404473949902  0.35835641073392438
  0.37067622488998864  0.38263297784990763  0.39447919306501394  0.40576094980095490
  0.41677517137454989  0.42809939679134257  0.44001249805629922  0.45261866812326773
  0.46579749657468283  0.47916529407431008  0.49210470028187159  0.50474396531982846
  0.51724108446855566  0.52968371688294180  0.54250690694955206  0.55579442318899008
  0.56884429721272090  0.58123012801749252  0.59325290604952274  0.60514382252272103
  0.61626442768651502  0.62652621556791388  0.63656842377541012  0.64695391148544679
  0.65865645248849070  0.67032055401315283  0.67976154535990774  0.68910396610896041
  0.69862910730142935  0.70876375690344051  0.71949770572789540  0.73039410129856619
  0.74197814549423746  0.75389764737368736  0.76539523577803170  0.77657212170406076
  0.78751157826180973  0.79797809479658111  0.80692035546864682  0.81610078823542731
  0.82530854633033701  0.83517139580791999  0.84487026629500195  0.85401914084485053
  0.86335314635595894  0.87245763694618039  0.88152875953548548  0.89049654481330320
  0.90001747999546167  0.90975193695641288  0.91897603250434856  0.92764191819178743
  0.93636999715057745  0.94533123496143401  0.95430313361620345  0.96331959194368955
  0.97241296452287107  0.98175679071425281  0.99088750932531122  1.00000000000000000
 -0.00251030561500276  0.00914909137222710  0.02003016962417073  0.03136529490021211
  0.04291029184278736  0.05436228675560919  0.06549470469951989  0.07627570765146863
  0.08691401737633916  0.09767631117856168  0.10850074885954167  0.11941170524897758
  0.12997095881371257  0.14029240272702675  0.15077147196287397  0.16145514350687440
  0.17205746118705970  0.18242746327201617  0.19251116282575492  0.20293477717783898
  0.21346684300206223  0.22372688111311423  0.23350490342349681  0.24317501011114848
  0.25330543423578217  0.26317035980937664  0.27251285625944832  0.28184551209776287
  0.29181584263025717  0.30207868209391808  0.31220561439792832  0.32262898004370133
  0.33243059334963931  0.34231727199750694  0.35246334086616338  0.36303360304289700
  0.37413394497282587  0.38534806661636201  0.39661086623359937  0.40779954957331710
  0.41828970297263302  0.42851519752472761  0.43901849475769078  0.45047496547600058
  0.46241000625913292  0.47414488750008921  0.48548020299415018  0.49622079897874638
  0.50584332699935541  0.51536736300845898  0.52509986058108316  0.53510449398826976
  0.54544602581232082  0.55689459324588153  0.56808628561726371  0.57807176086738077
  0.58743572619744855  0.59699576858186720  0.60697287040303893  0.61676914736164623
  0.62616293142139956  0.63588917638093345  0.64596912190089018  0.65646051970779706
  0.66706285407893706  0.67736506774144312  0.68766555435407206  0.69880026018033015
  0.71010593480389073  0.72084938751702554  0.73134736648185050  0.74175503385621411
  0.75224066735910311  0.76258948050728192  0.77255826537572825  0.78203337197737244
  0.79152428839862765  0.80165035669012452  0.81214123368693081  0.82342673497207752
  0.83543750641734038  0.84738395475076078  0.85849317335042341  0.86855323377625349
  0.87838402207438038  0.88914008032774716  0.90078804412391600  0.91222595270000950
  0.92338765714311599  0.93423968028904558  0.94480485527787572  0.95571423195575511
  0.96723422018985195  0.97878495243478669  0.98968875718002225  1.00000000000000000
 -0.00212117149608349  0.00904546329567832  0.01856831167309513  0.02885885594774034
  0.03958383220783096  0.04976848299469010  0.05941710625164910  0.06915614164802955
  0.07944978709193877  0.09021623867333514  0.10134570241723585  0.11249543732954262
  0.12366315340344697  0.13496628997151353  0.14626038298819796  0.15765897999075126
  0.16916509573426072  0.18100314787212457  0.19349085936090771  0.20577457350340517
  0.21776834979323889  0.22918077795839251  0.24054529272455080  0.25139449709268569
  0.26124613280126052  0.27093265901262742  0.28112970281495947  0.29128650426578434
  0.30147636912076081  0.31108094977182071  0.31951450321153574  0.32786548622435641
  0.33628993394333195  0.34543016031550972  0.35510692321675036  0.36462271372905380
  0.37440970056527423  0.38476847759943916  0.39530999324460603  0.40598083940105067
  0.41660293599873743  0.42739865073322364  0.43834383225572010  0.44863307856407830
  0.45822011474691599  0.46766251505437317  0.47759694468973690  0.48904258079687501
  0.50163084404623781  0.51413889460614870  0.52600579996526853  0.53725389425514292
  0.54828383081000009  0.55906022991730830  0.57010553352606319  0.58159585476810660
  0.59356251445765718  0.60523580008164968  0.61635271404476233  0.62756285949490787
  0.63885286960043652  0.65028220962191163  0.66118220841499642  0.67194570827724076
  0.68282245187185309  0.69395847331651661  0.70469222359627492  0.71449476892415775
  0.72369204749980509  0.73423199304127795  0.74584441560387027  0.75662129695931279
  0.76689197135433174  0.77768143819698088  0.78864028054565338  0.79906576354118164
  0.80936678393723005  0.82001307100809440  0.83069896547171185  0.84121397007583987
  0.85116048897433672  0.86094944131577333  0.87091332192389004  0.88029943524123277
  0.89011267422564588  0.89961388352329863  0.90931557783811778  0.91933179920366703
  0.92873111055834712  0.93762195734766907  0.94698912638294641  0.95680661257938660
  0.96702676883417515  0.97786467801326415  0.98886871549411959  1.00000000000000000
  0.00013135875489359  0.00031782484273548  0.00050333851364987  0.00085726504700553
  0.00120035935497644  0.00151872270113038  0.00181218548255621  0.00206805020813617
  0.00235030425076009  0.00264973723831984  0.00297476155791679  0.00331596391268862
  0.00366668410988030  0.00402605105475911  0.00441327822599097  0.00481302250968019
  0.00522826828486105  0.00566661134096165  0.00611232522852167  0.00656916737628403
  0.00703406939400285  0.00751352439030161  0.00802027577030415  0.00853697916196320
  0.00906365856768030  0.00963309146000741  0.01023882121377337  0.01087803446750417
  0.01154254620131284  0.01221864097713322  0.01293393446497862  0.01365392016777834
  0.01440426562418605  0.01517503506032141  0.01596458089865689  0.01670019487851362
  0.01741959319251678  0.01817035624208160  0.01896115932183692  0.01977565953405730
  0.02059713334394256  0.02142994124585790  0.02229696152852928  0.02320259113935795
  0.02410226099157410  0.02500603367719075  0.02586996339252109  0.02667734476979519
  0.02748593329722608  0.02840599471674844  0.02939797548638699  0.03028720337692561
  0.03113885809122252  0.03209968310988071  0.03321248657847907  0.03431300395881959
  0.03541022581098422  0.03645042111323708  0.03745942769302217  0.03857657136743579
  0.03973233641086588  0.04109094817947099  0.04248797403706129  0.04392801200784587
  0.04557015665874895  0.04728153757122209  0.04893719631415833  0.05020935719597403
  0.05126330811222333  0.05225998228820258  0.05332185844485155  0.05476375931137497
  0.05683499601089607  0.05975352430096826  0.06292574176935292  0.06469687053744805
  0.06591094207591053  0.06727364035415048  0.06861699571592729  0.06983295801641094
  0.07087119308142874  0.07298941419875564  0.07514941218609957  0.07773778364865695
  0.08183049723429164  0.08694754331630408  0.09067041162894313  0.09364331978482175
  0.09733476477855835  0.10344400167818796  0.11030175390268278  0.11514286605169785
  0.12034335852194747  0.13980266518345719  0.46308746263647910  1.00000000000000000
 -0.00194582542645061  0.00733096931526875  0.01500302750572197  0.02285304896486815
  0.03095365346412947  0.03937202935077369  0.04819010607400804  0.05708435672524005
  0.06637396685159896  0.07571374201167934  0.08527321107254546  0.09472995847994944
  0.10462448714801448  0.11486009998114993  0.12534378419814113  0.13555136921224953
  0.14534743959665539  0.15491660679308189  0.16467387713110593  0.17493837873044768
  0.18532096930958428  0.19551071989871280  0.20565086237250885  0.21604975279153860
  0.22681947295262869  0.23782520493816534  0.24901803739439798  0.26030728727541436
  0.27179196162735486  0.28364089112485552  0.29500492643631199  0.30596254702213482
  0.31680911126035338  0.32775997615303132  0.33901881671468725  0.35150779771132051
  0.36594292777001397  0.38078978106351019  0.39409893830261716  0.40657290881205865
  0.41888277534577539  0.43169667181637578  0.44513357910948115  0.45875054634641405
  0.47248592858316196  0.48654142995038763  0.50042716653470753  0.51377399996661943
  0.52621141546260164  0.53820342909615793  0.55027877175030881  0.56223457552460465
  0.57491775143497759  0.58714135738171935  0.59925272425322429  0.61171680171491050
  0.62340474329780204  0.63489321911591412  0.64665513850355216  0.65782209130293812
  0.66941468972979623  0.68117747664148653  0.69309684248238257  0.70487674119091770
  0.71666570340012836  0.72803693380302126  0.73848122318444209  0.74888047878586916
  0.75922607058080582  0.76943696784584659  0.77926174161811246  0.78807225506695067
  0.79634346714595028  0.80523533904951172  0.81382863106130354  0.82355768129986839
  0.83362207185796122  0.84352431199508360  0.85286107871433348  0.86155118540079700
  0.86996714616715276  0.87860638275439351  0.88734656016739533  0.89624893113785375
  0.90539850014605094  0.91477427363611574  0.92362982909258706  0.93223861045952472
  0.94076489931892426  0.94934703846020152  0.95809495450014504  0.96661347668975894
  0.97471401878865449  0.98314141738645877  0.99144519725040758  1.00000000000000000
 -0.08210356646848010  0.57387431441227121  0.64923190867632685  0.69291912270118017
  0.72160318425565151  0.74378300634916106  0.76230621521175579  0.77770264977546655
  0.79080860679289722  0.80210298241882771  0.81208995801693518  0.82086785598983547
  0.82890884654967678  0.83617944638934272  0.84289298427796999  0.84931128634891784
  0.85522607932922889  0.86053495612091135  0.86565563250225730  0.87056743208855047
  0.87517410475983337  0.87945073412565589  0.88355528173697040  0.88738235103117868
  0.89097493657961901  0.89441790558310919  0.89772974922577053  0.90090401720236191
  0.90399896663003632  0.90706020612707627  0.91003598622142912  0.91287333274775051
  0.91556628315543298  0.91809820561250033  0.92047594776375330  0.92283216746621000
  0.92511667972022915  0.92731935318287839  0.92946977878048409  0.93157817934903675
  0.93372198465241418  0.93589694641531773  0.93800423377997610  0.93997654403419650
  0.94180701807192913  0.94352532742421658  0.94527012447065795  0.94695171775094700
  0.94859249684583880  0.95013554512486009  0.95165786441176770  0.95312884668394549
  0.95450687198561246  0.95586712867931389  0.95723155474076715  0.95858387658236943
  0.95988328091167596  0.96111662732394776  0.96231636561954570  0.96349572349792822
  0.96466421566299354  0.96583124908774232  0.96698305436156662  0.96814319978423491
  0.96935199029273611  0.97051986731133866  0.97167341940383856  0.97281070429107541
  0.97389956768654540  0.97495394024853232  0.97597245113295372  0.97695663407730571
  0.97791386283842741  0.97880819798824636  0.97968719181682862  0.98054839034166896
  0.98142602001778345  0.98226729912805055  0.98307150903462759  0.98384201407506888
  0.98460060115955039  0.98538565864681893  0.98620092960115469  0.98704397781515729
  0.98790119256902464  0.98877268965606435  0.98964571972514070  0.99053329943808910
  0.99142590960016719  0.99231335227994977  0.99321617555860431  0.99417834502545188
  0.99521779427700285  0.99642050050912778  0.99797630083017475  1.00000000000000000
 -0.02231770772498536  0.10959429281268618  0.14582449606143311  0.16909821349075566
  0.18705817402305730  0.20172497726406916  0.21521918790432440  0.22746869862923610
  0.23871474038827514  0.24951118461483440  0.25870366960873720  0.26774836540473901
  0.27662432750090959  0.28520567706959971  0.29351921505468209  0.30147090421849099
  0.30890128691691177  0.31575836119454648  0.32228157550543901  0.32878756611174986
  0.33546244276993736  0.34228641993397974  0.34905735575258767  0.35575608191681046
  0.36249587758967405  0.36934985039630569  0.37607791690305004  0.38235017244489522
  0.38839307178609489  0.39451231036666162  0.40025530331919468  0.40564724451179468
  0.41100098777844984  0.41648465485963831  0.42214233110537913  0.42810308302155653
  0.43374915466701464  0.43867616009209803  0.44382579295169905  0.44883501921995950
  0.45376093637145720  0.45906131972096942  0.46454447164523971  0.47006138228211203
  0.47581958227361215  0.48170878687041424  0.48741516654551281  0.49304994798714313
  0.49860889179589307  0.50425747544134636  0.51004834041498492  0.51564495068625416
  0.52082675693741698  0.52569159509626329  0.53047985231871364  0.53546034514153540
  0.54085365985005440  0.54679104909306409  0.55290733680837079  0.55898501038883186
  0.56486668911664795  0.57060469262927449  0.57612093636755546  0.58148690159302463
  0.58715844063916478  0.59306670950830187  0.59867012899008321  0.60418153431477328
  0.60993599001270560  0.61576659865489058  0.62211113103831783  0.62919039206209970
  0.63642419226319924  0.64348818426136867  0.65037403279201944  0.65731610225323434
  0.66447688962989593  0.67198948342844034  0.67984107733606258  0.68810482505386905
  0.69638426325050395  0.70484102649862768  0.71305555495538553  0.72145505153055678
  0.73029204774320977  0.73962616300438233  0.74881021091650934  0.75861979973325011
  0.76965953037500656  0.78225197872852248  0.79635614748519057  0.81224905119765567
  0.83091926496944579  0.85319210417450808  0.88920321964507232  1.00000000000000000
   1.5527215454382134E-012  -1.0000000000000000     
 F F F F F F F F F F F F F F F F F F F F F F F F F F F F F F F F F F F F F F F F F F F F F F F F F F F F F F F F F F F F F F F F F F F F F F F F F F F F F F F F F F F F F F F F F F F F F F F F F F F F F F F F F F F F F F F F F F F F F F F F F F F F F F F F F F F F F F F F F F F F F F F F F F F F F F F F F F F F F F F F F F F F F F F F F F F F F F F F F F F F F F F F F F F F F F F F F F F F F F F F F F F F F F F F F F F F F F F F F F F F F F F F F F F F F F F F F F F F F F F F F F F F F F F F F F F F F F F F F F F F F F F F F F F F F F F F F F F F F F F F F F F F F F F F F F F F F F F F F F F F F F F F F F F F F F F F F F F F F F F F F F F F F F F F F F F F F F F F F F F F F F F F F F F F F F F F F F F F F F F F F F F F F F F F F F F F F F F F F F F F F F F F F F F F F F F F F F F F F F F F F F F F F F F F F F F F F F F F F F F F F F F F F F F F F F F F F F F F F F F F F F F F F F F F F F F F F F F F F F F F F F F F F F F F F F F F F F F F F F F F F F F F F F F F F F F F F F F F F F F F F F F F F F F F F F F F
  <DiscreteSampler_grid>
  grouped_processes
  1 # 1 for a reference and 2 for a running grid.
  10 # Attribute 'min_bin_probing_points' of the grid.
  1 # Attribute 'grid_mode' of the grid. 1=='default',2=='initialization'
  0.0000000000000000 # Attribute 'small_contrib_threshold' of the grid.
  0.5000000000000000 # Attribute 'damping_power' of the grid.
 # binID   n_entries weight   weight_sqr   abs_weight
    10   10   1.809905820940694E+002   2.495934771316069E+005   1.809905820940694E+002
    16   10   1.810368828934975E+002   2.498651779171121E+005   1.810368828934975E+002
  </DiscreteSampler_grid>
