  0.00260357895638647  0.01555467227796542  0.02899937811445078  0.04168718173447457
  0.05360962868874203  0.06530267417473401  0.07773308781750882  0.08913150375790251
  0.09941891122574778  0.10947027226083944  0.11959655143022066  0.13015551141660622
  0.14160399699964046  0.15370795940417270  0.16589152023792683  0.17737809088584422
  0.18823521791155776  0.19807852037669807  0.20815502163748525  0.21835558876421501
  0.22833046573199695  0.23822802944254048  0.24860652242698023  0.25967510770409979
  0.27090842384336916  0.28187452119016010  0.29275843256355172  0.30400103000478229
  0.31569207163391988  0.32761820355837029  0.34006156525957626  0.35282993452338557
  0.36559974928006028  0.37841935547198446  0.39095591216171166  0.40386650795745532
  0.41631167662414348  0.42660638225440134  0.43668730673183354  0.44546414594352368
  0.45568068775818843  0.46596975479349900  0.47602699768723894  0.48605943100801541
  0.49619902101595137  0.50532468839061595  0.51442856553698380  0.52363253204815485
  0.53343894456205876  0.54378151742437320  0.55435333523327113  0.56510172642695022
  0.57512802727515522  0.58503000385986836  0.59524881798491269  0.60543262345986293
  0.61473189287480479  0.62370744416064672  0.63297340066412300  0.64268144731273069
  0.65256641944046878  0.66307933292419197  0.67475698940649054  0.68626736000205590
  0.69636527504516577  0.70629083340809407  0.71593575013157007  0.72562331427204663
  0.73594588303128317  0.74677091742586599  0.75719139108931532  0.76764797478809599
  0.77821823262021939  0.78958469133549425  0.80146087689923873  0.81294964499133637
  0.82431056852717122  0.83542511496997118  0.84542624043871717  0.85545977441112697
  0.86515219298387214  0.87520229675593708  0.88526703600880785  0.89503288739575593
  0.90511428630191015  0.91548493122298491  0.92596159028454783  0.93649770854983716
  0.94541081835028085  0.95429990325929337  0.96348925060806556  0.97210669931451621
  0.98006670048986055  0.98688848628797743  0.99213421972299087  1.00000000000000000
  0.00909856851153897  0.01675770849828808  0.02803530119808586  0.03941670540640207
  0.04980202548912188  0.05984470559494006  0.06940481898005112  0.07981218314782289
  0.08994408202461229  0.09969046969758026  0.10945664610392658  0.11929863633691619
  0.13012533951915387  0.14150124828310390  0.15328987674240432  0.16493360289828368
  0.17626072119445049  0.18708379261643782  0.19715540512875734  0.20716092754839546
  0.21750730164188731  0.22778456938543842  0.23832762164038271  0.24893575484492858
  0.25985503376501640  0.27060796739750692  0.28075967081385272  0.29023023195857139
  0.29895667655348918  0.30784711764443945  0.31763379304268569  0.32824195247110860
  0.33888597579276741  0.34965933800670090  0.36065257433422937  0.37130099772340919
  0.38171498595059405  0.39246969486469369  0.40399629932856118  0.41622993271480579
  0.42832834287240490  0.43946311598609528  0.45064094796527487  0.46188116191241202
  0.47323242012992806  0.48480629388482105  0.49618470988740976  0.50761634639741826
  0.51909203691434935  0.53011179628238314  0.54172742298081156  0.55370448270668815
  0.56515510365694333  0.57526587414350616  0.58456399481540156  0.59370538087396285
  0.60306276926565361  0.61292180795510764  0.62298742915359340  0.63292165664205535
  0.64302664814576493  0.65313000581926250  0.66296197920395517  0.67266447868485835
  0.68204466790223994  0.69137839650856958  0.70085818936225097  0.71129148087460536
  0.72253218355879123  0.73403954667236582  0.74540081113960044  0.75619862323807874
  0.76580972086902455  0.77536707390323545  0.78462800286763013  0.79413592114699827
  0.80427260634094333  0.81433856077605460  0.82486295733285897  0.83508016943683239
  0.84506453522222647  0.85474484168972797  0.86427066667884966  0.87384513175590917
  0.88345988935149045  0.89488857780469067  0.90510698359853703  0.91513537019496882
  0.92487813489904758  0.93443102862135996  0.94380375705405173  0.95259309251824131
  0.96209233375541880  0.97222916166533802  0.98305461541055095  1.00000000000000000
  0.00196241694690537  0.01761204698604007  0.03151531969604159  0.04391617202005565
  0.05524293006051283  0.06710980508157832  0.07779929504177248  0.08943471403973262
  0.10095552781116107  0.11232285439836441  0.12319647119294730  0.13421538149864071
  0.14464552679202625  0.15486557251150690  0.16574965071916142  0.17812443592253552
  0.19031561108975126  0.20105475193269204  0.21156784307719032  0.22232040671236036
  0.23296811165636261  0.24278984550880425  0.25277567016273217  0.26295386030035578
  0.27315940229212843  0.28299678325712985  0.29281314619082383  0.30351598506201349
  0.31460204058579194  0.32578346021514060  0.33676041503433124  0.34766011601495084
  0.35854844388789608  0.36950579770393216  0.38027064298285418  0.39048283772868120
  0.40041476239680712  0.41030996592378560  0.42019506251581440  0.43013408788633756
  0.44013631066440256  0.45020057090856064  0.46001927048774766  0.46976387793590230
  0.48010835515396283  0.49155462847413112  0.50273900041476349  0.51372014250257936
  0.52448011489662083  0.53548429267997266  0.54572750507010459  0.55582010376562230
  0.56556576080849863  0.57508838023580611  0.58469470452977879  0.59355889993432509
  0.60313356744849989  0.61229031278976831  0.62186066178839905  0.63141734155704798
  0.64094427640580653  0.65089490229418601  0.66131239588904434  0.67194040115073173
  0.68289708600656140  0.69412769854226886  0.70507328504817646  0.71559344174861528
  0.72571442039037237  0.73594343167742760  0.74582890461164597  0.75569179420084609
  0.76576059627075443  0.77643725176932421  0.78793820086017008  0.79848811892131888
  0.80848105497859613  0.81903632587899633  0.83015036050300806  0.84072590891584109
  0.85067451442599962  0.86079875117387272  0.87126729867150277  0.88205644604956235
  0.89297894449769077  0.90326129840003544  0.91281033743250062  0.92235133122969004
  0.93207832292319093  0.94280501271008255  0.95398624634499696  0.96500641391765518
  0.97512239392348021  0.98403941313231524  0.99218645534661409  1.00000000000000000
  0.00000453350677613  0.00000476486668500  0.00000493670065036  0.00000511351965247
  0.00000530118248978  0.00000548908952971  0.00000566526691792  0.00000582754199512
  0.00000599282288494  0.00000618578275878  0.00000637736239102  0.00000657402132777
  0.00000677547708216  0.00000698031680028  0.00000718354678160  0.00000737184146514
  0.00000754864878677  0.00000772662434243  0.00000790321199367  0.00000808235449847
  0.00000826648891668  0.00000844969203334  0.00000863989066201  0.00000884121891469
  0.00000905751544403  0.00000927756570029  0.00000949426988229  0.00000971467339698
  0.00000994949194383  0.00001019618667198  0.00001044843385080  0.00001070452489659
  0.00001096493714186  0.00001123351810551  0.00001151122527568  0.00001179912674805
  0.00001210409447064  0.00001241827506611  0.00001273599354340  0.00001307413598562
  0.00001341872949079  0.00001374894059736  0.00001407884051265  0.00001439985161526
  0.00001480821758281  0.00001522069623353  0.00001564561876781  0.00001609004803795
  0.00001657597243029  0.00001710646281354  0.00001764519523469  0.00001816616743171
  0.00001872136074033  0.00001937135199083  0.00002002601913620  0.00002070159642508
  0.00002141676814993  0.00002215936134952  0.00002294533367418  0.00002379772823869
  0.00002472844174818  0.00002569318109574  0.00002670286025665  0.00002781586035597
  0.00002901013470515  0.00003029841509741  0.00003173803301014  0.00003333669515570
  0.00003505015903718  0.00003684940814169  0.00003878224997911  0.00004088891929750
  0.00004330986583789  0.00004614194532637  0.00004965131678639  0.00005379685078186
  0.00005857948406082  0.00006483170497764  0.00007319414871704  0.00008517894527759
  0.00010080179569419  0.00012050243732590  0.00014839332970022  0.00019416691054130
  0.00026934472557736  0.00039427907307635  0.00061621394016995  0.00101089129062952
  0.00171214061455447  0.00304244132857018  0.00572638183612859  0.00951393019797911
  0.01727622269903262  0.03419043198129264  0.07326826689793182  1.00000000000000000
  0.00000078542594306  0.00000193386839665  0.00000281892718150  0.00000356594196956
  0.00000423776955119  0.00000486835387187  0.00000549308054070  0.00000610304365610
  0.00000669391851362  0.00000728583657533  0.00000787091270290  0.00000844480077522
  0.00000902365503131  0.00000960835927657  0.00001019731505204  0.00001078214504924
  0.00001134610065443  0.00001189558931666  0.00001245835941656  0.00001305689875399
  0.00001367002426012  0.00001429598649850  0.00001495812068653  0.00001566142783588
  0.00001639437984651  0.00001713481733513  0.00001786573008587  0.00001859646981167
  0.00001936371027141  0.00002019215195851  0.00002101350013254  0.00002186686234606
  0.00002273401278541  0.00002360824353278  0.00002455078395189  0.00002557454221870
  0.00002662403326511  0.00002765584956549  0.00002864968831613  0.00002967457270452
  0.00003072091376184  0.00003200275921630  0.00003343240732943  0.00003491477391691
  0.00003649500889189  0.00003814848932103  0.00003985924786219  0.00004164437617462
  0.00004351463149619  0.00004551046359343  0.00004771415055922  0.00004979931709911
  0.00005227079582859  0.00005508004715549  0.00005819695603565  0.00006171916139322
  0.00006569267339252  0.00007005724856211  0.00007477000363255  0.00007983582354082
  0.00008586433504346  0.00009327582019186  0.00010137288518000  0.00010993494115445
  0.00011910098543012  0.00012911701269282  0.00013986809839383  0.00015256375001338
  0.00016783806237568  0.00018387269928961  0.00020229635695043  0.00022368703893879
  0.00024988797082608  0.00028270587051544  0.00032009757427773  0.00036440392988257
  0.00042001908350689  0.00049094537044934  0.00058331979000117  0.00069990827668170
  0.00085109163896890  0.00104168069322722  0.00129453711167873  0.00165772751060603
  0.00211910577131050  0.00282537784808462  0.00374961111202103  0.00519028797141000
  0.00758886378683215  0.01012412712145604  0.01308210778306299  0.01594808162102165
  0.02018555636546494  0.03674749791590128  0.16192496746586627  1.00000000000000000
 -0.00165570442209204  0.00635252648296524  0.01440718065058121  0.02270751989126221
  0.03153642223426179  0.04056348572779487  0.04966222195029644  0.05881926014757613
  0.06778878782341605  0.07673904874928958  0.08561354671489890  0.09497535046253285
  0.10472709920269413  0.11480964657604111  0.12499999302179216  0.13532397937401303
  0.14537847118377636  0.15481743193860339  0.16435929724234333  0.17399204355679326
  0.18387054798115177  0.19369170599676874  0.20371112618357642  0.21510660150845376
  0.22742315390533685  0.23970722461060209  0.25073039687702658  0.26055642615266272
  0.27043654647239918  0.28062503927351584  0.29262358269192690  0.30457601835428133
  0.31615698538344222  0.32764463130477794  0.33970643566136538  0.35245864427992396
  0.36465031290194666  0.37646722375833791  0.38804035288876965  0.39939040378379081
  0.41053258337475157  0.42200743669194618  0.43438453565755125  0.44680870135718798
  0.45955323865485748  0.47260221174108658  0.48498949920432788  0.49697050924132075
  0.50980720420639325  0.52267194073374101  0.53501846599242653  0.54659032019749976
  0.55847219333349973  0.57092602075515808  0.58416552327031523  0.59752394492567151
  0.61069839566703132  0.62276873955495016  0.63487665546817440  0.64677157698947718
  0.65946571850852898  0.67199079859275035  0.68347644311725386  0.69494790177378396
  0.70619278037913746  0.71674423815275556  0.72712017346975333  0.73810569442830576
  0.74859544390112498  0.75896427012141032  0.76819993582532542  0.77982696514757732
  0.79049165167942703  0.80191738395043810  0.81209320750367309  0.82144244803130728
  0.83031740674424093  0.83935714159467800  0.84862758026289220  0.85754335094052447
  0.86633103206273088  0.87461542245899571  0.88394338741553746  0.89321527130050848
  0.90194263187503698  0.91024147781924392  0.91838888887754777  0.92624467864038174
  0.93391076186483601  0.94204856620228927  0.95129219322983727  0.96128756446227359
  0.97133116046856038  0.98118690508764794  0.99053352315984489  1.00000000000000000
 -0.00279429998984364  0.01000885415579499  0.02099647929598528  0.03127548009075092
  0.04127569667646237  0.05056313466000766  0.06008137151430375  0.06989441960821322
  0.08013771451038840  0.09014201327610943  0.10048377318312443  0.11120698051116647
  0.12217198319194364  0.13334643009568684  0.14521498163704183  0.15773385644859536
  0.16977232677468879  0.18082627426164366  0.19057009292489469  0.19980502108418291
  0.20899213906270664  0.21831441414885175  0.22806935847653162  0.23783042134875593
  0.24801092184290546  0.25854665183695824  0.26963188899332974  0.28069724846949778
  0.29113984797926085  0.30130026921318154  0.31144035059854197  0.32188113003680907
  0.33148982031245317  0.34077085627527098  0.35033176075265726  0.36052373442187113
  0.37100548007167400  0.38136288514599415  0.39194347831537185  0.40270491748703630
  0.41379153421518178  0.42462604218903627  0.43532251006999106  0.44634455130205014
  0.45757747023362322  0.46897547941717238  0.47981791063608870  0.49063443306303017
  0.50136067674432949  0.51213296806357533  0.52338005932745157  0.53601770264526905
  0.54760398825545720  0.55877437320886425  0.56971657639750239  0.58101219253517500
  0.59184119848699446  0.60172330171345723  0.61071268425576453  0.61984946649752837
  0.63020931418467341  0.64116330747756156  0.65225811140380807  0.66321165156038431
  0.67459423487232395  0.68566006911038346  0.69593483786225374  0.70612023399472912
  0.71635673574683512  0.72631856690894425  0.73579173782343255  0.74530725118881069
  0.75542021453650809  0.76605824966293290  0.77709900477057237  0.78819293530957424
  0.79961891011478192  0.81132674484411016  0.82262160179526256  0.83358706868339671
  0.84446356817104773  0.85479483047572014  0.86446959251623035  0.87382961709622731
  0.88433824946623019  0.89507968154824868  0.90526618010095838  0.91498892527782927
  0.92523013228748996  0.93570688331483676  0.94547670115454585  0.95454098968293077
  0.96456236863563771  0.97627585093341118  0.98816410045087266  1.00000000000000000
 -0.00203916527715749  0.00856954118975185  0.01754698642579789  0.02654868696004392
  0.03548406518860073  0.04549050565287063  0.05750614632610236  0.06918278387406773
  0.08015905917034548  0.09078148555199891  0.10112843208196490  0.11069666153699378
  0.12040427974929284  0.13078606950564461  0.14193164762509433  0.15211602444478728
  0.16173425768913122  0.17109772107712232  0.18121596960452460  0.19147923486694013
  0.20182828074519812  0.21160502608820347  0.22186650270194336  0.23244140954729947
  0.24270254113241077  0.25298923760715397  0.26320374641839345  0.27381812801740957
  0.28490173781796474  0.29534719281535365  0.30590307579280035  0.31719876378914508
  0.33026892595829388  0.34321194520825427  0.35532069405661393  0.36676722394454347
  0.37756721066566151  0.38774470909163244  0.39783497689541092  0.40824876327149645
  0.41889470313493082  0.42932078183051425  0.43989319372339969  0.45087958171566805
  0.46184020151436356  0.47244319984181132  0.48306442386625015  0.49380922160199864
  0.50437985228083293  0.51441022731499209  0.52450239560590617  0.53427515980761731
  0.54391059411472209  0.55336946409817900  0.56332696623394618  0.57408404395942148
  0.58528813231104115  0.59665407649494895  0.60770907752789383  0.61870295968551947
  0.62962783153701707  0.64003273990265652  0.64961903219253214  0.65955752842542281
  0.66955360979261369  0.68007923404164783  0.69089735361998106  0.70221806603029602
  0.71337654294423913  0.72434867745387710  0.73507898963910623  0.74567408667197099
  0.75665452079686113  0.76808387585999571  0.77912291640790288  0.78983968207384525
  0.79984769982532744  0.81010391646450386  0.82053375822752883  0.83041749852335434
  0.84043850907601259  0.85118959357647783  0.86245215663606212  0.87387259471364531
  0.88448987421923875  0.89524360131813874  0.90609070449966522  0.91727748010297283
  0.92737223478852049  0.93700341003652388  0.94677854597350786  0.95702409782477060
  0.96737848665754878  0.97783816829768455  0.98895656825477407  1.00000000000000000
 -0.00214770613667634  0.00870507570591456  0.01854655158985843  0.02920931087472161
  0.03945741520559885  0.04968967687944729  0.06054283569234407  0.07158619296355509
  0.08310136577329827  0.09486268895437240  0.10702813216313690  0.11742523994338765
  0.12788947577663115  0.13796421256957953  0.14848515695567180  0.15911162080907484
  0.16949370812990847  0.17929172446911781  0.18914448355712235  0.19952157830077399
  0.20945946204991517  0.21954537530910925  0.22966398742505975  0.24042876552091691
  0.25167380186149291  0.26259302553261071  0.27322815319982396  0.28389377985558750
  0.29444099162844506  0.30584518556171109  0.31757459823413103  0.32936227078726915
  0.34133037358700274  0.35268644612821470  0.36418725908227578  0.37543859389872242
  0.38691630193846011  0.39785908927421931  0.40868840600380230  0.41883767896899621
  0.42853611752529797  0.43829259865069631  0.44762187005808007  0.45737585557194949
  0.46731706341997103  0.47775940807117712  0.48875656772654091  0.50011512129950375
  0.51083336229375953  0.52113024425234078  0.53133285952102893  0.54135089166569017
  0.55068495094817338  0.55947515060478159  0.56885556057508369  0.57865744487232829
  0.58873394184003625  0.59877606791810167  0.61000770801701443  0.62180592995495831
  0.63301025418393564  0.64348344813416614  0.65371345942758352  0.66466919637615685
  0.67594752423527704  0.68685776472936866  0.69722323544824305  0.70748157200057038
  0.71767099841030135  0.72806007582084931  0.73822489234265543  0.74860832337322114
  0.75944826097692841  0.77076078116626534  0.78150260153098905  0.79181402345715168
  0.80166236562311810  0.81150930361646290  0.82145921227140239  0.83216345238125056
  0.84273274283576582  0.85330009900887616  0.86404061376904651  0.87514888296601667
  0.88702009022937589  0.89926888801117821  0.91094880437074621  0.92229946235343785
  0.93274130289499868  0.94262907101395932  0.95276987316880313  0.96256817858262911
  0.97255158893751659  0.98201630965013031  0.99095596274886277  1.00000000000000000
 -0.00198311927097266  0.00722786339850704  0.01541868589274318  0.02436023171641264
  0.03383721083696886  0.04293545139584960  0.05166046779233148  0.06032038626853949
  0.06927571664481104  0.07848443588558497  0.08767036585083043  0.09644880741778732
  0.10491337577727314  0.11322492500752160  0.12153381313085146  0.13022555702158836
  0.13933614492344853  0.14882401915809601  0.15913289634782007  0.16975770263470077
  0.18054585431691164  0.19121709235743875  0.20240812369195085  0.21517895395698641
  0.22824329127390333  0.23980729164205991  0.25101819935870667  0.26223680027163815
  0.27335878774044658  0.28417852921365722  0.29545238662037399  0.30705246714233159
  0.31854529721941283  0.33022497871375917  0.34287991564916293  0.35685387296154297
  0.37037432693586930  0.38214544969099312  0.39300343455929304  0.40369322444908873
  0.41504869714936565  0.42688504259968874  0.43893001803595433  0.45119790869997312
  0.46359524346573183  0.47635372101975099  0.48925509285063618  0.50195006808797149
  0.51513380878820059  0.52762106508295470  0.54013501349731607  0.55399065481117005
  0.56721219878492402  0.57915904199668933  0.59107657073600939  0.60289611877586002
  0.61474919376022719  0.62535608446393676  0.63738071003763686  0.64975800123052196
  0.66334777679360302  0.67590591627637664  0.68810708071998805  0.69941072163237961
  0.71075445091197653  0.72200376315758108  0.73301259143088604  0.74296273015666958
  0.75343824698410611  0.76433345962451271  0.77534219498771906  0.78510979630693700
  0.79553236418832074  0.80572157778985221  0.81675718108968598  0.82690357875350562
  0.83643365451581919  0.84740673097145713  0.85772698207249354  0.86824980453943057
  0.87676850988582355  0.88429222758985471  0.89210749851591820  0.90008108368544471
  0.90817569028666767  0.91583146491076262  0.92370800580424561  0.93133311611193492
  0.93936708738220409  0.94808057316701788  0.95684549052337853  0.96554578675114222
  0.97444480378775589  0.98317883743548806  0.99202225205757089  1.00000000000000000
 -0.00246178832039762  0.00921655116185923  0.01920295464473987  0.02878058003408854
  0.03877610230959374  0.04908595437715808  0.05908415043537249  0.06904896424684355
  0.07930490925125902  0.08998937688814915  0.10092337118040751  0.11168915672622179
  0.12236966415259785  0.13300056157025517  0.14381954581982567  0.15463120944159603
  0.16514712252449371  0.17454603704243482  0.18348864255404923  0.19269478511355925
  0.20252705209064034  0.21260790824312231  0.22271205270032302  0.23343195592428090
  0.24488875645479316  0.25609347311611563  0.26678441431435823  0.27715159046805149
  0.28727385916498710  0.29698951818500152  0.30652151062379585  0.31663327314029749
  0.32765535095665910  0.33889802384891304  0.34996112148334640  0.36142974891629559
  0.37290591277933610  0.38392327905987511  0.39480101061783984  0.40590709042358708
  0.41686161580503917  0.42714022663638057  0.43712140819399686  0.44757498867180950
  0.45837692259641422  0.46869551196914744  0.47889531216446757  0.48929879273757376
  0.50019810517960894  0.51157333290079987  0.52350268066304584  0.53576200688357412
  0.54760662149762551  0.55885499472105393  0.56974044734916285  0.58097868893275462
  0.59318353205282404  0.60549597940616007  0.61656562916581870  0.62779509737817418
  0.63813959979762425  0.64789078786397492  0.65725712816443516  0.66671639243696412
  0.67618270042823514  0.68656025797088915  0.69613072267756659  0.70615185096742772
  0.71587655054268806  0.72557173858310786  0.73554941636997484  0.74609533372523984
  0.75639322025327005  0.76619142745439683  0.77619853958413865  0.78648828445065155
  0.79728626741913422  0.80805491038330823  0.81840351802644329  0.82870866345973238
  0.83934549079841092  0.84997792329690702  0.86103475486026559  0.87205063264283067
  0.88251185243894215  0.89234247482777007  0.90186421823281560  0.91109536363041255
  0.92137745344812216  0.93308801623748572  0.94558973738004315  0.95769200836371993
  0.96874786852679418  0.97948423213494507  0.98961452178998466  1.00000000000000000
 -0.00286391189894517  0.01115958693273624  0.02145045204883971  0.03198462234759830
  0.04210314480992355  0.05256051082976697  0.06316214867461040  0.07467062579654109
  0.08678414132276197  0.09882794611442683  0.11019155011309403  0.12134389200459633
  0.13261269326501185  0.14359455213372557  0.15345865841844131  0.16298469265366192
  0.17218367925815695  0.18263223936147074  0.19283629972223920  0.20342578116447343
  0.21418457465237792  0.22486525239645280  0.23519352470373947  0.24540737115009287
  0.25595502398395059  0.26642881848498307  0.27656276392218376  0.28635546444362231
  0.29558863645094297  0.30488600971543056  0.31399152842949885  0.32424945326208304
  0.33513409672229694  0.34712221093107870  0.35842152667762267  0.37008867892148312
  0.37938834313566172  0.38824827350499552  0.39679151733792428  0.40609303769790900
  0.41655415632893006  0.42709009860385183  0.43713745235665824  0.44726203452361846
  0.45746012193020114  0.46707536458070747  0.47650197563200131  0.48614385225061890
  0.49633438930847429  0.50621493605121692  0.51624723216599466  0.52697296661009718
  0.53822620427878165  0.54831363749072415  0.55833203249915164  0.56943175639938837
  0.58188870212633936  0.59439685862629121  0.60646959888901109  0.61844392873561049
  0.63004359541156896  0.64124151670398510  0.65220063656616667  0.66292407312828150
  0.67373450324410800  0.68487715067052402  0.69626192489972794  0.70771942965388523
  0.71892212886703000  0.72939548571552504  0.73949212701673894  0.74947117807599684
  0.75987579847125386  0.77084501486081025  0.78194387062671022  0.79285153094037453
  0.80421235123900181  0.81549980959300716  0.82617391350296809  0.83602802259129272
  0.84555118652674066  0.85483754035186599  0.86439340134014120  0.87397651534355603
  0.88389472633169186  0.89368359826203370  0.90366289456670057  0.91379152063943747
  0.92462217785154732  0.93514673775743373  0.94835642814921461  0.96016646433582353
  0.97061043646876222  0.98056967340826950  0.99027860538418400  1.00000000000000000
  0.00007419402763149  0.00033974692520369  0.00060585017664688  0.00087343018675036
  0.00108506077731849  0.00126182720147285  0.00145774856491343  0.00166053273975208
  0.00187139928547673  0.00209724670860408  0.00233484530803017  0.00258092671530202
  0.00283460922357316  0.00309522195442313  0.00336130591758502  0.00363407848166533
  0.00391593367394686  0.00421057356133412  0.00452248766737935  0.00484251970698175
  0.00517830958948777  0.00552826393153165  0.00589013495441467  0.00626052981766110
  0.00663723982432660  0.00702164000849737  0.00741196261432702  0.00780101807397582
  0.00820756337899942  0.00861602856788525  0.00902937195486404  0.00945204035282183
  0.00989766437199902  0.01037579678531985  0.01087514619801173  0.01137950524992343
  0.01188688346716859  0.01238581092578369  0.01288099398250033  0.01335255451455868
  0.01387673546822777  0.01442459967474724  0.01497756221250815  0.01557233833435158
  0.01621296616947664  0.01684332552015666  0.01743754892363714  0.01801322925227955
  0.01861191461175277  0.01923684655405843  0.01987186184054927  0.02050071611458192
  0.02116357437892135  0.02187468776068199  0.02268312487046224  0.02349764031769822
  0.02425020451891757  0.02500990899974854  0.02583619012640915  0.02666941032991034
  0.02750092189938852  0.02835691607813178  0.02928738270025810  0.03025447143644829
  0.03134136743085114  0.03231554143121096  0.03338946873187756  0.03440414728197184
  0.03549864157622040  0.03658117365331200  0.03768490669058312  0.03887670629778694
  0.03985204360848980  0.04076375847943863  0.04182708192155688  0.04319694874014366
  0.04491115671672574  0.04683307729753527  0.04859065103708936  0.05076666529777152
  0.05319229883071964  0.05599825850750860  0.05887579203067017  0.06221619405646520
  0.06698670765950505  0.07161968408278252  0.07483275972316111  0.07861052391992777
  0.08571236054341695  0.09107363127506385  0.09671730706603757  0.10311760396024743
  0.10863548976695606  0.11990112370016476  0.16397841807337354  1.00000000000000000
 -0.00215310660612650  0.00815163528745347  0.01643413317975306  0.02512958481037170
  0.03389379950224543  0.04299870194453593  0.05226065265698743  0.06137354663685715
  0.07028108239571028  0.07901013673723194  0.08767258590501255  0.09626461278199419
  0.10518528734467075  0.11465564005050131  0.12449514215447320  0.13459177456899196
  0.14484937808239198  0.15520536469215446  0.16542997071705637  0.17523734600925897
  0.18528186280100059  0.19591086821019937  0.20639741768972700  0.21621161123845786
  0.22614596207966245  0.23691323217381774  0.24845276645430006  0.25989984880111944
  0.27113431016748657  0.28187596694276634  0.29312620098652609  0.30493707008128279
  0.31572765602669717  0.32525389371464808  0.33451078386303718  0.34456497812407794
  0.35591842067433704  0.36829468242140084  0.38113016779133801  0.39382394919872898
  0.40677668257030414  0.42065215759724939  0.43573197363930533  0.45079794741074708
  0.46502789014891915  0.47891765485786136  0.49353650711231956  0.50853710513686190
  0.52287228184846801  0.53616846209393387  0.54886648695408569  0.56149446611529041
  0.57432545779919364  0.58730208188546362  0.60046844592497861  0.61301823925814336
  0.62442460116978016  0.63495236616629391  0.64552225984763101  0.65678825703383792
  0.66846726976487991  0.67969125050801815  0.69070225473810298  0.70165027066168806
  0.71242979679455665  0.72304355148717681  0.73337426854389343  0.74378584011243065
  0.75408830481710376  0.76414019643969167  0.77392252164447783  0.78327856055533074
  0.79264232786037925  0.80225250200628861  0.81220881028419434  0.82197948522854414
  0.83151651282022154  0.84120710594784776  0.85146654040965275  0.86174121765654299
  0.87184182212081729  0.88107009411389847  0.88979190252482110  0.89873779910313001
  0.90834726928005838  0.91772481773637271  0.92682698760989923  0.93607989864739327
  0.94547633728613856  0.95428232201511898  0.96194082957329108  0.96921747776809297
  0.97689650672376727  0.98440767710178401  0.99190133702470595  1.00000000000000000
 -0.06429758138038053  0.58369678262629743  0.65611633119526502  0.69781472511236753
  0.72674508705059693  0.74895590211770191  0.76708684814227790  0.78173499782145994
  0.79424753843438589  0.80500143183017714  0.81502275676105818  0.82394359828773245
  0.83213011490910860  0.83968078733788509  0.84656646466747310  0.85286771415497564
  0.85870086706997284  0.86423692099675564  0.86939009342270057  0.87401031444482735
  0.87827026649851536  0.88237366983275289  0.88634404090263141  0.89034261607582921
  0.89416870723026287  0.89775808964754034  0.90091339227305434  0.90402272396870542
  0.90710829512804669  0.91005511365275837  0.91289076965283944  0.91558051275849084
  0.91795770147190892  0.92021847753382990  0.92242531004104678  0.92466358590176101
  0.92697837906340541  0.92931960501566258  0.93162386333759928  0.93382327738721871
  0.93589628353383714  0.93776745956166940  0.93944558332242933  0.94111895347468022
  0.94263183342844159  0.94407107512108102  0.94552581214866172  0.94691280184195625
  0.94826005091467169  0.94973389330206881  0.95125304923897691  0.95276110287609239
  0.95417716037587763  0.95551372436542326  0.95681155547665753  0.95807524033247327
  0.95929214690361819  0.96044303172058410  0.96155492700538225  0.96268107635782274
  0.96384736574988206  0.96498881723823293  0.96610595013479761  0.96727062979062151
  0.96841348753442924  0.96952221985296405  0.97061809382346642  0.97170986441308915
  0.97278554207910550  0.97383836572247851  0.97487516940599717  0.97589434633275285
  0.97688121776664505  0.97784042244414227  0.97878646982820416  0.97971732891889640
  0.98062618542602920  0.98155865170500411  0.98245275728020842  0.98336097365144048
  0.98425601274291696  0.98518680143099724  0.98611808304521831  0.98701535909928950
  0.98791709267817485  0.98881990849079027  0.98971773934913343  0.99059398556479383
  0.99145033996372289  0.99231616851539572  0.99323027756318605  0.99421779259286758
  0.99530506242498906  0.99650465255699683  0.99805642677304085  1.00000000000000000
 -0.02267029861059978  0.10987796226166247  0.14474854672903273  0.16711072594018528
  0.18586119382646948  0.20208729665685535  0.21683177363787082  0.23028888344709630
  0.24304954638261753  0.25485806415035434  0.26572138369474863  0.27617157140341408
  0.28598016758005113  0.29471452640788254  0.30242053857622642  0.30999750801328407
  0.31744334027702942  0.32449349088413415  0.33130252976185409  0.33823668231199006
  0.34542320276427851  0.35254412141033387  0.35946981592570687  0.36610618889778107
  0.37247130945798473  0.37860837809885800  0.38476656054948605  0.39123148673001357
  0.39781299984017149  0.40392027449810508  0.40966924969767576  0.41526864636462341
  0.42091037367299289  0.42679627248374580  0.43256826694278305  0.43833539874957284
  0.44402401368686406  0.44931897763317102  0.45473858708873444  0.46002059534768924
  0.46518115772367280  0.47030362992568309  0.47503265132863620  0.47984425271530229
  0.48468960263814648  0.48972795708535033  0.49465672291527407  0.49959476050173129
  0.50482400368659064  0.51016564723482249  0.51562503319947051  0.52118055473580993
  0.52687314163886467  0.53250379762020617  0.53802684882816898  0.54357791774917441
  0.54926319986316252  0.55511314427670888  0.56104064793652253  0.56685795678971296
  0.57258368667940873  0.57843241118380062  0.58441705873653504  0.59025526860298760
  0.59608203055459252  0.60160747979557283  0.60702097159931145  0.61238944571203391
  0.61785906208697272  0.62363276040876803  0.62962850171283669  0.63554216008188436
  0.64165507616869266  0.64808440904373488  0.65479140432789729  0.66173321961927323
  0.66838516871331610  0.67581764214580642  0.68300655439967850  0.69039698393927695
  0.69828047771823887  0.70616897591733885  0.71354677221139151  0.72098354686163391
  0.72836926934792667  0.73655332484115543  0.74607552924120923  0.75663952929117562
  0.76808541365016458  0.78124135976537479  0.79619696696878417  0.81223785284035765
  0.83059356645958637  0.85290724041557631  0.88862310113875020  1.00000000000000000
   1.5587562789749583E-012  -1.0000000000000000     
 F F F F F F F F F F F F F F F F F F F F F F F F F F F F F F F F F F F F F F F F F F F F F F F F F F F F F F F F F F F F F F F F F F F F F F F F F F F F F F F F F F F F F F F F F F F F F F F F F F F F F F F F F F F F F F F F F F F F F F F F F F F F F F F F F F F F F F F F F F F F F F F F F F F F F F F F F F F F F F F F F F F F F F F F F F F F F F F F F F F F F F F F F F F F F F F F F F F F F F F F F F F F F F F F F F F F F F F F F F F F F F F F F F F F F F F F F F F F F F F F F F F F F F F F F F F F F F F F F F F F F F F F F F F F F F F F F F F F F F F F F F F F F F F F F F F F F F F F F F F F F F F F F F F F F F F F F F F F F F F F F F F F F F F F F F F F F F F F F F F F F F F F F F F F F F F F F F F F F F F F F F F F F F F F F F F F F F F F F F F F F F F F F F F F F F F F F F F F F F F F F F F F F F F F F F F F F F F F F F F F F F F F F F F F F F F F F F F F F F F F F F F F F F F F F F F F F F F F F F F F F F F F F F F F F F F F F F F F F F F F F F F F F F F F F F F F F F F F F F F F F F F F F F F F F F F F
  <DiscreteSampler_grid>
  grouped_processes
  1 # 1 for a reference and 2 for a running grid.
  10 # Attribute 'min_bin_probing_points' of the grid.
  1 # Attribute 'grid_mode' of the grid. 1=='default',2=='initialization'
  0.0000000000000000 # Attribute 'small_contrib_threshold' of the grid.
  0.5000000000000000 # Attribute 'damping_power' of the grid.
 # binID   n_entries weight   weight_sqr   abs_weight
    10   10   2.958773980801465E+000   3.242671097046804E+001   2.958773980801465E+000
    16   10   2.996327778412337E+000   3.327654988839576E+001   2.996327778412337E+000
  </DiscreteSampler_grid>
