  0.00222288215059604  0.01708534424672288  0.03020321258212172  0.04183756695758929
  0.05353255736229241  0.06559514009717078  0.07732436807497474  0.08842184351728469
  0.09893156443501988  0.10975337356946679  0.12081671228049089  0.13180985469546244
  0.14252141274215743  0.15314768936454878  0.16380167229071232  0.17415409068868262
  0.18439051827832026  0.19508816292232156  0.20655845260231151  0.21796691564909390
  0.22918551721679720  0.23954176097400173  0.24961631505548226  0.25971897634117519
  0.26961160394809353  0.27912751517809398  0.28877596638618269  0.29910285235730966
  0.30998255002429131  0.32105134526733420  0.33232122627602356  0.34390794545739811
  0.35550806561033566  0.36723407260269447  0.37912494860400270  0.39095009798716446
  0.40232097011323747  0.41284361599694991  0.42316024128358598  0.43364366885419892
  0.44408089251862287  0.45418100752351098  0.46455174040415520  0.47585803883208411
  0.48725142025275225  0.49829945419519489  0.50886528606634218  0.51900328863159340
  0.52897364356750198  0.53916038599790350  0.54881008077123372  0.55831497834923904
  0.56739776909837258  0.57564984456844182  0.58362397999778992  0.59256964083880725
  0.60217024028902200  0.61228472995778271  0.62258587438758961  0.63306867564999536
  0.64393755606422276  0.65476044513341269  0.66600303594245458  0.67741187842225004
  0.68884510272379218  0.69994215221668343  0.71081906095507819  0.72166075413581066
  0.73246882522198598  0.74315080117890409  0.75336757671355858  0.76311726215096809
  0.77285249613136975  0.78282502968130230  0.79326755032169993  0.80432137784224611
  0.81583178525152755  0.82762626353253965  0.83905292601486869  0.84950165781634501
  0.85939869445650641  0.86914061850933555  0.87920639688250213  0.89001222816258019
  0.90185735938140132  0.91469260003045705  0.92671946609555100  0.93804392355342880
  0.94824757713924834  0.95782306699873943  0.96585723309716187  0.97327458551861878
  0.98070938307148248  0.98709425958827690  0.99208343612201400  1.00000000000000000
  0.00951014296297368  0.01588591846786996  0.02611156174705997  0.03693664605612378
  0.04740211972500503  0.05724566926902511  0.06617734159833477  0.07409533581399784
  0.08210955008025461  0.08973736644897470  0.09757521561153586  0.10608674243825165
  0.11485006802564700  0.12370311501780824  0.13395249891436403  0.14477893209819642
  0.15552419932550851  0.16603546322360382  0.17690270683860362  0.18854627742471905
  0.20031476188220793  0.21252915579156836  0.22429918551394684  0.23608437589351638
  0.24692805704391579  0.25734418292940825  0.26764599744430662  0.27789287581227695
  0.28756755859556193  0.29730555071477993  0.30712035862812936  0.31729814418573604
  0.32728604973568004  0.33781061878664409  0.34870858252015574  0.35941794070728522
  0.36970437794822114  0.38021806517378370  0.39004516905732933  0.39952242082881467
  0.40864948710078480  0.41811200011729133  0.42780700654492054  0.43760901443548650
  0.44714435507265027  0.45682810103297833  0.46735873457965915  0.47861021851522689
  0.49066190778223712  0.50265172596670904  0.51416960133284462  0.52503455406921673
  0.53528108021680010  0.54516795857431344  0.55505972687401994  0.56531018566304836
  0.57559755331062512  0.58574358439570584  0.59531105524010353  0.60484241103403036
  0.61456040607366436  0.62525217477247519  0.63660203005945537  0.64802624059189406
  0.65940723852269723  0.67066750058231006  0.68115137199346865  0.69159562054847046
  0.70206159451064998  0.71233131407555261  0.72253542962570583  0.73286510816483119
  0.74392304070279514  0.75517731734681870  0.76609072664015443  0.77702493410079287
  0.78786264507535231  0.79876829923664971  0.81006567132205698  0.82129557817199839
  0.83304637114987667  0.84502066580705293  0.85747799034024130  0.86880594890156149
  0.87948346733827976  0.88971772663204030  0.90028942599211847  0.91122741753603331
  0.92218619461114182  0.93306221106435316  0.94429560562469017  0.95544414654924881
  0.96640155642516090  0.97645077206119169  0.98811639519690508  1.00000000000000000
  0.00133293273606221  0.01935637343203176  0.03571289731543610  0.04922523688927911
  0.06135797515997613  0.06992065102896756  0.07942579402608099  0.09009623124786496
  0.09981008397432956  0.10898840157076714  0.11774728395799082  0.12746090037192825
  0.13884782478891805  0.15079338362467845  0.16217363477272018  0.17233357359302343
  0.18204459115987032  0.19220849219181146  0.20318054730384724  0.21428694792385097
  0.22531445056816790  0.23601632542633563  0.24620537128449532  0.25657287213174479
  0.26753028680529584  0.27882373845506064  0.28970326842327054  0.30001929532288535
  0.31019057745734768  0.32054466674587451  0.33113332886864760  0.34204115186470119
  0.35296487856646203  0.36364995874650086  0.37398220653541614  0.38400046497949786
  0.39414321711097466  0.40497901989678003  0.41654369301903788  0.42867930308065572
  0.44013573566961461  0.45119081097611680  0.46168437210747754  0.47175275193740218
  0.48192213231253983  0.49245491180223694  0.50318005333135107  0.51354461006171492
  0.52377644654200850  0.53398178846783828  0.54395467905117623  0.55318497298130798
  0.56228751021141776  0.57177246909040269  0.58189199897467880  0.59282255147121821
  0.60359419632502165  0.61376590843947654  0.62370784513857103  0.63384486487526714
  0.64428962133406531  0.65444627990737203  0.66418101901455240  0.67394071817371426
  0.68410276125266267  0.69503593474989744  0.70656807589021520  0.71744707841197453
  0.72796573120652508  0.73872247026941273  0.74952122785532860  0.76018900405454515
  0.77065357176302540  0.78134967211775475  0.79152907151972818  0.80128185091894122
  0.81134512266847558  0.82230332681526541  0.83337251686050973  0.84356590665590669
  0.85336957489444687  0.86330652388418117  0.87346338861170425  0.88373232673528757
  0.89449889558094631  0.90583270036270247  0.91743318265856899  0.92889965529364438
  0.94010311581898220  0.95102696438139889  0.96113981932030745  0.97017331438215748
  0.97837374593947146  0.98582847345874203  0.99259712867619798  1.00000000000000000
  0.00000708943079842  0.00000742122154798  0.00000764088697468  0.00000782940384460
  0.00000801306221048  0.00000820546001288  0.00000839771264325  0.00000858157522365
  0.00000875427722381  0.00000896250667287  0.00000916971608394  0.00000938522938030
  0.00000962676953897  0.00000987579079782  0.00001011009373090  0.00001032771478690
  0.00001054223390892  0.00001076103201903  0.00001098357067888  0.00001121350997113
  0.00001145605156255  0.00001172382443965  0.00001198137192869  0.00001222839739553
  0.00001246586559556  0.00001269814873023  0.00001292645314620  0.00001314945189346
  0.00001339918562113  0.00001367226173361  0.00001395186316615  0.00001422493625699
  0.00001449756871128  0.00001477451294614  0.00001505540842248  0.00001534422990922
  0.00001564910987245  0.00001598220696290  0.00001633914577886  0.00001671579265813
  0.00001711507470416  0.00001752751339382  0.00001794753882115  0.00001840494030560
  0.00001893962425726  0.00001948022518692  0.00002001684692257  0.00002052623084675
  0.00002103107781017  0.00002155287176731  0.00002209291293726  0.00002265355379544
  0.00002325210550090  0.00002389950334350  0.00002456744103858  0.00002525054740741
  0.00002595637140471  0.00002667812543806  0.00002740972401784  0.00002818959151336
  0.00002901809456381  0.00002990151307358  0.00003083257629337  0.00003182771670939
  0.00003288251450194  0.00003394957701223  0.00003499641901090  0.00003611262292018
  0.00003734607608851  0.00003866237332287  0.00004015035682553  0.00004193151074281
  0.00004391233116351  0.00004613253279868  0.00004866410825372  0.00005151597901279
  0.00005466745913796  0.00005813801486588  0.00006228463044941  0.00006728125940956
  0.00007338382054995  0.00008121123313307  0.00009171147850364  0.00010557019467390
  0.00012228198922956  0.00014343715582560  0.00017355970421844  0.00021775748971395
  0.00028263771391540  0.00037783364081147  0.00055125067720784  0.00091208084911571
  0.00188446307561445  0.00770308657410804  0.37301262436569582  1.00000000000000000
  0.00000141905244746  0.00000199228122306  0.00000247898903405  0.00000296037481326
  0.00000344704600507  0.00000392421464766  0.00000440113095200  0.00000489017653809
  0.00000539360141499  0.00000590380136101  0.00000642149502056  0.00000694337633119
  0.00000746967319660  0.00000801939021574  0.00000858601161215  0.00000913022160671
  0.00000966774067169  0.00001022317284805  0.00001078588399818  0.00001135668262553
  0.00001194429515308  0.00001251517710218  0.00001306358636129  0.00001361155514245
  0.00001414699338460  0.00001468492736596  0.00001523057313120  0.00001580870615137
  0.00001640771037818  0.00001704739744893  0.00001771676062320  0.00001841390827110
  0.00001913581939489  0.00001980984155882  0.00002049041625674  0.00002119797477511
  0.00002194793390558  0.00002270861725571  0.00002345230690119  0.00002422308583342
  0.00002507635759942  0.00002598663937134  0.00002691233204617  0.00002780887144559
  0.00002885099619340  0.00002991712608496  0.00003101509725577  0.00003220069899200
  0.00003343082737225  0.00003468104541517  0.00003598563609110  0.00003732583740725
  0.00003869921253312  0.00004010252229983  0.00004162086980113  0.00004329032834862
  0.00004508638898065  0.00004701901078814  0.00004908111480907  0.00005125598862588
  0.00005354324589867  0.00005598037121296  0.00005856689392827  0.00006123980525193
  0.00006413294122264  0.00006738753910571  0.00007119701991274  0.00007565326381569
  0.00008069348081718  0.00008625142455020  0.00009243198220440  0.00009939778158684
  0.00010715686179207  0.00011595418342096  0.00012571769366288  0.00013631895830114
  0.00014812232378597  0.00016184510106802  0.00017801585807584  0.00019683095159693
  0.00021873195889170  0.00024385257409307  0.00027264536394703  0.00030932947474737
  0.00035466618931639  0.00040812915464877  0.00047431687226198  0.00056778076809069
  0.00070699610973341  0.00091337599591233  0.00123639279585732  0.00181675374640700
  0.00336979629997863  0.00785783484610176  0.07560548371617147  1.00000000000000000
 -0.00242123435252351  0.00767009464061519  0.01683225283358636  0.02500910350849610
  0.03296541765484398  0.04115290895923825  0.04942117457389746  0.05759520116133725
  0.06547683293026377  0.07328344680710105  0.08169343301653886  0.09086400880215283
  0.10038461498027117  0.10993645929613666  0.11952960681081841  0.12934588714223644
  0.13939104389567458  0.14862383391907852  0.15701628476330351  0.16540207571754642
  0.17402812406205870  0.18279144627412064  0.19072982413587758  0.19822972653974108
  0.20616789081787545  0.21564326188189364  0.22552311965317393  0.23571440579957184
  0.24657160197411898  0.25806919197411282  0.26927243755625846  0.28126130529793641
  0.29368900333220355  0.30568518992391375  0.31771541461240782  0.33011881021024625
  0.34247420930288236  0.35463334971815108  0.36708514250060015  0.38003242027996686
  0.39264195948434966  0.40537424157655993  0.41839470929882472  0.43195547858671846
  0.44569390655915198  0.45860320537350874  0.47129546868953920  0.48370318007086011
  0.49606964302045958  0.50851499984283266  0.52131082085386971  0.53451711333432739
  0.54818255518376369  0.56211825615661226  0.57555523593453528  0.58832108970152408
  0.60103077118652404  0.61413522047901681  0.62782433870563770  0.64142122165655890
  0.65436036194566471  0.66700565268178380  0.67943111417017443  0.69167637897076140
  0.70323194486103313  0.71362870937893252  0.72330412458764182  0.73319645599792438
  0.74399107269349118  0.75444708260013527  0.76419687513325274  0.77394048078237287
  0.78405823826594356  0.79464236884480366  0.80486417305948610  0.81562074136038576
  0.82662628577236463  0.83753365349656461  0.84813530710911755  0.85870966183376607
  0.86944137693056367  0.87977095430922780  0.88954945691042853  0.89888933259928305
  0.90773496448965296  0.91636342408937010  0.92477260675668060  0.93328505565914144
  0.94235281679023952  0.95179079240281705  0.96110643111588812  0.96982623056984618
  0.97788788036009955  0.98567679787604634  0.99284234598853316  1.00000000000000000
 -0.00293909797644668  0.01060879415320371  0.02178571786508317  0.03253636503943998
  0.04306582282738056  0.05359484957685093  0.06441969070499741  0.07503412019893400
  0.08546740382305532  0.09535613605180931  0.10542239167604243  0.11596746165266360
  0.12671684000179129  0.13736266130375721  0.14795635204677468  0.15865227420705158
  0.16930661142857173  0.17963467583485265  0.18988851671577670  0.20021768670060108
  0.21025244909939167  0.21999662291698838  0.23011241609561556  0.24047799499924899
  0.25106568212498637  0.26183608296012639  0.27276988526400869  0.28369213551735001
  0.29425161596846550  0.30484791539933231  0.31533628960807197  0.32564906989809050
  0.33601913614085976  0.34659686016204050  0.35790409552230079  0.36983003092513905
  0.38159135032540459  0.39271997510857076  0.40437255865002902  0.41612488714628720
  0.42537900472867513  0.43470171576671518  0.44323288944034039  0.45156614225418096
  0.45999088385866738  0.46859464332511652  0.47730283578330307  0.48700219604880912
  0.49676150398646463  0.50647175516734666  0.51569181613564508  0.52533005420084755
  0.53526805143259137  0.54459641088861976  0.55457416866730791  0.56511152140464038
  0.57620061167397618  0.58748350913207326  0.59881323821244070  0.61039527241293268
  0.62218534194792541  0.63352649075371814  0.64508273044371089  0.65701235317282580
  0.66815081191379411  0.67913801820851627  0.68925588115976633  0.69957870955836965
  0.70996945441173243  0.71996682042207072  0.73009218157480649  0.74047967334794229
  0.75127586870200191  0.76251407196428089  0.77475785312285184  0.78719846614961575
  0.79897746409177217  0.80990439542520876  0.82062311585332137  0.83097723917339950
  0.84067073139752369  0.85012906994569404  0.86000289768984872  0.87003705560733269
  0.88060327875550448  0.89108991796973847  0.90129958446363856  0.91204312329347748
  0.92312893599826140  0.93447560903831794  0.94511234899982710  0.95588444969719244
  0.96726065613110146  0.97882282535485454  0.98941935248892543  1.00000000000000000
 -0.00156631218007397  0.00710769458658381  0.01529242859998649  0.02468610601123899
  0.03460464777019571  0.04382261957897463  0.05245676475302665  0.06110732460405265
  0.07087892598662941  0.08130022902846751  0.09207477415458111  0.10342422112334645
  0.11564872783473042  0.12822568812529794  0.13987723174943345  0.15142234697259749
  0.16273917340986552  0.17384367929243477  0.18423049562578300  0.19433570106670059
  0.20461123390696814  0.21492366187780584  0.22497387806948557  0.23465176463274123
  0.24482431486420528  0.25558453538584297  0.26609444503130208  0.27577520301906128
  0.28499365356887019  0.29439559333696336  0.30424840153640170  0.31458695813120674
  0.32539801149320163  0.33663133872986190  0.34837690823754092  0.35991063275829582
  0.37126457089607751  0.38253867698490540  0.39336675983370784  0.40364467319009184
  0.41362777023807457  0.42387139178812261  0.43432870123556788  0.44471606220262905
  0.45487990149265284  0.46501958030520490  0.47542990689623926  0.48559605659038668
  0.49559949709835088  0.50582065259005771  0.51553757113897802  0.52567728945300962
  0.53659592387242216  0.54747551457345478  0.55787182349201925  0.56773861417055227
  0.57770515292728608  0.58808160946236787  0.59868786801626772  0.60964530196547861
  0.62083093418119872  0.63206606129422627  0.64297910188589158  0.65364123290121823
  0.66441711768000411  0.67548483718834007  0.68671353088969433  0.69787478026846916
  0.70882699473498534  0.71944415039137910  0.73008832820917835  0.74110327736038362
  0.75241092612187743  0.76348598267942813  0.77379144353639573  0.78345560800904335
  0.79280432739783646  0.80222421704795988  0.81150667401416410  0.82191704301507229
  0.83233486814856705  0.84305011439224009  0.85418502918133632  0.86497100195565457
  0.87555533804197860  0.88608672430295576  0.89700425683903606  0.90786207225223947
  0.91903084324210782  0.92993857714240924  0.94086705067691379  0.95208346785418951
  0.96365188380842592  0.97550370503026584  0.98774740878511236  1.00000000000000000
 -0.00306866910192751  0.01138909593789183  0.02237874557860218  0.03318392239125979
  0.04382822044626563  0.05528703195615331  0.06753314985727187  0.07998901864353007
  0.09213610084907957  0.10397487222050651  0.11586605478333109  0.12798920406555678
  0.13999872783915041  0.15182691723550756  0.16357744380010458  0.17509525474715223
  0.18602969449042303  0.19606908671171733  0.20553539049529798  0.21507013441643327
  0.22515250480807750  0.23606678067052764  0.24755256270650255  0.25874624324389550
  0.26982976638802109  0.28085728887263139  0.29226301870268184  0.30308166447606127
  0.31340539696952019  0.32321128690097134  0.33297875847160158  0.34339978328777609
  0.35449361108537447  0.36584117288328605  0.37673952316614662  0.38725466625840732
  0.39775521803812502  0.40851871283217478  0.41937050627811234  0.43001650702897048
  0.44041205142569895  0.45065102913167138  0.46094547050408408  0.47136917572971088
  0.48185334581875799  0.49235600200802776  0.50307375327147885  0.51408494160767571
  0.52506142020771251  0.53554058938737725  0.54569464604539708  0.55586082485806243
  0.56634032241724164  0.57681751539921300  0.58725855310841546  0.59714319867766685
  0.60724903549098030  0.61750807330221202  0.62778416626450884  0.63803405111098666
  0.64816718600055834  0.65817297557727861  0.66817964918068695  0.67810425916380446
  0.68829036295749269  0.69906266337681500  0.70935345081375289  0.71865098925031268
  0.72785748706060249  0.73756621063127070  0.74725757540162785  0.75662365448727364
  0.76560788873256591  0.77662129946218661  0.78798960559533227  0.79843941791264561
  0.80893774972167576  0.81940038768862888  0.82964202842752310  0.83930592199212373
  0.84950068642093179  0.85985469500985168  0.86995241545842750  0.87922725710721994
  0.88862935139508448  0.89789197009219301  0.90765763550632117  0.91707138522327536
  0.92711527863395016  0.93738141330702529  0.94850373462388937  0.95835052372610752
  0.96767575330388489  0.97763989281217589  0.98746484681741198  1.00000000000000000
 -0.00189418265948745  0.00686281885345528  0.01503195851045752  0.02370119412148909
  0.03267180706341942  0.04179229710062732  0.05120239041318164  0.06070178251443818
  0.07013279155882007  0.07967374983956366  0.08955371389394479  0.09953028052871285
  0.10875385316981986  0.11717965634725118  0.12639157996275574  0.13634383978684619
  0.14666987516486910  0.15686788671469928  0.16722456201007560  0.17750548909544270
  0.18773485380411614  0.19810997665584154  0.20895445477820451  0.21979117630327821
  0.23101103195283515  0.24313421435227406  0.25538560875296829  0.26719911465688151
  0.27741035979495426  0.28654324999815112  0.29552582718792197  0.30520970175250089
  0.31602176497392304  0.32663140113324451  0.33793798515308610  0.35070721216812289
  0.36290259722072216  0.37456436382639940  0.38654114691044511  0.39874964798151463
  0.41134899897828608  0.42477798138546075  0.43867587857820789  0.45221614464003917
  0.46544744343988609  0.47855901593296024  0.49116245314781432  0.50321164583000888
  0.51557596271642281  0.52916586184853076  0.54297248802813858  0.55602530580577880
  0.56875027125459121  0.58204164620856835  0.59575107170946284  0.60893098686343428
  0.62152780309679134  0.63333847358352457  0.64482668493580231  0.65531665754961232
  0.66507354765054671  0.67511748022297280  0.68661558486084739  0.69929299671353073
  0.71069890819127302  0.72101733663715550  0.73127587812164474  0.74194774925024054
  0.75306297700479297  0.76382141451882835  0.77446531021843590  0.78502143712447003
  0.79556112928397804  0.80593704241087172  0.81635889818203844  0.82717434380380783
  0.83837614781318981  0.84903794384151643  0.85913826275143401  0.86813747876848935
  0.87713142076915762  0.88554908368726803  0.89402993821276266  0.90255208705908851
  0.91124279852483636  0.92041676665670114  0.92943476711374917  0.93829139519313742
  0.94680975421361202  0.95458652313004211  0.96193014061528437  0.96942783484507500
  0.97708763704211810  0.98490518715816133  0.99263307213544738  1.00000000000000000
 -0.00217254915678405  0.00906674691819155  0.01806133751020761  0.02744348559599818
  0.03699989671596624  0.04667087661081862  0.05723511450552453  0.06800245813362621
  0.07950968447514913  0.09107613920117773  0.10273609571216283  0.11461867941400898
  0.12690169314878091  0.13868953566751469  0.14934349518879980  0.15966686346813549
  0.16997629444064602  0.18087640438695077  0.19201077374204112  0.20271805900269166
  0.21336180574982716  0.22354712563202636  0.23405127281055116  0.24448114241752866
  0.25478601532601552  0.26592649021182441  0.27633614368617343  0.28714348115806781
  0.29785257133239768  0.30900566757269732  0.31992901293768239  0.33097260531778350
  0.34216132869502019  0.35271615623032959  0.36313140672156630  0.37365472957534024
  0.38378560401784662  0.39360655132751776  0.40331739393277849  0.41350572873230917
  0.42291643159311421  0.43184564968972727  0.44107612328960405  0.45076627497605370
  0.46077051244493816  0.47049635624573494  0.47963575479198295  0.48902008873797975
  0.49843638367752735  0.50773548263476331  0.51775972491481637  0.52824924742866164
  0.53842913902018485  0.54851212537633731  0.55895890553240568  0.56964604647927464
  0.58045035525784050  0.59089294970402617  0.60113240561181336  0.61152141663285053
  0.62238539292236894  0.63315742020391375  0.64362684250830093  0.65425025601047060
  0.66523285810082156  0.67622757942817491  0.68704526969565705  0.69842010724568437
  0.70988038228397643  0.72072455294146154  0.73135797371435385  0.74203339317826367
  0.75287463533080934  0.76323911634005326  0.77323878502172250  0.78296089879052089
  0.79299103487729194  0.80284781971157415  0.81265412435880768  0.82284312832962636
  0.83374692084235869  0.84522555878249117  0.85638244520818896  0.86725766483781053
  0.87804067719847345  0.88869497292943078  0.90006342109299475  0.91177903563433982
  0.92285816765040629  0.93349927892163431  0.94426279745625841  0.95565461795167261
  0.96708774343237158  0.97841728720575794  0.98925089877168038  1.00000000000000000
 -0.00248227105127841  0.00947856440192081  0.01944685125138489  0.03032073685716033
  0.04133420194894900  0.05200118135039507  0.06243866629599371  0.07307145143393241
  0.08369058155710639  0.09352696272743255  0.10345468240841441  0.11437242151739721
  0.12524444866418219  0.13549779677915452  0.14533489114478540  0.15569037351882567
  0.16599136498625072  0.17625914125830783  0.18613344922073613  0.19511604708488769
  0.20409419454422636  0.21330534136092719  0.22254040463784702  0.23157019597547132
  0.24066011853210986  0.25010137804638061  0.26060044084327910  0.27120467198866449
  0.28142947747477004  0.29188175475721895  0.30293905159554935  0.31434385183916691
  0.32528609439053924  0.33594843159288101  0.34621145238090001  0.35667395126315582
  0.36788759961071665  0.37993250690152697  0.39236386058796174  0.40450965559600227
  0.41543733335420091  0.42644940922263469  0.43685399118031881  0.44745750391399997
  0.45816907671960611  0.46887946763357347  0.47907891108615491  0.48978616501569688
  0.50053875705193840  0.51216940771211450  0.52305168525373902  0.53335612640631302
  0.54330144545706516  0.55309413214061953  0.56282611846126807  0.57251000459847745
  0.58282715208874103  0.59343287235963449  0.60436246388590220  0.61515650717744708
  0.62585262046289569  0.63672700105119617  0.64676233337240407  0.65613127200963739
  0.66576523123668485  0.67563821233123944  0.68535235632248237  0.69453745018841040
  0.70381022714628239  0.71334486474153846  0.72350205287587255  0.73447016813740562
  0.74624954021864509  0.75857355047349673  0.77081155920359956  0.78205561480691421
  0.79279467004877480  0.80327701026956988  0.81352056258064098  0.82402881754508572
  0.83476766485947140  0.84564205485010813  0.85669839786367041  0.86730932928980475
  0.87741895365069367  0.88719150559376314  0.89758787619917879  0.90937088935554555
  0.92148588476981463  0.93252860588334829  0.94315303361153036  0.95426826594438185
  0.96530448910119826  0.97687870384651099  0.98839094121477145  1.00000000000000000
  0.00011421037746084  0.00027000870248493  0.00044294874486171  0.00064177147806970
  0.00080895696367131  0.00096694169352642  0.00112657487338619  0.00127461655788432
  0.00141148628198157  0.00155788772083861  0.00170876267801260  0.00186383765970559
  0.00202401197808638  0.00218811800312716  0.00235844995936552  0.00253631522975645
  0.00271782971171478  0.00290134457896311  0.00309168808957577  0.00328957518154015
  0.00349296109490047  0.00370683483524880  0.00393212130641025  0.00416137619337752
  0.00439285816337899  0.00462832254167142  0.00486844671640944  0.00511010860031690
  0.00535813091972229  0.00561332524722003  0.00588884508052110  0.00617940473332198
  0.00647839843706880  0.00678143443658321  0.00708333398847870  0.00738581455781085
  0.00769349154266819  0.00799858871314200  0.00831036046735750  0.00865767896010817
  0.00901761151514322  0.00939133322922220  0.00977473133912663  0.01016187362060588
  0.01054757610715525  0.01095666405292985  0.01136061606571686  0.01178430778155695
  0.01222451401479019  0.01266378234557808  0.01318962436926259  0.01370267469173321
  0.01423517987661009  0.01478094519755900  0.01534170226151194  0.01590026919865631
  0.01651240349269917  0.01715892506581971  0.01775757727426670  0.01834211338214736
  0.01893181146663788  0.01953198187708016  0.02018780226471902  0.02092771970520633
  0.02173998808219571  0.02259327959266930  0.02348550905616799  0.02439312354318471
  0.02528754446036699  0.02621349054363771  0.02706743966930677  0.02802767204121144
  0.02909067014852668  0.03022353746280849  0.03152151656256078  0.03304017686544441
  0.03464419989794497  0.03616428747384808  0.03762017535464338  0.03919016991447757
  0.04117247158975031  0.04349578496514614  0.04595049661081536  0.04847065284027854
  0.05119461129055286  0.05410364838892553  0.05730194337247635  0.06059475590240519
  0.06418751730432130  0.06936188588718176  0.07523728153829380  0.08297120884954945
  0.09634805387054382  0.14009978524405112  0.42256513835265991  1.00000000000000000
 -0.00201230153147903  0.00832559867093230  0.01754351574234717  0.02748394353699170
  0.03709621861878983  0.04659918223817921  0.05612872729756178  0.06571236558247925
  0.07563168948212926  0.08549564057907690  0.09555037262032573  0.10556730895214876
  0.11590872105557769  0.12612315430606519  0.13695809950616961  0.14740705064156942
  0.15747140424582026  0.16727453378505366  0.17684862045241606  0.18638683305616197
  0.19631742765447921  0.20656185913118505  0.21668646024175436  0.22697900280329492
  0.23752092257358798  0.24805008198012407  0.25860650472460500  0.26931778642026122
  0.28018884398175048  0.29077592651426432  0.30144008062464289  0.31265726010185241
  0.32384363045487197  0.33488195431125373  0.34605280350522927  0.35735317806549305
  0.36898216741757434  0.38049126593029714  0.39183160206936840  0.40317039707436120
  0.41461159941165038  0.42617223410171351  0.43778651389427181  0.44970411788151632
  0.46189836769021131  0.47381166448180045  0.48492390820430359  0.49593174460272499
  0.50735152363848091  0.51856003073574697  0.52935199659805543  0.54007765571602706
  0.55108358608471308  0.56237606495003956  0.57429336371225292  0.58589815231908060
  0.59687811044286154  0.60744640025080965  0.61789135475298262  0.62843021880284655
  0.63911069676388166  0.64986380768184893  0.66109687524568883  0.67254885428803235
  0.68314037508514958  0.69362768749771064  0.70433326874427926  0.71587164851772378
  0.72712907909984037  0.73861605902193905  0.75048675843090029  0.76219524019585227
  0.77347383542618764  0.78411676846688427  0.79364287251903409  0.80226549120939139
  0.81090874073257102  0.81980965114319726  0.82847019893534324  0.83760447317704090
  0.84651578160211183  0.85594742232682730  0.86656609849719612  0.87744364845032330
  0.88788370788125481  0.89807247304613957  0.90772706005027404  0.91767770283374028
  0.92792260428230655  0.93842580713811230  0.94860931950244975  0.95834183342084123
  0.96792113936363111  0.97789482189226329  0.98832425806331936  1.00000000000000000
  0.03777375092555216  0.56363620634840017  0.63857855768521354  0.68143367516253250
  0.71089435780980093  0.73395733530831830  0.75264288995019213  0.76846260187631799
  0.78115436974687857  0.79215699267099537  0.80208125072777170  0.81137136150381250
  0.81962169277409203  0.82729652253743202  0.83456823603200747  0.84134377316030140
  0.84772204016449126  0.85360345143579563  0.85884453633366531  0.86380429792057545
  0.86872321515346285  0.87352609905452872  0.87793624556483540  0.88199062333394584
  0.88594900328455006  0.88980187823184542  0.89343934038693540  0.89680746355151897
  0.90001143050397314  0.90315805933596105  0.90624286735790949  0.90923279131582568
  0.91210148206936192  0.91488524666516413  0.91754693011672839  0.92004888861959577
  0.92252974816719746  0.92492608415518929  0.92727538715379509  0.92944702493519937
  0.93161828402905955  0.93373154379403267  0.93577573050796869  0.93778440128566098
  0.93963554933420279  0.94135913024931639  0.94301869432834462  0.94463384081874779
  0.94622283654186501  0.94780375622933133  0.94940648949438655  0.95094377581302059
  0.95239528571020893  0.95383232594535183  0.95524657378194533  0.95663859587967859
  0.95799264232224690  0.95926132675798637  0.96046793459190172  0.96165062825356407
  0.96278237230015207  0.96387052731081180  0.96495604397534607  0.96604141201727844
  0.96716300526030741  0.96831117652230303  0.96941127219472256  0.97049459367135005
  0.97161504920110076  0.97271126536860175  0.97376020465021185  0.97478680701527720
  0.97580827271653314  0.97682906817708126  0.97786752306072366  0.97890622112389447
  0.97994526967584972  0.98094005890748270  0.98190129479050592  0.98284048096379284
  0.98375574922018294  0.98465371071775432  0.98555726818526290  0.98646956579551348
  0.98734993145489180  0.98822329513916007  0.98911443274539390  0.99003978274666127
  0.99094878222897032  0.99184789091330028  0.99276127067625930  0.99370899525581757
  0.99471536586524567  0.99589516568375391  0.99767939896204971  1.00000000000000000
 -0.02287524159521773  0.11132566210264562  0.14727072594511995  0.16938514374413577
  0.18790667445580489  0.20474270850388079  0.21910622167808513  0.23158879257643136
  0.24259398984089112  0.25336759434135919  0.26380333041801485  0.27389109868070843
  0.28251152679287100  0.29047295449524013  0.29811337150182809  0.30611230720017329
  0.31354363667623186  0.32064255012711151  0.32766461634955141  0.33442735765814247
  0.34076117650129056  0.34700754973078096  0.35316442455240682  0.35907303197588220
  0.36489776513923161  0.37073528801220984  0.37640597625220601  0.38178561561040020
  0.38718119357442127  0.39229126652645785  0.39722289343119493  0.40231548133865447
  0.40752016249558176  0.41290858081324738  0.41893814847976540  0.42461017542021734
  0.42983950499504625  0.43493546329887600  0.44017929273529571  0.44571219286086433
  0.45126506810369321  0.45690764300154180  0.46257584241691940  0.46831224069592420
  0.47394745990682019  0.47941935329674362  0.48474489975944246  0.48993498727148693
  0.49499134233610387  0.49996861515575741  0.50504620295584868  0.51037112093652715
  0.51590520045373389  0.52160343265187770  0.52748909710157499  0.53322069013981499
  0.53868588626069469  0.54432067457504119  0.55015431830727091  0.55634791450381582
  0.56233540475425869  0.56825642383142749  0.57422798369178840  0.58035236578024563
  0.58664143690463533  0.59312762402068619  0.59953729451726634  0.60584372530204056
  0.61211606096123006  0.61830575250365150  0.62461925000755025  0.63106106698121767
  0.63745242549494319  0.64371446063004600  0.65013338122283459  0.65696183785169404
  0.66420741513700110  0.67171133714800313  0.67929427514748042  0.68680261409114085
  0.69426598340319701  0.70216314280200742  0.71077564299181550  0.71971676541270602
  0.72884871945545449  0.73788175623570840  0.74673038986944162  0.75595319717886633
  0.76650070786651570  0.77973155936547411  0.79477289195459755  0.81033851678164648
  0.82840910540504331  0.85087903965392275  0.88829731889444496  1.00000000000000000
   1.5363657881021966E-012  -1.0000000000000000     
 F F F F F F F F F F F F F F F F F F F F F F F F F F F F F F F F F F F F F F F F F F F F F F F F F F F F F F F F F F F F F F F F F F F F F F F F F F F F F F F F F F F F F F F F F F F F F F F F F F F F F F F F F F F F F F F F F F F F F F F F F F F F F F F F F F F F F F F F F F F F F F F F F F F F F F F F F F F F F F F F F F F F F F F F F F F F F F F F F F F F F F F F F F F F F F F F F F F F F F F F F F F F F F F F F F F F F F F F F F F F F F F F F F F F F F F F F F F F F F F F F F F F F F F F F F F F F F F F F F F F F F F F F F F F F F F F F F F F F F F F F F F F F F F F F F F F F F F F F F F F F F F F F F F F F F F F F F F F F F F F F F F F F F F F F F F F F F F F F F F F F F F F F F F F F F F F F F F F F F F F F F F F F F F F F F F F F F F F F F F F F F F F F F F F F F F F F F F F F F F F F F F F F F F F F F F F F F F F F F F F F F F F F F F F F F F F F F F F F F F F F F F F F F F F F F F F F F F F F F F F F F F F F F F F F F F F F F F F F F F F F F F F F F F F F F F F F F F F F F F F F F F F F F F F F F F F
  <DiscreteSampler_grid>
  grouped_processes
  1 # 1 for a reference and 2 for a running grid.
  10 # Attribute 'min_bin_probing_points' of the grid.
  1 # Attribute 'grid_mode' of the grid. 1=='default',2=='initialization'
  0.0000000000000000 # Attribute 'small_contrib_threshold' of the grid.
  0.5000000000000000 # Attribute 'damping_power' of the grid.
 # binID   n_entries weight   weight_sqr   abs_weight
    10   10   3.155374186948474E+001   9.251338002370367E+003   3.155374186948474E+001
    16   10   3.173353245262140E+001   9.362821714688178E+003   3.173353245262140E+001
  </DiscreteSampler_grid>
