  0.00274106743722131  0.01101813092841267  0.02190869018405127  0.03274824900704100
  0.04404264969934960  0.05915063707197540  0.07356402623193360  0.08652208967985311
  0.09860848395919131  0.11057546055104472  0.12346480530926893  0.13881112663366668
  0.15611165415167702  0.16862139893099864  0.17991066259864852  0.19150977836940236
  0.20430812296966047  0.21685058487139536  0.22860343338503503  0.23926264441161066
  0.24889389183390564  0.25593489472227038  0.26189707382000127  0.26790111049490295
  0.27405928995578760  0.28001102465506145  0.28803276611485601  0.29892185609950339
  0.30839160147367106  0.31681758349452771  0.32712302472943089  0.33919539987759240
  0.35100433503103123  0.36185103293545567  0.37286268106539339  0.38258035606312302
  0.39205066320891319  0.40254497536072587  0.41216440823789008  0.42476575057653321
  0.43764655290019466  0.44923227664506099  0.45812322358107171  0.46749148818333264
  0.47814363244465635  0.49078542500762901  0.50587331750296982  0.52208428087551673
  0.53682420197549585  0.54520364298646584  0.55038061805974103  0.55773314838879851
  0.56525514860663617  0.57296183566074599  0.58204172100303420  0.59184189497666650
  0.60104891640079727  0.61173930315667557  0.62315937943892852  0.63402447026127406
  0.64461927082670556  0.65644438099277469  0.66839080033697018  0.67986065304966159
  0.69000640486918918  0.69714389926563536  0.70493617194828084  0.71350007356678680
  0.72208831112854044  0.73124802878446216  0.74136294870533292  0.75285071130099812
  0.76527467137330263  0.77772390229269051  0.78887695152905291  0.80036240192698949
  0.81135018392917047  0.82232769864717181  0.83368027528260746  0.84408457246721713
  0.85418282815316215  0.86611711420972193  0.87868976169519630  0.89251986776653491
  0.90366680278066136  0.91073604029069766  0.91602562925444897  0.92117479785376855
  0.92735274142079072  0.93530692659447312  0.94456153970424028  0.95280282781060965
  0.96114986077956011  0.97254911135611244  0.98614877645481347  1.00000000000000000
  0.00856384716725918  0.01924032317464625  0.02804303915004491  0.03844109630512185
  0.04870241836140644  0.05975441969068659  0.07146587706610982  0.08412619831018009
  0.09820900177454195  0.11296188774708231  0.12793578252278734  0.14501173943134432
  0.16232475611569186  0.17399757147463737  0.18551083688041362  0.19593562035294576
  0.20606696841962230  0.21652053589994930  0.22546768315989799  0.23341336282552252
  0.24089108999086259  0.24819895705988221  0.25502631373546814  0.26242728878467708
  0.26938682505147804  0.27554811284313996  0.28223011066924092  0.28969427995740410
  0.29777419305912284  0.30687610509242264  0.31705460738750513  0.32640407319205100
  0.33909691950014015  0.34877521550818763  0.35782746657281589  0.36510346883264705
  0.37396776270612758  0.38103951620319548  0.38736136611290861  0.39382411691203978
  0.40100541791425659  0.40998790863440870  0.42038010255630442  0.43241871950482663
  0.44364587474083506  0.45357198604921889  0.46466192446088783  0.47696823773632130
  0.48783382583256230  0.49787143297977304  0.50892698917947210  0.52271351148452050
  0.53646515277311568  0.54854541026835946  0.55957933566757190  0.57045666964807817
  0.57993476410029487  0.58763643980752500  0.59493000348998737  0.60200046839963683
  0.60953275157037234  0.61662791437540665  0.62317596300427702  0.62971584654336799
  0.63827940456350518  0.64802441062220473  0.66087958901027499  0.67431299286162094
  0.68901045032349117  0.70447827884470871  0.72166995413228852  0.74292522736829991
  0.75681085724408426  0.76840451087291484  0.77860601697048515  0.78856459112316768
  0.79961376788671246  0.81054962079311554  0.82081218398563094  0.83218645975048844
  0.84544716151304411  0.85872251917920361  0.86973677430367846  0.88081879087144077
  0.89312469345081946  0.90507363748073355  0.91533432376524082  0.92376513925420056
  0.93332084070706400  0.94407672692585942  0.95433703371449685  0.96529989216166412
  0.97397307083330864  0.98172703279302842  0.99110576223536651  1.00000000000000000
  0.00018762037263486  0.00020112305405158  0.00021462573546831  0.00022884970196684
  0.00024428594430221  0.00025780541678391  0.00026149505574049  0.00026684447622470
  0.00027284685501967  0.00027798529573445  0.00028189496067316  0.00028507375163616
  0.00028765271271652  0.00029129873977122  0.00029547591123004  0.00029997038601255
  0.00030432777069680  0.00030823511782754  0.00031212784357376  0.00031644317049634
  0.00032091068119584  0.00032510067201735  0.00032903704697628  0.00033333416233709
  0.00033916415579782  0.00034429055508463  0.00034866090986041  0.00035283111083627
  0.00035723326168912  0.00036242864990949  0.00036864100313871  0.00037511580035175
  0.00038061933365501  0.00038554248116790  0.00039090766103110  0.00039735998248358
  0.00040444176909248  0.00041089736650577  0.00041819845516608  0.00042625325383248
  0.00043518078282139  0.00044531596486304  0.00045596837125134  0.00046755719906518
  0.00048006406133337  0.00049217278787116  0.00050222606895939  0.00051174357655491
  0.00052169731621075  0.00053238929322756  0.00054413458105089  0.00055947769203496
  0.00057499636693083  0.00059158539161308  0.00060937303386500  0.00062743736504219
  0.00064747013816530  0.00066996411620144  0.00069424347914770  0.00071659619297776
  0.00073484690950903  0.00075399611641357  0.00077224636305612  0.00079009305879769
  0.00081102425664703  0.00083548429155738  0.00086274479758854  0.00089909102314217
  0.00095242295613887  0.00101651765527355  0.00108241730987520  0.00114421205660652
  0.00120229998679816  0.00126129317248844  0.00133038895912843  0.00141757963312917
  0.00149863963794916  0.00156488394374303  0.00164164168943014  0.00172348239152596
  0.00183840754195841  0.00197446081288707  0.00208680109613954  0.00222240746980310
  0.00234733620914585  0.00245226965314601  0.00255687525603307  0.00266377006530456
  0.00287584734988044  0.00331151920137861  0.00395555498744493  0.00460150891273804
  0.00583391670454809  0.01198473135662896  0.11058158849582064  1.00000000000000000
 -0.00130722643136116  0.02850277969668008  0.04553069846000482  0.05963689666898973
  0.07199026150473890  0.08418429630986653  0.09614979540744423  0.10779316103628192
  0.11869820517523025  0.12889786413558599  0.13884410280875129  0.14817042150593207
  0.15640184249540648  0.16526655423605380  0.17530198560286658  0.18480156674938841
  0.19260219900169034  0.20011415948243105  0.20836957045685625  0.21905767212265195
  0.23221895764221812  0.24563118660520072  0.26243332573871092  0.28203361635835011
  0.29903214447820919  0.30951157534620033  0.31605745677534919  0.32145069115665725
  0.32810086275386946  0.33489845195436113  0.33835621232029967  0.34201425118996681
  0.34502236054027197  0.35219354294822769  0.35851466328011850  0.36619583710519787
  0.37662189216256331  0.38713915511998959  0.39581386859022966  0.40363071136639878
  0.41118594011778964  0.42008840788768365  0.42873554410348147  0.43702718147317104
  0.44587192269648823  0.45338490710351853  0.46229147462742637  0.46905654676372216
  0.47713777868501978  0.48526111806161593  0.49343813898474115  0.50238079463417917
  0.51299657609172467  0.52225246958380545  0.53423640352171009  0.54819969362016530
  0.56091785059156885  0.57345714274353365  0.58738026061431903  0.60391198238494082
  0.62195574991202707  0.63714625334645125  0.64828011051294532  0.65757824506891982
  0.66735040226669562  0.67826313572275276  0.68984186237258149  0.70054052159359670
  0.71172344857742265  0.71814983825096446  0.72697225208798721  0.73562444682877259
  0.74373402022618795  0.75227502847532279  0.76192164880815427  0.77499748332741303
  0.79013060569761406  0.80398115845499363  0.81647719289476317  0.82766936294516713
  0.83849465262792500  0.84929884551809298  0.86016252843714835  0.87177190552802830
  0.88085232774716737  0.88834524358849076  0.89629133738509048  0.90335056343155284
  0.91258136911419729  0.92511587312310994  0.93473244564035030  0.94345245607290329
  0.95372830744222725  0.96656415364669346  0.98261205580906708  1.00000000000000000
 -0.00030388617435705  0.00270960448281175  0.00643751437394878  0.01144479257805033
  0.01630254711452602  0.02344651141280716  0.03078826483503852  0.03719635160347627
  0.04398211289360085  0.05174638284719106  0.05959609117431331  0.06828292372166855
  0.07842017337157992  0.08624984291881310  0.09222470145390278  0.09899538001062419
  0.10790208343207652  0.11772391094327982  0.12684030295964008  0.13740988294193401
  0.14867823873622454  0.16133340402958538  0.17253855614119712  0.18257564250414915
  0.19347221915214655  0.20225174017998879  0.21031645897666987  0.21874375182757505
  0.22858005061059711  0.23992462265946796  0.25097281722066889  0.26043694347380036
  0.26999264908900666  0.28084481033459324  0.28901345895435865  0.29449725093874701
  0.30020768102891332  0.30601929808992873  0.31128241694065756  0.31754901482520542
  0.32635206179635939  0.33781973121730102  0.35004077324945998  0.35983281608429057
  0.36816142388833450  0.37712082523625723  0.38755028196431890  0.39917279569069458
  0.40960079501311758  0.41753929719664074  0.42498885051098473  0.43394442989843818
  0.44428268817228622  0.45352643262385256  0.46110461320746832  0.46962012718199947
  0.48124731486086703  0.49810644639724538  0.51580782957746740  0.52888566327390751
  0.54124543251122792  0.55253977802064402  0.56249956307662430  0.57200013733980071
  0.58058703898232289  0.58888092213772925  0.59747493606947277  0.60598524804231635
  0.61549392884757426  0.62618833635140847  0.63717540012762719  0.64774605742476787
  0.65774540188070463  0.66739868015455805  0.67636309785086113  0.68731497799718888
  0.70222872964967076  0.71831955292896577  0.73526602102563732  0.75388944356610899
  0.77211891213174477  0.79020854975612398  0.80810969826260104  0.82541732506325483
  0.84215166274212250  0.85804700938827660  0.87314973002656526  0.88705821737380575
  0.89893802868596806  0.91034984120936346  0.92508221808305813  0.93922408869943275
  0.95358988861053007  0.96845170934312674  0.98388901012016816  1.00000000000000000
 -0.00178664231403078  0.00744248800040439  0.01672995634840613  0.02517701779915268
  0.03813853889806596  0.05152879775672431  0.06295001699478410  0.07228352728798286
  0.08113065984656304  0.09064804858966521  0.10188555592720051  0.11435255429197728
  0.12701973689208138  0.13902973976164085  0.14822353260931645  0.15699185745193123
  0.16482222439253316  0.17137879866446118  0.18081148713105608  0.19157511757108558
  0.20198019253181235  0.21364526903167286  0.22793144401590498  0.24364761476156108
  0.25789589360855408  0.26914734434028043  0.27733119892788022  0.28354729553441366
  0.28949757533580456  0.29822887492253086  0.30890210463232642  0.31986094339268822
  0.33114324920366695  0.34257851097238179  0.35359279973411162  0.36486854621860521
  0.37656257891469219  0.38815379455537302  0.40081146088563124  0.41479648824451315
  0.42767137938632871  0.44127751413715388  0.45580712230024201  0.46943976540099358
  0.48073754686903419  0.49265240450041364  0.50546160940182594  0.51845267857106136
  0.53166016906485913  0.54516675621934962  0.55770525527185377  0.57028147965097598
  0.58319489533195124  0.59536784313496827  0.60725652424256005  0.61823848672793125
  0.62929258526149801  0.64070488455484431  0.65038951995180505  0.65859544658828306
  0.66687508859242395  0.67495546953498642  0.68447712103397884  0.69253560818022919
  0.69892447111962308  0.70487920042813057  0.71058507743242727  0.71557510866205432
  0.72114832281483454  0.72612591692749451  0.73086805359422158  0.73602272804929869
  0.74651466929035404  0.75878450480873194  0.76756476836641485  0.77757345244604836
  0.79039061988637027  0.80345553013356452  0.81411237696629102  0.82305882394475816
  0.83245118252030015  0.84359846076562317  0.85555777728334514  0.86518124059453083
  0.87424346179623580  0.88282642431029801  0.89295134509319596  0.90576856913962689
  0.91936282763389698  0.93131415058497247  0.94176379039475111  0.95303871140482377
  0.96466217907612417  0.97694574304959358  0.98847243398970297  1.00000000000000000
 -0.00256268188448346  0.00993350319628983  0.02065714946737189  0.03261129434821970
  0.04552588102604452  0.05870564635045691  0.07145702099167263  0.08357110607916912
  0.09592902182842937  0.10725484188046619  0.12022316933700644  0.12936240562528281
  0.13805184387415131  0.14764742249225332  0.15618973387814050  0.16513863056032660
  0.17272220722367213  0.17866064318595176  0.18416692626549513  0.18978509323863521
  0.19551843441217517  0.20215002839869195  0.21563615328173893  0.23025565440164047
  0.24228842681603804  0.25226004065521651  0.26103700130017632  0.27001738885087129
  0.27891404377667178  0.28699985431236735  0.29606304146573537  0.30678865793506988
  0.32003773894544496  0.33184937409081272  0.33944169368508009  0.34536589517701810
  0.35220514435609263  0.36037911941742973  0.36767661542049168  0.37470091484144130
  0.38229542851442111  0.38938354934706276  0.39731473304412518  0.40866695359732275
  0.42271632477346777  0.43831924611754375  0.45439555925915387  0.47074051101436937
  0.48749525289213658  0.50208834958102122  0.51342964817577263  0.52310082555398785
  0.53195697029350675  0.54054768887830473  0.55014646082283325  0.56000624325586901
  0.57301758299346617  0.58636543457075629  0.59916240110205987  0.61106743551996545
  0.62257030823394166  0.63395938156298504  0.64480604289440813  0.65748093272140984
  0.66953348493101073  0.68668882633514949  0.69826041293179397  0.70551058620379026
  0.71220463154492009  0.71934261204303207  0.72578857743988778  0.73230005713482815
  0.73885209249634098  0.74615618462195465  0.75594954858675789  0.76858179122083925
  0.78166082194615938  0.79480488426149565  0.80581693864678716  0.81775034416485326
  0.82981803334544224  0.84275127266498517  0.85561043740115095  0.86719864547396264
  0.87753893671794148  0.88592550859784325  0.89481560612789046  0.90573763448874645
  0.91740125259817606  0.92947851789179059  0.94059325418207274  0.95170246096140543
  0.96279901881394647  0.97398131052788106  0.98634475638299790  1.00000000000000000
 -0.00190718632069913  0.00785958076997269  0.01778402739463842  0.02883324125500542
  0.03954332137564541  0.04875640631514187  0.05705785438874399  0.06697481884962864
  0.08202240219603971  0.09655571484543655  0.10907544939826874  0.11934154878031197
  0.12829805377606848  0.13577090906433653  0.14411113909640499  0.15319866912814306
  0.16294261721000181  0.17339845648805588  0.18515526508486124  0.19823762467356998
  0.21269903935748016  0.22866577944070399  0.24270028011846495  0.25638024349664346
  0.26803183032708849  0.27875393641357682  0.29036314153250026  0.30011612216314215
  0.31038130197445546  0.32176904270873163  0.33387745576361749  0.34572587671897320
  0.35686827219963224  0.36843146065840299  0.38048888181307061  0.39257848221121222
  0.40489023396706925  0.41612801237875063  0.42623358915527626  0.43591213279145991
  0.44555189954106728  0.45919919963851596  0.47332902246100855  0.48853618557630357
  0.50547611821745586  0.52293330816532102  0.53880079780869694  0.55227713951852542
  0.56431815538557839  0.57590079185908183  0.58838177434882377  0.59965981320513828
  0.60818499726688191  0.61436235028812347  0.61988025405358138  0.62422927005889539
  0.62861738186279137  0.63480644366491534  0.64093261417695824  0.64806222335637265
  0.65702203853833396  0.66549299487321167  0.67447861922620111  0.68402059541049509
  0.69339021748026131  0.70245119095717223  0.71378263307193612  0.72506935631202196
  0.73722793113325014  0.75262924610535731  0.76574707730239622  0.78155532377187398
  0.79670080847024516  0.80950052836992992  0.81997022658215246  0.82963700716945199
  0.83860137849681804  0.84604510527884524  0.85358088894995798  0.86067822701580143
  0.86816330491804050  0.87551509572083508  0.88537247082500736  0.89598057806045917
  0.90566964612747880  0.91420689085807783  0.92275368210957909  0.93333013840690493
  0.94510961231491242  0.95688159955585139  0.96527380529007201  0.97211947927500608
  0.97923564112841754  0.98697659526859172  0.99389575310826728  1.00000000000000000
 -0.00561718054231674  0.01987796556347315  0.04104455309019522  0.05957589586130378
  0.07607900415196570  0.09138835122051847  0.10602110975296676  0.12028181565695685
  0.13379470981393426  0.14544413255444133  0.15677381563560125  0.16770473159464749
  0.18021697048796695  0.19378961675177997  0.20833747031952116  0.22416213405451063
  0.23714269892834858  0.25027925819857949  0.26102415539026774  0.26991211536600096
  0.27948572423791446  0.28824853856645954  0.30096786160972128  0.31378967274198732
  0.32588817721668628  0.33663011207869203  0.34412763493564447  0.34908308762037021
  0.35489551588273094  0.36083590760723971  0.36643336992672920  0.37196164850554247
  0.37921739025062251  0.38732184097545319  0.39524009408187610  0.40347395862045654
  0.41144526507354928  0.41969762497972540  0.42839171371900109  0.43711586252428103
  0.44463202084592146  0.45195082031853029  0.45897941894825195  0.46486783809637094
  0.47040349247420721  0.47653616328098564  0.48315784181887467  0.48849204564769944
  0.49419138189423478  0.49926488765415705  0.50933169479950957  0.51966261096216282
  0.53020411213486363  0.54111799033550589  0.55170372938797962  0.56158513414597533
  0.57096753304880954  0.58024980725454089  0.58970220614135793  0.59926786918056718
  0.60906647376516698  0.61524672033764383  0.61960928581606112  0.62438062973173014
  0.62965872478673079  0.63418348886740850  0.63998767951234614  0.65087791383009785
  0.66204862758010996  0.67118015677540088  0.67787916645909430  0.68506237728979258
  0.69232396156383058  0.70047686222983629  0.71328506914033762  0.72874779256603772
  0.74425420267463760  0.76005330936707605  0.77434771285240733  0.78702727892668678
  0.79905910743007336  0.81129984498200181  0.82488989989949102  0.83868573998251639
  0.85208111306377077  0.86579128335639122  0.87949799951370244  0.89370226222873728
  0.90590966689460750  0.91904581993166934  0.93157996822086431  0.94151980286564918
  0.95609979655280741  0.97110215737873562  0.98316534434925584  1.00000000000000000
 -0.00303023725140710  0.01184208051639491  0.02662839966408226  0.03796693829480365
  0.04900086558941461  0.05932761208539836  0.06934270545391145  0.08031227278966592
  0.09324333579894133  0.10611916723172631  0.11983970590892667  0.13113773625499092
  0.14177446033719249  0.15295649946548667  0.16293199171304615  0.17213496650223067
  0.18348919755921614  0.19739993376554871  0.21247652195064889  0.22760135456859923
  0.24219837605860936  0.25498950877754428  0.26806843424313576  0.28039641565848117
  0.29228367506248321  0.30542020745190102  0.31834879988234160  0.33100889153992247
  0.34296905373626940  0.35350860779902005  0.36297964100114366  0.37123423821967177
  0.38113743194881150  0.39230523401552936  0.40000092452734015  0.40719885536591616
  0.41648724618743183  0.42545269075469322  0.43457431382033024  0.44244153190608543
  0.44759653553480283  0.45249541257710524  0.45673461502660362  0.46616704459014419
  0.47857166008625457  0.48952388099022376  0.50101614397989991  0.51629211071478598
  0.53238224266427359  0.54546986982956958  0.55627837250620893  0.56658161275179120
  0.57765451589636163  0.58762809704682251  0.59682737403830388  0.60786929321062921
  0.61997219175220264  0.63027409147319569  0.63946474325028502  0.64773193112935079
  0.65540301466721784  0.66530351598366344  0.67723097463548909  0.68973373190029175
  0.70148798350018671  0.71238173087447965  0.72332680902025404  0.73425102278739152
  0.74461289789210749  0.75403054880848630  0.76315151955296956  0.77288719595803901
  0.78435578184162191  0.79702178083407016  0.81026064015273080  0.82256573981893821
  0.83072349816048718  0.83716318692993763  0.84104023171377884  0.84570329933412525
  0.85166049831536395  0.85833943787698030  0.86437932611238943  0.87198409390108089
  0.88339712610572152  0.89617390844898637  0.90981178739010582  0.92447679448482400
  0.93422739288281420  0.94415480044987132  0.95434807049656012  0.96398073866703560
  0.97309791733059292  0.98070922960326068  0.98903446872888057  1.00000000000000000
 -0.00116507391620783  0.00641849135540998  0.01455326684332789  0.02278747473917572
  0.03095503859354328  0.03868004110762932  0.04683530478116699  0.05619359124344848
  0.06582149523105928  0.07479586240033166  0.08463213477699426  0.09576185663857285
  0.10674472057764003  0.11681896513175487  0.12616843962696095  0.13482146063243441
  0.14498861225573340  0.15558906342456524  0.16655501022165872  0.17966741365493663
  0.19190578593706156  0.20327247733559198  0.21396003502526045  0.22538941463213946
  0.23953483600356476  0.25286783312365113  0.26749505790851591  0.28255954854152365
  0.29841548716896177  0.31576611644892005  0.33259212184098880  0.34389060657858145
  0.35318528498695850  0.36304522019535701  0.37289729897474222  0.38149735582709754
  0.39049762764479612  0.40338647357970620  0.41823547510404702  0.43061349394917908
  0.44006113164043076  0.44900792855268790  0.45850495977457545  0.47120601875371676
  0.48804949051199165  0.50644812552163732  0.52087197639414418  0.52980331213265353
  0.53848779498265620  0.54723202086117873  0.55443146295348555  0.56284060018093562
  0.57188858262337672  0.58061735030809469  0.59053829627351695  0.60311161988367834
  0.61623470427457439  0.63198369636716845  0.64840509041376582  0.65952827712080486
  0.66670604175806458  0.67454361541661112  0.68348720952172493  0.69157919371679388
  0.69875564285365610  0.70541797601761580  0.71153730404668414  0.71974289513635181
  0.73077093575126495  0.74317994713277546  0.75551907132016582  0.76607881884419560
  0.77518934123053429  0.78402166302024145  0.79270345758086136  0.80089001972558382
  0.80992988998584148  0.81901703014686178  0.82957928647796819  0.84235878378656825
  0.85468424081450578  0.86401919575809594  0.87247419608781662  0.88198704288192598
  0.89177450805545877  0.90077374153122192  0.91506484054031800  0.92982424190807278
  0.94300934223218491  0.95368272828184120  0.96236444493847795  0.96928464832189820
  0.97538496955487541  0.98189863583534509  0.98859581526568863  1.00000000000000000
 -0.00338451188784118  0.00991992405046474  0.02450705587217834  0.03889742388846371
  0.05324845023004307  0.06652545512367122  0.07817557399294210  0.08991769471245785
  0.10313903659421175  0.11806793699719724  0.13058571166710953  0.14008932138982705
  0.14882744786065497  0.15885960639238977  0.16877929015503854  0.17815620479393121
  0.18705212193341991  0.19511627847273286  0.20297064223028605  0.21076647697920500
  0.21878345538985933  0.22831042640388227  0.23966387286190469  0.24992234564313759
  0.25959822818232031  0.26931299803038938  0.27883809496076206  0.28912302959854774
  0.30027145012432732  0.31301851710486894  0.32556202559163816  0.33472024974067760
  0.34363800330553140  0.35429176258340883  0.36782604414304204  0.38359897830249445
  0.40020099190362585  0.41464604462930538  0.42794884806639916  0.44067790231114617
  0.45396092301976815  0.46756148447698903  0.48193032496728966  0.49651347494975445
  0.50903846570736078  0.51986716123668264  0.53016912007639250  0.54070120288288104
  0.55211386684486097  0.56421854511093816  0.57687348669628902  0.58971257184965353
  0.60212372396109726  0.61272261673787509  0.62277823682292210  0.63543893431556686
  0.64924331211145825  0.65836942083401229  0.66609381872353879  0.67448392373763155
  0.68298026594429362  0.69042672021402007  0.69702850152124884  0.70342046869958974
  0.70982612994257410  0.71849750265455226  0.72618631461814187  0.73370523116240816
  0.74178217445575167  0.74918671842082107  0.75804629981659322  0.76854871875530184
  0.77958004719789109  0.79105282281398459  0.80522895186804755  0.81913932172687365
  0.82910210413597096  0.83757405424542608  0.84617916381706082  0.85601978078272201
  0.86847763972046210  0.88118908121267059  0.88896826588213762  0.89589589039361828
  0.90261693519097319  0.90967096097647504  0.91769191860213462  0.92558221267312191
  0.93160502980767923  0.93832048839995452  0.94925922579223887  0.96273566150422230
  0.97417672137720013  0.98327761408912839  0.99154959349179717  1.00000000000000000
 -0.03904931538584684  0.17862166986547517  0.21805335329989814  0.24256471274988012
  0.26237514301883436  0.27676470733440312  0.28709402657729088  0.29511800532469573
  0.30179247517494390  0.30895487429542329  0.31668153789910453  0.32627288870877741
  0.33622665151856501  0.34482918117784789  0.35193326532245123  0.35792381256267342
  0.36326513415482020  0.36835875275710489  0.37355525079015983  0.37973487125456695
  0.38676921807928388  0.39475507809711241  0.40321532993516490  0.41070281859278257
  0.41655348887545118  0.42170046688335605  0.42656023335053317  0.43137682379270648
  0.43641897432638410  0.44176240457635130  0.44759403866024677  0.45379849139347450
  0.45979104775548302  0.46548351283677797  0.47085668584100426  0.47610200438241729
  0.48129678995313635  0.48648663676137005  0.49195441457125677  0.49740300631334666
  0.50269376353047313  0.50760378271195794  0.51202084549299764  0.51638366919800960
  0.52091070623104008  0.52571455822470325  0.53114526937108986  0.53709181946477780
  0.54263603266481730  0.54663407768869199  0.54921111885672746  0.55110139703241423
  0.55291039898169814  0.55480639307887392  0.55720795374493037  0.55965778110117514
  0.56251047066840221  0.56519800344202631  0.56726499861434276  0.56923187523205043
  0.57207972578701372  0.57584274863689877  0.57970841830346442  0.58425955054970391
  0.58896937184038234  0.59368355479911017  0.59834848452890088  0.60316839407219369
  0.60672766772455045  0.61081406730259169  0.61552723760490302  0.62071708129342096
  0.62599344617871067  0.63140712738529992  0.63626522368959315  0.64044354457694952
  0.64430487487718746  0.64932917604277873  0.65545344088175606  0.66125145790690265
  0.66566241188134823  0.66971368188692837  0.67398456580149602  0.67838033887512361
  0.68202377109841139  0.68605233796349463  0.69165229065720302  0.69847060830665553
  0.70427462799809171  0.71091859018341064  0.71888584843459091  0.73036115495125808
  0.75165090903999399  0.78162479059166556  0.82830137827095485  1.00000000000000000
 -0.00371862202168030  0.01299756099689287  0.02810428292087803  0.03949902386605716
  0.04801535138309899  0.05572308113633111  0.06192753338688468  0.06901193559759994
  0.07827032461974028  0.08735986685200957  0.09475227711126052  0.10282219779575968
  0.11686960759889621  0.12949772472374979  0.14078006342051144  0.15054725327111659
  0.15958155549300268  0.16917622809431104  0.17912892322101701  0.19010759570835134
  0.20117066518431384  0.21063868914751019  0.22400456749570885  0.23600832746120193
  0.24844012410636654  0.26136091219806901  0.27286440262182649  0.28389009982986035
  0.29426495288004656  0.30613783310924714  0.31806938741205887  0.32822562958324536
  0.33633310096631081  0.34386307463851751  0.35145881321815542  0.35990028195979679
  0.37108419140901355  0.38307233814282243  0.39347577174851489  0.40460141382605413
  0.41675814813521056  0.42761905537582301  0.44187061145390272  0.45451027853893844
  0.46429665920303043  0.47102638959653703  0.47580960289461233  0.48173425320972935
  0.48812341409904936  0.49261152230030181  0.49774318083275393  0.50654517293783530
  0.51562248708793657  0.52308829094727827  0.53232073675742497  0.54270386023097095
  0.55438299987864248  0.56585488089958746  0.57704846732771331  0.58752698567304262
  0.59719755506138839  0.60659784878317791  0.61624356758086929  0.62849061032657649
  0.64186617939306601  0.65593172593076865  0.67105055126646618  0.68529582144492618
  0.69743030929686423  0.71028709416414015  0.72389505998661863  0.73785139731265870
  0.75161256236199692  0.76518277667774692  0.77656043715977496  0.78833617613866114
  0.80111411668067045  0.81305223404768334  0.82304244063490761  0.83124614375604666
  0.83944488907594739  0.84634223429477795  0.85273271295950903  0.85891761049365689
  0.86877884991044962  0.87973961974673420  0.89042766748956992  0.90039127333767732
  0.90979330821219673  0.91997497642237591  0.93252775557404344  0.94578619694956512
  0.95988049397638753  0.97373168673480570  0.98713384520460945  1.00000000000000000
  0.11407582455992721  0.62996653328044228  0.73708022700289677  0.78098225565933732
  0.80887121198784551  0.83127122727664327  0.84873503333908118  0.86069846772317571
  0.86997859768056907  0.87720204312074490  0.88336707814900528  0.88852632241311547
  0.89248844843421427  0.89609230577609089  0.90009076268874322  0.90475476669735122
  0.90938101377279834  0.91325892857606628  0.91644729788854629  0.91923553947943071
  0.92196169163574271  0.92480344568661899  0.92725647498770103  0.92915525547277589
  0.93117743711325696  0.93324041403009117  0.93544570043760111  0.93773966666453412
  0.94010494682359202  0.94240743822846829  0.94457167806104725  0.94654642693255697
  0.94836339715378448  0.95009373889204962  0.95180634968832778  0.95346047979726212
  0.95512440311200986  0.95684064113447564  0.95826326639146320  0.95910861230918942
  0.96010830131389902  0.96126443359109093  0.96234234681617692  0.96336179043960435
  0.96464051037789589  0.96576586249470631  0.96685332485698383  0.96802239491774800
  0.96930122776666094  0.97060516019425924  0.97201371384150392  0.97330520507549689
  0.97459105581693328  0.97554729390830364  0.97612803807850590  0.97659864234780369
  0.97715871647410990  0.97780665380630449  0.97843251569980894  0.97891986358160277
  0.97938716203417908  0.97982311348832629  0.98039662869954891  0.98122270479487272
  0.98205371944374031  0.98277326411767474  0.98345174893681575  0.98417209670754746
  0.98485987568158118  0.98550428728367001  0.98612376577701444  0.98672788127139177
  0.98733326914002228  0.98795098646200230  0.98851490260096875  0.98910454960707483
  0.98967345039702770  0.99022907455582920  0.99078431855399829  0.99135329322881016
  0.99192589028742839  0.99237004415361274  0.99271386792809357  0.99308811559443289
  0.99347373513799608  0.99386632887000992  0.99425893601374526  0.99477547039579417
  0.99526921354496467  0.99577236022686710  0.99629693997719138  0.99686330212986196
  0.99753161398666046  0.99828682645118094  0.99912547745152658  1.00000000000000000
 -0.02712878274053487  0.12248296200948680  0.16297783450516923  0.18713357261430563
  0.20451022741783323  0.22014213283967993  0.23646188217401654  0.25180632150304655
  0.26203819899626901  0.27013345150738782  0.27776108347756884  0.28521247594638421
  0.29350188451019438  0.30216925332359323  0.31144565801032831  0.31877313886353648
  0.32588022526278659  0.33310499286401951  0.34134089871074869  0.35076265678667407
  0.35844599786813364  0.36386985189307630  0.36929007681580633  0.37423095395479700
  0.37962124999840946  0.38580725806593202  0.39250268131799521  0.39849225115233139
  0.40356044157659504  0.40762332057920880  0.41133519238240113  0.41510358192162966
  0.41877334280335893  0.42563307545932544  0.43175203150682084  0.43798620083732220
  0.44410080081917241  0.44992740339763160  0.45375587081921798  0.45745537110954548
  0.46084116792932617  0.46429744478071044  0.46798821832085630  0.47254898385287947
  0.47805981305904860  0.48388267597763163  0.48949681027569358  0.49415797075590179
  0.49844674508244802  0.50282537905480518  0.50799010995416982  0.51389089541586908
  0.51957196408173012  0.52485866318762231  0.53054103627982219  0.53572651344741440
  0.54166056686260833  0.54774481057629310  0.55303135818482185  0.56001739016214980
  0.56711249170081679  0.57493210369802716  0.57922575152600120  0.58360335154638310
  0.58700354057444337  0.59063665158350909  0.59463094764303859  0.59837628948428945
  0.60175128198378991  0.60823097970574036  0.61619328996856038  0.62406660252266155
  0.63031575369926141  0.63561257112796388  0.64179046227093628  0.64750712132940635
  0.65326849140203169  0.66370157069496205  0.67201235035211215  0.68004844035523415
  0.68833571717499997  0.69741216684506946  0.70830678463602725  0.72028942746644509
  0.73104681373883373  0.73980859518872988  0.75011843644168585  0.76414099187036633
  0.78178855337358344  0.79560126836837253  0.80531874956394656  0.81450945831586263
  0.82647625448453399  0.84171729345843338  0.87535723537273313  1.00000000000000000
   2.0360806185612238E-015  -1.0000000000000000     
 F F F F F F F F F F F F F F F F F F F F F F F F F F F F F F F F F F F F F F F F F F F F F F F F F F F F F F F F F F F F F F F F F F F F F F F F F F F F F F F F F F F F F F F F F F F F F F F F F F F F F F F F F F F F F F F F F F F F F F F F F F F F F F F F F F F F F F F F F F F F F F F F F F F F F F F F F F F F F F F F F F F F F F F F F F F F F F F F F F F F F F F F F F F F F F F F F F F F F F F F F F F F F F F F F F F F F F F F F F F F F F F F F F F F F F F F F F F F F F F F F F F F F F F F F F F F F F F F F F F F F F F F F F F F F F F F F F F F F F F F F F F F F F F F F F F F F F F F F F F F F F F F F F F F F F F F F F F F F F F F F F F F F F F F F F F F F F F F F F F F F F F F F F F F F F F F F F F F F F F F F F F F F F F F F F F F F F F F F F F F F F F F F F F F F F F F F F F F F F F F F F F F F F F F F F F F F F F F F F F F F F F F F F F F F F F F F F F F F F F F F F F F F F F F F F F F F F F F F F F F F F F F F F F F F F F F F F F F F F F F F F F F F F F F F F F F F F F F F F F F F F F F F F F F F F F F
  <DiscreteSampler_grid>
  grouped_processes
  1 # 1 for a reference and 2 for a running grid.
  10 # Attribute 'min_bin_probing_points' of the grid.
  1 # Attribute 'grid_mode' of the grid. 1=='default',2=='initialization'
  0.0000000000000000 # Attribute 'small_contrib_threshold' of the grid.
  0.5000000000000000 # Attribute 'damping_power' of the grid.
 # binID   n_entries weight   weight_sqr   abs_weight
    10   10   8.094018771413327E-004   5.328692796383473E-006   8.094018771413327E-004
    16   10   8.083897181963270E-004   5.313382200390653E-006   8.083897181963270E-004
  </DiscreteSampler_grid>
