  0.00203399983355192  0.01713613858191831  0.03177449838542756  0.04553526891683057
  0.05783963620958403  0.07058893681392388  0.08271060396353562  0.09544915039431764
  0.10784898514514565  0.11953500785523756  0.13128092407087708  0.14315517102125283
  0.15594461972195711  0.16786852533753466  0.17832899514089059  0.18854694278639669
  0.19877101805211631  0.20857054809419398  0.21842699087141296  0.22911445374862646
  0.24081162171533874  0.25229259903065232  0.26336363910339239  0.27579135692284384
  0.28799208120511333  0.29982715443870483  0.31049239163881365  0.32051794441189679
  0.33037673488315467  0.34058403197609793  0.35104173090361784  0.36129294452026822
  0.37173358756218411  0.38264525809437344  0.39385128172425526  0.40493619149416671
  0.41579147813093509  0.42691373336565447  0.43816526147006224  0.44881324553880242
  0.45857812033737605  0.46787934645541285  0.47755366998871107  0.48772527716959974
  0.49781607197540256  0.50771085078636813  0.51749464686093138  0.52738791302138943
  0.53761656735067043  0.54847284836145127  0.55951544286648014  0.57027732928758046
  0.58046772916013911  0.59024156170020814  0.59990454769493862  0.60961721493319676
  0.61907706270885177  0.62848340079574228  0.63834985475450867  0.64890153557231411
  0.66036081971553084  0.67139968803468042  0.68196341140642469  0.69217603771575664
  0.70111273946936603  0.71003178808761480  0.71885674150602374  0.72707952966532852
  0.73535758253199801  0.74390700400638221  0.75353616162010695  0.76390475274982428
  0.77423041665630876  0.78440439530669392  0.79461006353592545  0.80491920094852099
  0.81517029152120146  0.82479289974834802  0.83421274788900801  0.84386685968465736
  0.85424810964570197  0.86532233559060190  0.87675743853855559  0.88834893690386474
  0.89968354921072413  0.91037892277727694  0.92084797651706252  0.93129876412260226
  0.94214326814661642  0.95327074633989117  0.96353553188497132  0.97246448545509090
  0.97996260630373322  0.98661777403194795  0.99232663803865895  1.00000000000000000
  0.00930156589681756  0.01642389568931373  0.02611041358146927  0.03566650416319382
  0.04578171606758774  0.05717071963781183  0.06966433826442052  0.08276116014920454
  0.09415991011563406  0.10457159810478354  0.11423030448066346  0.12361863199604620
  0.13255560845270067  0.14217034272478757  0.15244193075010287  0.16275411791531980
  0.17260873586836503  0.18256465600627503  0.19321067205325343  0.20455918230772721
  0.21575130436945711  0.22637540516855242  0.23664559321907871  0.24703299846168025
  0.25823202253462640  0.26958841936439065  0.28073782806280562  0.29170861666617404
  0.30286739968504733  0.31411522793853264  0.32561652464638258  0.33704008530906387
  0.34841668933220099  0.35980595110990821  0.37100997645278860  0.38209976355299041
  0.39343135258019873  0.40495944554760066  0.41618466826576134  0.42672970477447925
  0.43742021640020079  0.44814685077379435  0.45922414992779464  0.47090094684758793
  0.48220424754702207  0.49314275413030773  0.50325140282380076  0.51228423584771288
  0.52139281706304419  0.53037149454481669  0.53972051358397710  0.54916701109919297
  0.55793914718835314  0.56732871650991490  0.57759708466577542  0.58795407827990187
  0.59925241701236709  0.60966883887015944  0.61930013364393455  0.62925248555817559
  0.63818630143896327  0.64717166852832697  0.65638204878419015  0.66567918052718733
  0.67533584120158674  0.68494258841805777  0.69595954718139430  0.70760945501563655
  0.71883960057433038  0.72957318429152296  0.74052863339194985  0.75149660181794231
  0.76280842078041766  0.77381395072055970  0.78385576176764882  0.79319957602041058
  0.80236755536053705  0.81214889072870544  0.82197761821513482  0.83191787255030425
  0.84271020308858946  0.85368494009564910  0.86390800565691972  0.87431053216838828
  0.88440570535250007  0.89423331946961127  0.90388983316433091  0.91314375814649773
  0.92219417571235529  0.93113723335614651  0.94072581773142117  0.95173070043923014
  0.96429988928429755  0.97668506903733732  0.98849202045009565  1.00000000000000000
  0.00092834289078566  0.02049464284496199  0.03690047214137586  0.04901516896378638
  0.05902444284693054  0.06876926640088613  0.07880707487736817  0.08964493910826932
  0.09983957072555330  0.11016921855391199  0.12139989804181628  0.13287429094355765
  0.14450384361373556  0.15594418262229737  0.16713562477210919  0.17813457210674236
  0.18872658519785507  0.19924294155441918  0.20981854121066382  0.22041837999271058
  0.23061406932306769  0.24045738862100313  0.25044451896094733  0.26060735966339904
  0.27117446295911041  0.28212137110096869  0.29312231416447282  0.30314531803502737
  0.31290961745420509  0.32288686094705271  0.33298817740572118  0.34263572849711105
  0.35218519336194709  0.36224750564648051  0.37250131844355500  0.38215414152017624
  0.39158257998613888  0.40247974181931767  0.41410222844342776  0.42640556426678450
  0.43806392125340438  0.44911526686409403  0.45955303696333349  0.46979199031309110
  0.48005514262347876  0.49051823963487501  0.50136389258168756  0.51284763739150374
  0.52487276787295090  0.53729105251121745  0.54937019539403398  0.56099092161146014
  0.57247083652768660  0.58346607619179469  0.59417505457352848  0.60420059619636202
  0.61373691900907168  0.62317342377702156  0.63316317744409922  0.64336440532491679
  0.65309526039196497  0.66236053995167288  0.67196859280850330  0.68153612288737375
  0.69048320987360479  0.69975568545186351  0.71009888447816683  0.72125484213389823
  0.73206017627000330  0.74234451875168361  0.75269316266512132  0.76346838828295294
  0.77455079911894309  0.78539120916820993  0.79575296543254059  0.80576069740619072
  0.81562090151892686  0.82537158167990432  0.83494313532937203  0.84521609686246124
  0.85572055547190173  0.86536743965025908  0.87473145885118120  0.88420363499398347
  0.89403344908781945  0.90364554824958743  0.91289324247680625  0.92260450864897370
  0.93281812931110142  0.94319569847153706  0.95333509091264257  0.96305842962143751
  0.97302865742890132  0.98235032309595904  0.99114116543468589  1.00000000000000000
  0.00000325669320819  0.00000358242015665  0.00000378565821723  0.00000390448232972
  0.00000406090135902  0.00000422286940394  0.00000438244134627  0.00000453581217517
  0.00000467448140760  0.00000480998193174  0.00000494668905949  0.00000509009387217
  0.00000526016799609  0.00000543586971692  0.00000561271349872  0.00000579213396426
  0.00000597402259758  0.00000616584619468  0.00000642414957028  0.00000667599569066
  0.00000692649820666  0.00000717274299229  0.00000740825669383  0.00000762386732630
  0.00000785845158958  0.00000810301317936  0.00000835833074839  0.00000860308779163
  0.00000883310859304  0.00000905503105193  0.00000927895116214  0.00000951358928014
  0.00000976107076553  0.00001001425345282  0.00001029459117195  0.00001061383575690
  0.00001094660506041  0.00001127520221765  0.00001158345919649  0.00001187178725739
  0.00001216179570402  0.00001247438499545  0.00001282856944574  0.00001318468737262
  0.00001356169764016  0.00001394332610547  0.00001433685038421  0.00001472341272438
  0.00001511986512188  0.00001552732279519  0.00001594807929005  0.00001637998228903
  0.00001683540256241  0.00001734384061573  0.00001785459276401  0.00001839643849145
  0.00001898476642970  0.00001960385991101  0.00002022980628733  0.00002088046077074
  0.00002159190930436  0.00002238133008906  0.00002320696037033  0.00002408254894947
  0.00002504043937971  0.00002609832181827  0.00002724499036820  0.00002854810412525
  0.00002994391464934  0.00003152236949737  0.00003328241736895  0.00003523716774224
  0.00003750507950501  0.00004009063432334  0.00004302277300351  0.00004638117034998
  0.00005033929208228  0.00005502519607001  0.00006082092670600  0.00006826055452427
  0.00007868293004071  0.00009405201152051  0.00011502453143180  0.00014426992607491
  0.00018798569596147  0.00026064463346976  0.00039266851208930  0.00062380714249767
  0.00110069781724147  0.00192864207814613  0.00370831211682697  0.00631032391301670
  0.01840717857167402  0.09062599649531941  0.71578674949608134  1.00000000000000000
  0.00000242676266698  0.00000309022912709  0.00000350440773179  0.00000390134470520
  0.00000431048278426  0.00000477727657612  0.00000529922806544  0.00000585330421180
  0.00000640564020463  0.00000694663354295  0.00000745210948292  0.00000793021071969
  0.00000841006433685  0.00000887558982300  0.00000934865922204  0.00000984128693978
  0.00001035047171478  0.00001089961703935  0.00001143831815495  0.00001195226375879
  0.00001253316065476  0.00001313224040888  0.00001372774926370  0.00001431602815966
  0.00001493633316321  0.00001554289735899  0.00001622773564315  0.00001696867876567
  0.00001775747908945  0.00001857577743522  0.00001943008358108  0.00002030103109504
  0.00002118845456845  0.00002212927807922  0.00002310329737707  0.00002407657823030
  0.00002502787116138  0.00002605165561545  0.00002709537084376  0.00002817334044191
  0.00002929070730504  0.00003042784826558  0.00003159492249341  0.00003280706966042
  0.00003405890462471  0.00003539468262503  0.00003688670521786  0.00003850417910149
  0.00004015190658535  0.00004197383987468  0.00004376725945015  0.00004575869521617
  0.00004802329208220  0.00005048002901915  0.00005307073712127  0.00005582612859528
  0.00005883970816728  0.00006213341622764  0.00006572606951335  0.00006992199801815
  0.00007498512224934  0.00008090490716296  0.00008766229060026  0.00009538751499536
  0.00010393395142116  0.00011371504604486  0.00012448095415656  0.00013629503503369
  0.00014940688664531  0.00016420483393068  0.00018116458748101  0.00020062837452666
  0.00022297825578388  0.00025053495941323  0.00028332413619936  0.00032472653059087
  0.00037425586913775  0.00043568984027503  0.00051626592631914  0.00062033822671481
  0.00075057234341384  0.00091465720609020  0.00114006209177782  0.00145978696128375
  0.00186553837901239  0.00239091533908194  0.00316668497327200  0.00412613587454254
  0.00524351697330223  0.00672787414202224  0.00888750243240100  0.01209234623597360
  0.01602368221865682  0.02152453843956282  0.30048482231458390  1.00000000000000000
 -0.00219895190855156  0.00732170699877811  0.01633237210994391  0.02536199298831214
  0.03424188912517116  0.04254270228421479  0.05061401738135235  0.05880886222797901
  0.06785506443714016  0.07719871218846015  0.08670051607169989  0.09640612298876777
  0.10677311800168285  0.11770111488526659  0.12789814615407649  0.13731853161354360
  0.14676256369205190  0.15621653315751580  0.16533104808405605  0.17412948266295866
  0.18292960514004980  0.19404763467439964  0.20574520923808909  0.21711320229849826
  0.22842081272250492  0.23989456788545147  0.25176166860367521  0.26358063855176556
  0.27531971222483076  0.28739562522576928  0.30023409336132778  0.31387365753631369
  0.32741389431286239  0.33985513901695508  0.35136450871012875  0.36255162111859035
  0.37410321430362714  0.38608036323815476  0.39846227766890258  0.41089908044432172
  0.42306627661456048  0.43531420780430691  0.44776802202488941  0.46014945923818590
  0.47219422920144977  0.48423314911234222  0.49620256676727037  0.50866732503573842
  0.52134343843851472  0.53338514123740910  0.54536292082877436  0.55733897192523907
  0.56880085116959278  0.57961764908729452  0.59082550074479956  0.60183779626979250
  0.61221953355817893  0.62252864768620775  0.63312410899321447  0.64311058003253518
  0.65309712289119037  0.66313916112979798  0.67385023255867471  0.68524537940369268
  0.69671792925820375  0.70818915079642453  0.72023588427117247  0.73236028445210544
  0.74430530251993643  0.75587300232690124  0.76706820874298964  0.77784012357838139
  0.78804180686994219  0.79793024245401822  0.80753118722869788  0.81704057885597403
  0.82663280729523170  0.83682198813933506  0.84707164441524729  0.85648444492032938
  0.86528678324407060  0.87410439989215449  0.88340476603324691  0.89301650696772417
  0.90216642491470156  0.91107228382046979  0.92035866241049769  0.92991116908461102
  0.93925066853362937  0.94795384147988571  0.95627969533738544  0.96474397482683172
  0.97369970122078509  0.98291377453289974  0.99142572327019862  1.00000000000000000
 -0.00261247208748748  0.00960041665524037  0.02052019800512078  0.03158919896919226
  0.04265508121825746  0.05282358712198795  0.06276223846181213  0.07279355305087118
  0.08383130368922158  0.09529246418154858  0.10769161965621822  0.11990963464261029
  0.13185752259873779  0.14338811942799171  0.15427121866046151  0.16479224516800084
  0.17524134088148841  0.18631216276933202  0.19770223681808546  0.20866064316707619
  0.21874123848119126  0.22865271879393673  0.23838899205798697  0.24794465472619936
  0.25751793497779485  0.26754223442868003  0.27888551745188578  0.29030177186152273
  0.30039581442646368  0.31053374053385452  0.32097642318197178  0.33124321810016266
  0.34101870710791093  0.35049744524988818  0.36014819340527360  0.37009389343958521
  0.38098407839794196  0.39307869852217298  0.40446115901404706  0.41546623197031080
  0.42647882278088273  0.43711031717193644  0.44642601853375041  0.45518009857101599
  0.46421898933721084  0.47409067734944649  0.48352703075168763  0.49267589512077370
  0.50194313763062881  0.51230071553184242  0.52280528774988189  0.53399776513359032
  0.54500312984170163  0.55549913494831238  0.56530282089554373  0.57497358470174631
  0.58482444330379968  0.59536818493341770  0.60622470809086670  0.61731271608006977
  0.62826306567211643  0.63935849171410153  0.65071139180168125  0.66261666198727309
  0.67365680450885246  0.68421402141681587  0.69422531573353485  0.70344617821585209
  0.71257813396907088  0.72140422427614503  0.73068651885994973  0.74035686614947505
  0.74995327330063810  0.76085863371318974  0.77283669774386576  0.78466677345573321
  0.79585868074789556  0.80664292367171442  0.81677627412923925  0.82681016803015217
  0.83707133257503497  0.84730222406282074  0.85758225416672207  0.86755356201015454
  0.87745472108051259  0.88793091874269381  0.89905121410680111  0.91031390776429744
  0.92099332444632287  0.93177334810849610  0.94317004061298804  0.95613690199787271
  0.96790129821562099  0.97886692122069041  0.98947072751248522  1.00000000000000000
 -0.00259854312176026  0.00909506748028991  0.01918570703866808  0.02881546874072078
  0.03867472116666266  0.04917431751806346  0.06015379514797371  0.07093400206799086
  0.08087527303032152  0.09137175864649168  0.10179364830396814  0.11246189951349905
  0.12292315110266372  0.13360410763636343  0.14453835006111165  0.15602102653291319
  0.16699839339066536  0.17741845128827788  0.18709322346600982  0.19586351725003012
  0.20601592215259101  0.21592654506353048  0.22577480434972186  0.23519571019076557
  0.24450034324866274  0.25452398321474901  0.26544832720900929  0.27658602709755659
  0.28741111420996102  0.29771988193502474  0.30797843189857921  0.31858574494966529
  0.32933334588422641  0.33966183692023139  0.34995175718051047  0.36120969987905305
  0.37308072926209890  0.38451751913024851  0.39530410678276307  0.40568430647828180
  0.41632339263642482  0.42734893379704397  0.43846087805629258  0.44899663339464208
  0.45949335534637020  0.46990195226011383  0.48086704427580684  0.49203817586591569
  0.50287621678358685  0.51383004823935563  0.52389433818160491  0.53484829716288917
  0.54554810149288813  0.55768829427068489  0.56891585921921428  0.58076401541115286
  0.59180192723035629  0.60246487383858616  0.61263088820679701  0.62298111223816899
  0.63377099602192744  0.64461487844018994  0.65506829202353789  0.66547412180884713
  0.67665771933809071  0.68809561426518617  0.69956526926256302  0.71074513468355349
  0.72144611234290823  0.73187051638530676  0.74225297188791384  0.75241432779339379
  0.76226351715443585  0.77217919026039650  0.78169325422553626  0.79129092340815232
  0.80111691849175204  0.81073952234709867  0.82011144727230501  0.82950014532912020
  0.83896993650823204  0.84903704286313830  0.85963375374209317  0.87047857989866695
  0.88118888025714959  0.89162130975551002  0.90264598902125182  0.91375935424030941
  0.92469297827347963  0.93514980465431674  0.94560341270157033  0.95640831174166707
  0.96698814679857314  0.97796969986219562  0.98859033274256702  1.00000000000000000
 -0.00269991224120653  0.01003720724457167  0.02200412672916678  0.03386008198090109
  0.04559567300462637  0.05714465584406319  0.06837530884456307  0.07939878652690355
  0.09083868988811461  0.10192920356306608  0.11232331079250370  0.12240176185329379
  0.13283762372232333  0.14376006137295505  0.15481143808392919  0.16612993493938610
  0.17721589625646036  0.18813422668615648  0.19935165242770350  0.20972231333470084
  0.21950110521591576  0.22921983702748236  0.23848734105759448  0.24782641161372765
  0.25696172387712168  0.26619962309162948  0.27629950858711833  0.28877040221279904
  0.30121002869246155  0.31281720873325730  0.32339305973722321  0.33382767242570432
  0.34467019250257608  0.35511129268053704  0.36516713398093459  0.37486920851993588
  0.38548266176373502  0.39618299629488146  0.40746621584990461  0.41889171491852817
  0.43079508892404533  0.44116058812139758  0.44985000993719865  0.45867189479818798
  0.46778743861880417  0.47755146006784943  0.48723938740801698  0.49647319311919652
  0.50627781791173265  0.51672899524460958  0.52743015182956099  0.53787657204788364
  0.54800787187470901  0.55801121738871751  0.56863805737964912  0.57971922133518117
  0.59044421144084702  0.60081606275666166  0.61127014476990582  0.62257166570699374
  0.63412727845666383  0.64618222609293918  0.65786793398483323  0.66882138434879490
  0.67931291712843955  0.68911051568838599  0.69913096893146109  0.70930220048903769
  0.72021441932814578  0.73065546571832418  0.74063063224520365  0.75096816457153559
  0.76115397442907307  0.77181674282292323  0.78142104702112702  0.79116568942663579
  0.80114348551725711  0.81205829458427226  0.82331017072849366  0.83409609381532523
  0.84438128154937842  0.85482306245257100  0.86617597907711508  0.87756242642873716
  0.88951058509453318  0.90064964058477659  0.91101506823943290  0.92122810171612657
  0.93090377122647694  0.94103387304041675  0.95024932387405558  0.95998886384774285
  0.97017782137608999  0.98024543863732461  0.99030562557244672  1.00000000000000000
 -0.00149332916770983  0.00595750375921301  0.01348437185601155  0.02137673437027073
  0.03013436494616968  0.03907142226859738  0.04788111047441997  0.05661726912320685
  0.06500191824375541  0.07305893485486001  0.08132927056455483  0.09019635372577942
  0.09920700045026402  0.10819328680802662  0.11755663921553627  0.12732099857576670
  0.13707459639358821  0.14700384816422335  0.15711240602689353  0.16750993089613836
  0.17834309532570414  0.18958895020078520  0.20121840919974729  0.21305864802405836
  0.22456319566719093  0.23489284489178844  0.24449775921122921  0.25414758548850191
  0.26381013099921852  0.27269133773826992  0.28131253497532471  0.29049198991568792
  0.30143284975204065  0.31329658113362263  0.32488369994075905  0.33624211447939173
  0.34848152884329919  0.36162388634480930  0.37536556368637869  0.38911009502340155
  0.40228332323957949  0.41501349945810356  0.42734694689129804  0.43985676719899558
  0.45278373885570339  0.46595333124403188  0.47890829035308080  0.49124814702336445
  0.50365738206632249  0.51673733705436886  0.52988153543187821  0.54303017491171923
  0.55638755704757048  0.56962217578049268  0.58257980616850047  0.59525087313802927
  0.60767972482169519  0.61992033990600970  0.63211799294788862  0.64385776120632576
  0.65576946345682929  0.66823571495204692  0.68061129523407660  0.69227961537070026
  0.70329077229178572  0.71435842627813051  0.72527153465011340  0.73575573842119402
  0.74547480943484679  0.75516521107499757  0.76572053315304156  0.77658882459002354
  0.78715506307835115  0.79759890354988938  0.80827676646441005  0.81863253238678413
  0.82858229827299767  0.83831457439842094  0.84779612399257864  0.85714249625293293
  0.86605383827905880  0.87484347695654396  0.88379199061639813  0.89289192696486885
  0.90222255727148704  0.91163229321540551  0.92075517952608232  0.92961208236185278
  0.93847263429622552  0.94724445761891918  0.95577343971687112  0.96411766064534821
  0.97250584692653885  0.98114756077588572  0.99045319678309096  1.00000000000000000
 -0.00242008625879673  0.00986127682209123  0.02022044127980738  0.03098042798999662
  0.04168847572555784  0.05271740155664043  0.06391847775991805  0.07488946040660345
  0.08678456433526904  0.09904177991850607  0.11089191040569865  0.12162479583457204
  0.13157660662154930  0.14127554790789909  0.15135636028178764  0.16157276475477553
  0.17119867997867069  0.18071852491271176  0.19048658652941547  0.20097180878402579
  0.21187402463365243  0.22366382163336734  0.23562847319004279  0.24636939008046113
  0.25719272389006842  0.26791981002172638  0.27722918853890000  0.28568319691189437
  0.29408045439771974  0.30193417350051349  0.30986184948079731  0.31886523437857534
  0.32870914887784891  0.33912417766256958  0.35025972531896055  0.36094516385290176
  0.37088814226220035  0.38043990691552948  0.38952582916387180  0.39892611392315397
  0.40869139387008319  0.41918590970280240  0.42999035408219921  0.44075782971162769
  0.45157808514068309  0.46281531624364081  0.47408512385754858  0.48553950189571193
  0.49724060615209409  0.50841883249807707  0.51871904898835219  0.52880267568429506
  0.53868010376111897  0.54789746861578259  0.55695917348917401  0.56659343921681682
  0.57704165626713855  0.58790179498070549  0.59894139919239175  0.61048156382387464
  0.62210901290182463  0.63376222086054690  0.64556738969548377  0.65729941802103775
  0.66894448556917330  0.68024451137298758  0.69161935161264831  0.70331115764285590
  0.71487358965562187  0.72650447529813145  0.73740642230734965  0.74760160609529447
  0.75756355334780301  0.76745600931069780  0.77723532716380273  0.78709758983693134
  0.79741085197529971  0.80818010588226807  0.81898379356596029  0.82964431121636839
  0.84054031934741114  0.85167011991583741  0.86281529515137156  0.87372560939290733
  0.88390684668609742  0.89423257489365293  0.90447937712863669  0.91471588963074746
  0.92532539153292204  0.93563386824488959  0.94608298564730253  0.95661476359861530
  0.96732578244187972  0.97807701208930720  0.98895529214599542  1.00000000000000000
 -0.00264072862720994  0.01026095487177245  0.02061470118552657  0.03113432898457887
  0.04164440813915300  0.05223431435136405  0.06305942090571859  0.07368710861031988
  0.08365326378105889  0.09343875438637750  0.10261481023895512  0.11191333473768081
  0.12133844900863622  0.13121970842307573  0.14124105382983848  0.15110155847991605
  0.16098529703548964  0.17156532565274718  0.18237848852922189  0.19260376849219232
  0.20206874363693697  0.21204878896802165  0.22327318072812841  0.23411908830766640
  0.24336469827936938  0.25327101451034112  0.26440970618796550  0.27559268092962563
  0.28579376695006969  0.29619567061451058  0.30730675434068960  0.31854461419777963
  0.32924116911606849  0.33949658272131455  0.34983523733941208  0.36045345487444780
  0.37163190505287041  0.38345847273123557  0.39486010992274462  0.40469468517654977
  0.41399011793826801  0.42384646638833667  0.43393096100689832  0.44390411458574103
  0.45328532600914118  0.46368384543552749  0.47565577581240587  0.48759664948843451
  0.49919930390656925  0.51007910945733925  0.52090992404896619  0.53099108145429463
  0.54091900765794354  0.55093806007866963  0.56189175967426286  0.57428824830850134
  0.58684955564575103  0.59898113136114317  0.61063072572694987  0.62203391009448361
  0.63342369023757639  0.64448927172530124  0.65551767084499046  0.66540019531502248
  0.67469623836550841  0.68378451464209544  0.69370229995890775  0.70442311316642836
  0.71549987778953239  0.72670774501867286  0.73815790075258925  0.74949162656870583
  0.76010647442789481  0.77011201089853321  0.78013434007987459  0.79028894971984709
  0.80070696759231375  0.81096905909422612  0.82130452572648949  0.83153195387495926
  0.84160201073563268  0.85190856671152404  0.86193537108874430  0.87162335043324901
  0.88129408590657154  0.89202308389069729  0.90287775868081210  0.91389918280303173
  0.92398777715810188  0.93383456939476817  0.94336506262601194  0.95298064006968053
  0.96345491534415095  0.97598984542729816  0.98786038866134396  1.00000000000000000
  0.00003498880196763  0.00039336888395300  0.00074072081805732  0.00103559131370065
  0.00130485595232583  0.00154031849493558  0.00178341749762124  0.00203161345282999
  0.00228665229674516  0.00255153175305848  0.00283086814931893  0.00312237850362948
  0.00341858715410135  0.00372871693588762  0.00404595647348706  0.00437161081562519
  0.00471002766629189  0.00506779485355845  0.00542711271424379  0.00579177628577943
  0.00617192190741995  0.00656919074875359  0.00698420540895369  0.00742203293835452
  0.00789664608726283  0.00836009810027719  0.00881889603134391  0.00928592770836252
  0.00977802290083104  0.01030777514578245  0.01086188220894036  0.01143185713650609
  0.01200832034488320  0.01257848547883907  0.01314769679259914  0.01371792688362957
  0.01429882661753236  0.01491531405105930  0.01554591760381877  0.01619647093332638
  0.01689438082713611  0.01762373147716577  0.01839655948489170  0.01919211469156915
  0.02000742535059020  0.02084644507955685  0.02170325526240784  0.02254059670047695
  0.02339651927740203  0.02430372400479031  0.02524056663409811  0.02617709347780217
  0.02705646455788172  0.02791038821299129  0.02875627629206999  0.02955994066202990
  0.03029300736428382  0.03109493987371432  0.03194062582338664  0.03301845362184132
  0.03421805262889346  0.03553823687967361  0.03671260763131106  0.03769695334452008
  0.03877031476753883  0.03984132571999073  0.04109142153685658  0.04254338949883800
  0.04400505182596903  0.04554811954820365  0.04666083579183844  0.04782410832161647
  0.04918990708194841  0.05057676462091042  0.05237748212896415  0.05439851427583109
  0.05673346752716325  0.05899778904687961  0.06134206043783497  0.06359891777466750
  0.06558827111153781  0.06774748564448720  0.07032681335304963  0.07320288165836068
  0.07587775809685858  0.07918714257447608  0.08251073062128710  0.08690421246792721
  0.09415116924705727  0.10435709695900926  0.11413415603876126  0.12689503786945092
  0.13977379279444960  0.17188207697149477  0.80965031814537980  1.00000000000000000
 -0.00248157335895135  0.00871105588800653  0.01769981584326271  0.02609097488741526
  0.03422182639718928  0.04223046504774330  0.05136429736825688  0.06010413388757942
  0.06879285382219334  0.07719526777299708  0.08604969596234842  0.09532847084180020
  0.10484837425090482  0.11472134882600063  0.12463152046354277  0.13445395464728471
  0.14390654516606388  0.15258778976091941  0.16068857010177376  0.16886359690398436
  0.17754142949023016  0.18702866778506239  0.19708046952176766  0.20800218488731356
  0.21967107049421944  0.23102288692436823  0.24198633657291746  0.25279090354558686
  0.26360592034943642  0.27445692659969789  0.28514681144095866  0.29638565385459648
  0.30770953602126744  0.31819620311897484  0.32800096299865505  0.33799884297722799
  0.34809102236585254  0.35849968479300509  0.36845576069188601  0.37927511354930360
  0.39116686700670150  0.40396207454940380  0.41673551363578953  0.42965861556015739
  0.44267361559564222  0.45669544351727531  0.47039130682127195  0.48496595124009112
  0.49986121823117202  0.51367803779447307  0.52757241964470303  0.54215334271002091
  0.55600860980439781  0.56999379167035602  0.58440997670619188  0.59893962749766116
  0.61262222662862098  0.62458726845427814  0.63518674733497937  0.64571021202777013
  0.65635855380808461  0.66680861152453141  0.67723695120366056  0.68751155613454995
  0.69839447532386500  0.70843235501579238  0.71932001020889447  0.72955051374964119
  0.74002665321109373  0.75000622371667014  0.76021483770640630  0.77010753876692084
  0.77994864119587359  0.78984098169006245  0.79982797630254276  0.80994143991941225
  0.81999088673877762  0.83035342218410291  0.84131599929666645  0.85233604378504513
  0.86265407911103198  0.87220701909714604  0.88147138192597974  0.89072552473460931
  0.90004086905652703  0.90954493496864719  0.91876599257291525  0.92763132333151954
  0.93659740959691207  0.94571615214345917  0.95501876246777861  0.96422263951054721
  0.97314583025610957  0.98223762504333811  0.99118869893285066  1.00000000000000000
  0.00431432598577546  0.57976394783492624  0.65452119632117889  0.69699800213409258
  0.72621748727410596  0.74847400169859335  0.76662397914058200  0.78120762673321820
  0.79379276209808791  0.80495775883468035  0.81488168982153431  0.82359572954755422
  0.83163509935205249  0.83895897465301883  0.84573450741615275  0.85211713392123445
  0.85783789327509519  0.86302776337200238  0.86798335176802344  0.87279370359352593
  0.87706837243258418  0.88099277638363338  0.88490383466785649  0.88859799835158959
  0.89205888520308807  0.89527850423443700  0.89834300860548555  0.90132585258277276
  0.90431164270165343  0.90725977676421410  0.91014642908557097  0.91300498672601382
  0.91573313612349838  0.91831443294361415  0.92085056765850559  0.92332428366453656
  0.92570927085722987  0.92799931372948763  0.93020593395957130  0.93241537932970020
  0.93453472819475480  0.93654864922756353  0.93845523334896830  0.94026242859790188
  0.94198196608522355  0.94368057650976256  0.94532716707491815  0.94690991799911139
  0.94848645491112415  0.95005880188745107  0.95153590799907362  0.95299934301244849
  0.95444086530934857  0.95584378167501793  0.95722390422682890  0.95852441659602394
  0.95978170670533236  0.96107822318925318  0.96239172743690682  0.96367125022778832
  0.96493392281748913  0.96620191007337142  0.96738533734439636  0.96850850590781545
  0.96958278626062944  0.97063696486036632  0.97168583084582738  0.97274482907247617
  0.97383734007000944  0.97495121041316513  0.97605330143379987  0.97716220270168108
  0.97825489125781451  0.97929321877594255  0.98025345682603326  0.98115274433797828
  0.98202418742574116  0.98287470097841656  0.98368851903261090  0.98447891247870534
  0.98527821876143051  0.98606899217064281  0.98685317096227310  0.98763871688805172
  0.98845154517127820  0.98925375318350206  0.99003729833691834  0.99081769593009483
  0.99160840373847192  0.99241733596096182  0.99325892573249008  0.99415752963052195
  0.99517729992031534  0.99631518046589396  0.99783756564279125  1.00000000000000000
 -0.02301768457825393  0.11024089079281671  0.14544384186440446  0.16872709872301456
  0.18750467684741648  0.20307826767227705  0.21692525403503224  0.22956616323918055
  0.24099935761767682  0.25138161701403583  0.26119047591817585  0.27084055765189152
  0.28048809320310725  0.28973099613420589  0.29819755900447631  0.30595207248933876
  0.31346677145512764  0.32066011312617626  0.32780972599919689  0.33514440883393393
  0.34212589512065450  0.34900591885638205  0.35567502763106917  0.36206497110969171
  0.36816705383258325  0.37415128494311434  0.38031387358825075  0.38644478900026052
  0.39222215539589772  0.39777221623440523  0.40334235427224169  0.40910119982812554
  0.41506009497954222  0.42105799465447596  0.42701705384285449  0.43275472528678294
  0.43813644636463361  0.44326698952705718  0.44843020326652683  0.45358623068405429
  0.45874077948288083  0.46403287926449177  0.46960377254215230  0.47532892171834878
  0.48123706086359319  0.48721058203222012  0.49311496838933183  0.49893730358035393
  0.50471531653089474  0.51045378023417831  0.51615860304975114  0.52177688887302298
  0.52704245559331908  0.53211688225364728  0.53727464979000017  0.54225111151756289
  0.54725884561443616  0.55225564506304947  0.55738079552913933  0.56285728792748246
  0.56855737009120377  0.57422770402394996  0.57998371133142490  0.58581852806109613
  0.59210317644318111  0.59786972058101151  0.60319103301412613  0.60841561142021039
  0.61435892344435483  0.62039816145156190  0.62666494188554800  0.63285537281404269
  0.63922406666383402  0.64582892283888282  0.65276527525320038  0.66013383851089946
  0.66742783981635512  0.67415775606262240  0.68047800458578711  0.68699582061599707
  0.69416437114595242  0.70197636852654144  0.71020745726853174  0.71871849073381722
  0.72752587131066104  0.73680741089092117  0.74642503022015017  0.75652325739749493
  0.76758703293722352  0.77995559422534033  0.79280153753738447  0.80758113552675792
  0.82639788123639035  0.85121792572942767  0.88875192795081781  1.00000000000000000
   1.5789395833743776E-012  -1.0000000000000000     
 F F F F F F F F F F F F F F F F F F F F F F F F F F F F F F F F F F F F F F F F F F F F F F F F F F F F F F F F F F F F F F F F F F F F F F F F F F F F F F F F F F F F F F F F F F F F F F F F F F F F F F F F F F F F F F F F F F F F F F F F F F F F F F F F F F F F F F F F F F F F F F F F F F F F F F F F F F F F F F F F F F F F F F F F F F F F F F F F F F F F F F F F F F F F F F F F F F F F F F F F F F F F F F F F F F F F F F F F F F F F F F F F F F F F F F F F F F F F F F F F F F F F F F F F F F F F F F F F F F F F F F F F F F F F F F F F F F F F F F F F F F F F F F F F F F F F F F F F F F F F F F F F F F F F F F F F F F F F F F F F F F F F F F F F F F F F F F F F F F F F F F F F F F F F F F F F F F F F F F F F F F F F F F F F F F F F F F F F F F F F F F F F F F F F F F F F F F F F F F F F F F F F F F F F F F F F F F F F F F F F F F F F F F F F F F F F F F F F F F F F F F F F F F F F F F F F F F F F F F F F F F F F F F F F F F F F F F F F F F F F F F F F F F F F F F F F F F F F F F F F F F F F F F F F F F F F
  <DiscreteSampler_grid>
  grouped_processes
  1 # 1 for a reference and 2 for a running grid.
  10 # Attribute 'min_bin_probing_points' of the grid.
  1 # Attribute 'grid_mode' of the grid. 1=='default',2=='initialization'
  0.0000000000000000 # Attribute 'small_contrib_threshold' of the grid.
  0.5000000000000000 # Attribute 'damping_power' of the grid.
 # binID   n_entries weight   weight_sqr   abs_weight
    10   10   1.295879630253269E+001   8.432680346690489E+002   1.295879630253269E+001
    16   10   1.288310905835147E+001   8.344786206566484E+002   1.288310905835147E+001
  </DiscreteSampler_grid>
