  0.00276213328450308  0.01415204310767841  0.02347540307457935  0.03101360420192904
  0.03776661358907052  0.04361330357111815  0.05044784402002368  0.05917136561406815
  0.06912228094866613  0.08153823718474787  0.09523091440023573  0.10722267013745135
  0.11899365400616783  0.12939141425615316  0.13975450313766682  0.15079122932528147
  0.16289349189219229  0.17567353864362098  0.18798433420785979  0.19966053083556126
  0.21129778784948280  0.22314890446365063  0.23477941309158312  0.24551829380266321
  0.25567005772865065  0.26733625940943090  0.27907235788299634  0.29040198134405198
  0.29850492584179605  0.30548637809493506  0.31256843404610424  0.32622472559465088
  0.34104277211626005  0.35463629555124132  0.36757806117983371  0.37942361030758109
  0.38936978541064959  0.39909574802302794  0.40919012983113545  0.41904107718535788
  0.42756115868693451  0.43464899689734854  0.44472552149965749  0.45884736786754199
  0.47300796066490558  0.48345965825763410  0.49237144761968432  0.50265228879641566
  0.51073257862003574  0.51668470983578174  0.52289758323704094  0.53026670223849814
  0.53743238887285827  0.54666148724819874  0.55569763868371336  0.56354909525012475
  0.57197816864929052  0.58219658376365102  0.59220767127007101  0.60194529309924638
  0.61091876491590336  0.62159744340814382  0.63375116059619407  0.64340955628002694
  0.65543273338637176  0.67229387670331731  0.68900284842179205  0.70518984798775319
  0.71958188775841203  0.73088773812676133  0.74105169480554678  0.75165942201846148
  0.76569580434727569  0.77987161786878545  0.79387308252403876  0.80851978902475252
  0.82103143102617460  0.83190522205812079  0.84166180395721002  0.85129318794490949
  0.86012725547725366  0.86760064093226097  0.87439571052139686  0.88115590363769924
  0.88824698416483305  0.89435593676263625  0.90133608766818096  0.90847381374274316
  0.91643191530785695  0.92688958437300395  0.93876931404764474  0.94975444593523239
  0.95947611365897834  0.97114636432364765  0.98541437901599604  1.00000000000000000
  0.00389862839462237  0.01022171737814214  0.01786694283230793  0.02729031420632802
  0.03770818005370621  0.04604118764901292  0.05123895358428363  0.05644576314938728
  0.06242388355018087  0.06792352576585055  0.07538175261028152  0.08282339363351315
  0.08950085867817677  0.09579793582577813  0.10147591324002767  0.10784778656185050
  0.11614915360227439  0.12556580404444639  0.13576301360397283  0.14887025729237446
  0.16347860098869674  0.17806296731105153  0.19210869954868268  0.20482781943431080
  0.21373809212998562  0.22153756701448896  0.22910920535742371  0.23708236187953385
  0.24709049120304385  0.25668135211107906  0.26740122325402976  0.27981861585410878
  0.29069906738021539  0.29976999559638234  0.30829682972838213  0.31849881017999149
  0.32839912808756833  0.33748228873939362  0.34672907381177920  0.35536858473502625
  0.36378177121297428  0.37269136751870863  0.38152749053929136  0.39094568087360482
  0.40060859712816421  0.41176712902509988  0.42288115508906921  0.43393857711655648
  0.44536790801192772  0.45728311735305505  0.47017098472191637  0.48119369448870264
  0.49338937661511312  0.50562131874083838  0.51562240172769558  0.52645871699276847
  0.53281118401786465  0.53745928045065305  0.54258891528051378  0.54893271648392383
  0.55577165280301644  0.56565799771883762  0.57541477558972332  0.58490646396108759
  0.59557104454639709  0.60799728792469521  0.61849625456776647  0.63023512786099778
  0.64519260573741377  0.65983808195122240  0.67379589367662296  0.68808827502765368
  0.70245879421937640  0.71597976624329240  0.73064212045504173  0.74679953603742621
  0.76394832923684741  0.78071781473767665  0.79460429723727410  0.80483479781617662
  0.81464600629693096  0.82440377183218572  0.83516891221275813  0.84693827429568536
  0.85763418731099250  0.86780399765193716  0.87989855411938023  0.89345090149766881
  0.90615556518442231  0.91842843394550444  0.93057608582849605  0.94227046323387709
  0.95406739473314617  0.96702943518101547  0.98210114871545318  1.00000000000000000
  0.00012067269131675  0.00012663664807636  0.00013221841056308  0.00013824892780274
  0.00014412548450500  0.00014976424022778  0.00015485202139836  0.00015909531980057
  0.00016279265858331  0.00016629850224143  0.00016913699513062  0.00017170128909821
  0.00017423979702399  0.00017720082534780  0.00018076427580495  0.00018451513391548
  0.00018761530810570  0.00019052422485479  0.00019343866070877  0.00019585503906416
  0.00019900131763795  0.00020207456714778  0.00020472598884289  0.00020712066266369
  0.00020937571176832  0.00021188363068445  0.00021484401908293  0.00021771718866576
  0.00022053240332733  0.00022373684307518  0.00022717901832539  0.00023098412243657
  0.00023538360488496  0.00023997461380983  0.00024410099548536  0.00024776640159167
  0.00025113620498917  0.00025453289183278  0.00025791774079196  0.00026158740271454
  0.00026559302906285  0.00026929538235384  0.00027263381364706  0.00027585799584805
  0.00027936407325615  0.00028400999664770  0.00028984879527621  0.00029592694194952
  0.00030229813386806  0.00030781597113236  0.00031308869037550  0.00031845667453647
  0.00032462316509016  0.00033224819700035  0.00034148029815935  0.00035020426582099
  0.00035791002303433  0.00036526841134132  0.00037270392167013  0.00037900833286748
  0.00038436725371839  0.00039232362022978  0.00040227580719915  0.00041588999993570
  0.00043238877765823  0.00045060944113816  0.00046616897168278  0.00048395745320906
  0.00050229098451239  0.00052120789301160  0.00054271947613288  0.00057018731946378
  0.00060456466858007  0.00064337775961893  0.00067718274793645  0.00070700758380435
  0.00073097333527071  0.00075982585867603  0.00079641559024784  0.00083683721321815
  0.00087558160939170  0.00091795075335167  0.00096009132130270  0.00101125007175607
  0.00108766926811138  0.00116718558985850  0.00125652416874032  0.00141177037522011
  0.00161449067592517  0.00176638954904252  0.00189619468672051  0.00208743506952102
  0.00230558787032268  0.00461145170020007  0.33525395932409818  1.00000000000000000
  0.00612438636950108  0.02318630162977566  0.03919771376129838  0.05322627948957905
  0.06497804499766933  0.07625294709957134  0.08679567757242219  0.09548655224035366
  0.10241410502897293  0.10828759781983252  0.11368763047185682  0.11974086854168374
  0.12772721506556356  0.13614760596240688  0.14250220915134285  0.15316111683264991
  0.16578916338108970  0.17818544934144731  0.19074539767991430  0.20310079487109201
  0.21464994050179143  0.22544680638508249  0.23596404384121886  0.24646314595880814
  0.25165397876852075  0.25795249692220823  0.26400562690726692  0.27103732660180624
  0.28031788242834799  0.28990809497379005  0.29980699635680153  0.30903010096777878
  0.31765371539372950  0.32683351074659878  0.33567656961783376  0.34562491968754028
  0.35755043663446961  0.37149965948133862  0.38573959025701210  0.39763566945792556
  0.40716990307837858  0.41452040868854523  0.42059350325011741  0.42550765327406398
  0.42999697871196069  0.43719257490369934  0.44715141501156286  0.45705857515796305
  0.46676099872902316  0.47601441150834284  0.48389624375718499  0.49055166131347727
  0.50053982492330518  0.50988215569965589  0.51768362264076606  0.52509899764168744
  0.53244635922223493  0.54022588307568142  0.54958464833488185  0.55902996501930247
  0.56863605102800474  0.57907648824465652  0.59002878442833750  0.60149681455929682
  0.61581890738362532  0.62735266562646375  0.63681875497664553  0.64702212925525648
  0.65779881022624265  0.66739298720545082  0.67477917639518115  0.68230283314590012
  0.69171966342283364  0.70362963370714926  0.71589013693646275  0.72869766632748556
  0.74426812662884589  0.76234344359890516  0.78143208083584448  0.79819835025944064
  0.81280087891018016  0.82522082524517337  0.83637408309042960  0.84686330682835420
  0.85697517250121702  0.86847387413300536  0.88224438151990703  0.89624946332399580
  0.90870008849990669  0.92125345758563926  0.93384126194545303  0.94665514115837124
  0.95929420662142828  0.97188642896160804  0.98522811414270495  1.00000000000000000
 -0.00036377828264411  0.00275423593587267  0.00577651181637719  0.01174678723485593
  0.01770721435894947  0.02370745471195098  0.03075687074531003  0.03869047830794374
  0.04665524119980813  0.05448840101194746  0.06385521818126917  0.07544340809450903
  0.08710001362318769  0.09823468516234583  0.11036685635172593  0.12370862641265862
  0.13475098975807789  0.14418176060806831  0.15313043504316795  0.16208307048676096
  0.17191962462037483  0.18188914886326599  0.19170902994588748  0.20208226775696150
  0.21469170919825165  0.22595443748088637  0.23570889256234626  0.24410310744198468
  0.25292011556638999  0.26351983998986772  0.27496721530470625  0.28740851322287564
  0.29740784042261481  0.30706154482729847  0.31886387351288936  0.32693287633183332
  0.33382934124826646  0.34167886622932014  0.35093984240631781  0.36120036526609683
  0.37022549644467462  0.37691911427877894  0.38211458675725707  0.38807098942348456
  0.39743230530424367  0.41025623600291772  0.42368838013413296  0.43740737490763659
  0.45094692862672536  0.46274025236510874  0.47200520434545684  0.48119373087042999
  0.49168271583760542  0.50331008968553048  0.51483833513760802  0.52787991134357704
  0.54330534207843584  0.55625476699919041  0.56902878755200748  0.58282937647174471
  0.59789519092454668  0.61405526287147505  0.63208268991290550  0.64895553384615845
  0.66487505494172949  0.67990288041446667  0.69437535452413846  0.70843914551310583
  0.71966936358754408  0.73252314564776988  0.74598265237463135  0.75982035602653419
  0.77309999046251598  0.78462347200701887  0.79492603179256505  0.80537769645369817
  0.81582584803919456  0.82620815866524222  0.83727963070517419  0.84764521778270108
  0.85714893727202568  0.86632392918392265  0.87427236751229331  0.88001098620159279
  0.88750130825719231  0.89529080873891997  0.90397453473232692  0.91525202708714204
  0.92776706879306048  0.94021843468849542  0.95260798595734120  0.96396900450524758
  0.97390196549014263  0.98220097868222944  0.98926556746337424  1.00000000000000000
 -0.00523412207404431  0.01475477956468744  0.03252542876772123  0.04705865181848291
  0.05886125932131217  0.06951135855220102  0.08005642775977473  0.09141721480277605
  0.10328781605622928  0.11342802033338924  0.12318936246801943  0.13356597480844207
  0.14383354705779791  0.15748343964163886  0.17033935415003015  0.18271562877353803
  0.19481752495225052  0.20474031837425918  0.21371305615092950  0.22153457750342084
  0.22906611459194109  0.23656941312981561  0.24416069624002970  0.25133000358840235
  0.25829628573842500  0.26563705575679170  0.27416891141587740  0.28585021220465195
  0.29870996726270344  0.30980820379924157  0.32074009880116727  0.32980578510376624
  0.33598473135524554  0.34224766418973873  0.34998024828244850  0.35900813048445840
  0.36766332666511586  0.37577908222880896  0.38409203034807260  0.39114026591317730
  0.40066648873661581  0.41411796145609642  0.42413582179507270  0.43139476724680648
  0.43828065707845604  0.44590289111023917  0.45493946621439807  0.46305104629333360
  0.46977374113615583  0.47917168288094258  0.48667142639503019  0.49623712210986132
  0.50526166634621783  0.51461134913823670  0.52549683762092325  0.53823741399125258
  0.55324396373808671  0.56792679929957213  0.57829236904262271  0.58763210366567620
  0.59832009508952355  0.61005716543220023  0.61970372677594243  0.62909474830675916
  0.63828318845143062  0.64795639204374500  0.66251299806477548  0.67716815546275388
  0.69045599253105205  0.70268879951630192  0.71444742686456253  0.72599252854188689
  0.73830990951538134  0.74885765669070314  0.76293418452064943  0.77789985532417627
  0.79392279813970745  0.80976716934496651  0.82441408588162646  0.83853500187184782
  0.84933310918334226  0.85623542675853326  0.86400138558659423  0.87212795752421590
  0.88331696684405681  0.89793706211312219  0.91020775312741564  0.92126752463033357
  0.93167032300804731  0.94188402694880013  0.95149514163715099  0.96117109684618518
  0.97335921738976061  0.98348489190850974  0.99151311766869632  1.00000000000000000
 -0.00186037092416065  0.00609529207089076  0.01534423117193173  0.02445041901291720
  0.03413820846587680  0.04443440134307608  0.05576454473801583  0.06588248446892277
  0.07510873618740763  0.08456693027965403  0.09617561215263916  0.10898674081698341
  0.12308857253544375  0.13917787115713717  0.15789740337294095  0.16965357634262329
  0.17966970538109822  0.18949758667821232  0.19967393766071259  0.21148661350714715
  0.22569873653506950  0.24303814937848511  0.26374102299956315  0.28254507839339082
  0.29490522141983044  0.30035554650584895  0.30859411941938569  0.31451256329858468
  0.32017648571560919  0.32768744711748682  0.33314700249378287  0.33777847141543699
  0.34439028142086908  0.35383112660871452  0.36549663132530846  0.37694828104649142
  0.38623769809527841  0.39597952898631505  0.40578946374847180  0.41683773532869223
  0.43125655912062288  0.44659824111560886  0.46251331985670874  0.47928707378502744
  0.49414224369490234  0.50755781636475539  0.51994922195414917  0.53283004133556933
  0.54467807151471093  0.55179650531256030  0.56354715677974054  0.57377218708557864
  0.58312799980417440  0.59204637375587588  0.59969444947001471  0.60831874972248590
  0.61895791936556688  0.63084455432456521  0.64418933045547022  0.65755803189633644
  0.66983388295220492  0.68116517379155594  0.69091060302382634  0.69929187114077129
  0.70750382562591441  0.72041718857432402  0.73355854984518554  0.74479869796339782
  0.75536666574834244  0.76518686250534096  0.77354264862415245  0.78125460559195115
  0.79164963553354328  0.80311152523858853  0.81276647031462146  0.81901538694179821
  0.82800832179194339  0.83831119228275075  0.84774510407114390  0.85658687848498760
  0.86584283630136016  0.87611941411494654  0.88881189636217206  0.90103087963114903
  0.91139906721814445  0.92136013072878187  0.93008469176953767  0.93840686497687886
  0.94554709847917195  0.95291792929697472  0.96339983622695513  0.97315676628236247
  0.98097271502451533  0.98687237135714678  0.99248472517618724  1.00000000000000000
 -0.00652559281358441  0.01558965777386214  0.03432355259690158  0.05049768617648532
  0.06635037870814839  0.08039939971905333  0.09294464971960019  0.10477684929316181
  0.11418162269412069  0.12203651935126777  0.13040915304189216  0.13931869835840077
  0.14771388468966307  0.15574669635368035  0.16496101786550443  0.17629425827162265
  0.18999713406453875  0.20699112437414247  0.22245757778878875  0.23667680903219332
  0.25108952253095590  0.26477221960990766  0.27582549870075329  0.28892539031642012
  0.30392091251567677  0.31805605000908499  0.33269334898307557  0.34627269349034923
  0.35817568213925211  0.36892679600342448  0.37976752704091732  0.39035849677062578
  0.39995254230102317  0.40874259378653843  0.41825380848879301  0.43009174367624248
  0.44395170931710143  0.45677003590195708  0.46734035039068672  0.47631622459506168
  0.48382088884885277  0.48948361564196385  0.49433954925726686  0.50029088778854691
  0.50857545266599102  0.51740594896494385  0.52811356134935683  0.53891987058830493
  0.54842004980501857  0.55695342981695273  0.56511675375473758  0.57447764229665299
  0.58604420067443019  0.60036728186929145  0.61161866549164234  0.61914242112953310
  0.62675079237689169  0.63532801061569544  0.64343741109995911  0.65108297824993877
  0.65812479459146200  0.66500858360806614  0.67177765675149881  0.67991627309503233
  0.68981253298504308  0.70002838050147542  0.70990865961826044  0.72248835016657520
  0.73459857259392836  0.74645621394855044  0.75909974794901303  0.77210214815790879
  0.78373394562552234  0.79333878289254922  0.80273772535065813  0.81312837570619212
  0.82338732764678901  0.83099393419443812  0.83764309344856380  0.84479584551357134
  0.85452502753906601  0.86813909388427235  0.88231266228365102  0.89208300414564368
  0.89954631131870066  0.90711034287259640  0.91538762735696944  0.92334127954975886
  0.93065776071207984  0.93947155014229833  0.94965528771761198  0.95974794536998975
  0.96989175484517898  0.98060112202476590  0.99053419960197742  1.00000000000000000
 -0.00371836395614346  0.01258595214373064  0.02604943298464345  0.03854986482696849
  0.05025052444555093  0.06195248912636509  0.07435595184121155  0.08899248445969345
  0.10266153532352355  0.11087628042216154  0.11692228851956721  0.12411409770672943
  0.13258209514622518  0.13939008176103476  0.14556793509421126  0.15163954993297613
  0.15816525101309944  0.16316924747268549  0.17237782272628951  0.18558984463135333
  0.20139194469758934  0.21178749017765353  0.21921456007433149  0.22744520349653027
  0.23482352268598941  0.23973850471597855  0.24402661454955804  0.25097050875303112
  0.25774516338376502  0.26393052058625122  0.27032299222309464  0.27672440754196309
  0.28245085764382244  0.29075503914735623  0.29742258464718180  0.30284314792068867
  0.30937918472431991  0.31680534983211212  0.32722785893744605  0.33843683220747772
  0.35007256426775291  0.36265099533395406  0.37429332295526874  0.38521518745040589
  0.39770521983557910  0.41075838022067729  0.42341770572505599  0.43523546893765197
  0.44580035007695090  0.45493545815814923  0.46388112094728262  0.47217879721090938
  0.48123391833057294  0.49323300729540276  0.50602295332994562  0.51888246112560810
  0.53160502580325009  0.54543945621763779  0.55883714990311029  0.57190313823587335
  0.58458513316825000  0.59615763278812728  0.60538977305720931  0.61323986656931340
  0.62154790426738160  0.63201040131818897  0.64424201717818852  0.65556795997193551
  0.66511966489831265  0.67720540482279334  0.68958458177130932  0.69986238705307535
  0.70939842758319127  0.71957806507727673  0.72922849666391454  0.73886226204604388
  0.74928207693784843  0.76082958254300281  0.77441961639750323  0.78980731329820020
  0.80402879544258588  0.81464068716040539  0.82224495532850805  0.83049955537932629
  0.84093475931123474  0.85374658503257606  0.86758527947015240  0.88137091874696361
  0.89598305333729278  0.91110716726416541  0.92457518661197868  0.93801061976512567
  0.95142904921006377  0.96534795743100166  0.98092457794796528  1.00000000000000000
 -0.00059937742016925  0.00401768105658131  0.01014199556466385  0.01664953739289136
  0.02276259840712702  0.03278931065378710  0.04477194725549542  0.05345597316749340
  0.06151790702111939  0.06937818810299613  0.07775570600620069  0.08832657339435188
  0.10090777519631784  0.11982896791238828  0.13503440331333783  0.14860887959807423
  0.16084125090353885  0.17173428681605951  0.18216926030424743  0.19365703838691770
  0.20673662556924299  0.21982187190585062  0.23136866128739547  0.24168253291258160
  0.25191435320125122  0.26444324152034832  0.27130000223199568  0.27609294912557203
  0.28120813366700981  0.28669154343305342  0.29468826998700043  0.30722283340716317
  0.32192468796228119  0.33415184244159540  0.34484514365799207  0.35575561230314673
  0.36731589490476768  0.37965866122544800  0.39055347327736212  0.40196578849615311
  0.41296324682959762  0.42157976856481771  0.42919604384868965  0.43834787543852644
  0.44709581957228411  0.45589623176757710  0.46354039677849251  0.47063547223691848
  0.47765960138707553  0.48534548786770676  0.49155476630338840  0.49695232723314997
  0.50451876669580120  0.51402134019004708  0.52434076657361262  0.53498063863936129
  0.54575109627676688  0.55722425806535214  0.57154571212897265  0.58699159913608390
  0.60112199245567577  0.61570046805573730  0.63115240450292953  0.64700098663456285
  0.66219405593913216  0.67608444293138126  0.68865454359078504  0.69922867417337908
  0.70869409370115288  0.71812452254888259  0.72771077462804923  0.73760313513989417
  0.74787960876365800  0.75892085879618365  0.77038062076509750  0.78204166663975971
  0.79468133584854828  0.80752194196651361  0.81870963690476539  0.82905391973651588
  0.83857259093227932  0.84623866796763680  0.85411017341335149  0.86250436704382905
  0.86761122067095375  0.87283576098651228  0.88696405288816460  0.90159284951661745
  0.91268693984885585  0.92310070266762723  0.93328040251949829  0.94459660098275322
  0.95561362748092749  0.96713001362513062  0.98147635229069952  1.00000000000000000
 -0.00241773020563062  0.01083447019111811  0.01726686418964080  0.02464099277018112
  0.03289176785129958  0.04137465756569600  0.04893856414981281  0.05638588551877277
  0.06461583461927219  0.07452100112050412  0.08598952953511153  0.09710955010043239
  0.10615922882748721  0.11540728156877439  0.12765871626225500  0.13966801618693600
  0.15107782804437475  0.16217785203384749  0.17389824878169263  0.18664240207360053
  0.19982350215398481  0.21352473792621268  0.22609544681638882  0.23709718256518431
  0.24765171039320572  0.25623105553202047  0.26402507206127313  0.27463734309563903
  0.28671966212024014  0.29673679001243852  0.30501780331869532  0.31251648950264560
  0.31988764009486664  0.32728690508476593  0.33531519736800425  0.34403705195251921
  0.35366411793126440  0.36384375530287810  0.37423247661544701  0.38949375045256451
  0.40594078940290351  0.41933504124440807  0.42988794657507462  0.44023230694445314
  0.44992416554307157  0.45892962887344796  0.46784002079743536  0.47684555940208367
  0.48682719720330286  0.49797775590227050  0.51113078815405755  0.52450359741426755
  0.53939656745442466  0.55485638994111008  0.56756458097887375  0.57728337925545481
  0.58480306844519192  0.59137760109488013  0.59987384747644146  0.61048145604155002
  0.61900823475903388  0.62653378325309572  0.63420199131694288  0.64035373467958190
  0.64751693092604312  0.65868111426681097  0.66923488800576147  0.68313705068710873
  0.69884236893534135  0.71362837249351530  0.72691374828663924  0.73900995015483817
  0.74959848097188164  0.75977300484916599  0.76965806246805324  0.77953798691752851
  0.78996202124866532  0.80031612338825586  0.80836846551577901  0.81467111975242423
  0.82373541083404578  0.83514460350681308  0.84704997058375897  0.85799049775919345
  0.86642151075016283  0.87360164451629596  0.88194307366758196  0.89068713772503716
  0.90125938150654494  0.91330757351812619  0.92694570730283177  0.94278870344286625
  0.95837193660244024  0.97156536728550436  0.98436225244727482  1.00000000000000000
 -0.00625920664579366  0.01329709502300847  0.03138098509089746  0.04709841555747760
  0.05739584331555714  0.06878683843989654  0.08032111784598803  0.09154702253391500
  0.10165824392591376  0.11184826891692302  0.12337605390921855  0.13611034870906411
  0.14704722390057570  0.15616481848203137  0.16485836072754445  0.17409065690889208
  0.18529648615906516  0.19674510645138832  0.20791962452361917  0.21991589962740019
  0.23049334489826723  0.23687032919358431  0.24499061633441038  0.25251500616330486
  0.25992159732919340  0.26598181993417108  0.27478047987942555  0.28332465843670779
  0.28977943382334542  0.30421040683028105  0.32094912109081641  0.33433372357779362
  0.34715021241810912  0.36160276471809305  0.37767340499482321  0.39493378879147989
  0.41196212546801342  0.42907239494729454  0.44171423639863872  0.45034928344297032
  0.45912588482874245  0.46590589105075325  0.47241996473327036  0.47807526033165343
  0.48251015843157524  0.48698643925230134  0.49192105923547180  0.49822427794074831
  0.50941813148188586  0.52323022065352243  0.53555477895626358  0.54664669880064765
  0.55614605168343834  0.56590200748843844  0.57687662176227650  0.59022452212193122
  0.60472819780705600  0.61854085002406023  0.63121330549276267  0.64294380238302551
  0.65376668567497143  0.66394768927981707  0.67514834388297351  0.68806137418409008
  0.70116173013159222  0.71206563653952515  0.72097098638607515  0.73006748732414084
  0.73895821389050231  0.74817718104488540  0.75717415026856238  0.76569271736061417
  0.77793494300626653  0.78894342251467953  0.79781671916270624  0.80579213444353781
  0.81316565771728666  0.82229159946982089  0.83119247272070096  0.83881227479247211
  0.84542696443162224  0.85255211921137153  0.86057210729070366  0.87077654211238653
  0.88222483373754068  0.89256627241001607  0.90301069280502511  0.91400347367170109
  0.92403094394398810  0.93412343668278719  0.94514646569333416  0.95621363849088792
  0.96620541120204440  0.97565014786384729  0.98594775431868997  1.00000000000000000
 -0.02620451456058791  0.10962062846386866  0.13545930822151242  0.15035204445091002
  0.16315372555338484  0.17546023280721196  0.18923835607529860  0.20484386714951827
  0.21634460416394652  0.22513773154264063  0.23401827315915319  0.24221829757917107
  0.25112297613284484  0.26057956974461072  0.26799677584531451  0.27687168417946362
  0.29063292507487737  0.30153699073518664  0.30904770564986017  0.31526062352801160
  0.32159135847539538  0.32783099432244905  0.33347785012784242  0.33795694900693640
  0.34239148661259133  0.34757832148439727  0.35386707698007985  0.36179172279514460
  0.36907556539227332  0.37597186173874952  0.38169051539317267  0.38753912639828125
  0.39209228124991691  0.39756270797797494  0.40406345928961485  0.41133996299839165
  0.41974032594459387  0.42796652672896135  0.43546454261871165  0.44290885586722090
  0.45098306196480842  0.45863422116337388  0.46491552449328027  0.46979927894909268
  0.47408547034433879  0.47835249457321177  0.48281937360618482  0.48698706876802172
  0.49083517401185867  0.49484432983643145  0.49931616325152051  0.50448714809745787
  0.50937658758448334  0.51433248668836362  0.51910019320366607  0.52493925163906230
  0.53202850919536426  0.53981325587732931  0.54751384263716285  0.55439811984205489
  0.56042143871802141  0.56595289002818006  0.57151670499609408  0.57771839097226318
  0.58379797158367874  0.58932440375547235  0.59513366921407562  0.60094732158571951
  0.60776596826591156  0.61560557069849253  0.62317790865851197  0.63034002449365567
  0.63731931629164629  0.64453578099659781  0.65263676971483220  0.66058120801163145
  0.66852490814561594  0.67716143767873327  0.68645452364546289  0.69464657517120654
  0.70290657102606136  0.71516315274201081  0.72665671185243141  0.73515473967616218
  0.74411393241189461  0.75387105557863421  0.76133483666024970  0.76634226528528726
  0.77105839924016484  0.77750773113938154  0.78628069185273830  0.79614872041769325
  0.81003725587947584  0.83761661444324997  0.88625264959796612  1.00000000000000000
 -0.00250859258282796  0.00785379767664885  0.01989214253509373  0.03215822031499854
  0.04415189439665487  0.05598175806900314  0.06782329294711313  0.07992287647235306
  0.09267706694843619  0.10525284766999304  0.11716743337575292  0.12869590687256793
  0.13957685687509158  0.15049822648692038  0.16103322936056472  0.16973344021885686
  0.17745940228190324  0.18621726653808113  0.19338641735322759  0.20050068210962549
  0.20835655977080636  0.21665496071712487  0.22314258350545385  0.22855881912935613
  0.23493234418204917  0.24249969253607084  0.24857714039718923  0.25668655205816315
  0.26896206088665653  0.28101488342710801  0.29296159740467553  0.30720536504218277
  0.32714998699272141  0.33964618868873375  0.35001502077394492  0.35958295542453905
  0.36901507091808955  0.37710041503446973  0.38391228838778862  0.38999786040583895
  0.39602444041650636  0.40299424437922271  0.41160698628142639  0.42166613740971376
  0.43114210430608435  0.44557848602928446  0.46198308549533129  0.47830591329356292
  0.49389794810659166  0.50895712886706024  0.52355195256300802  0.53892168630162351
  0.55350171294432238  0.56531511858154870  0.57399368570374176  0.58134398232264517
  0.58890767024455459  0.59733616427101921  0.60761344149945906  0.61846928363755505
  0.62814735168808244  0.63982419335850005  0.65215419097337635  0.66313205845743572
  0.67540380500334751  0.69080490675558182  0.70365827035735162  0.71674410853959247
  0.72722768857804720  0.73696464896262426  0.74672472018370850  0.75739021658288030
  0.76817136568408373  0.77939434675937391  0.78906233849322382  0.79824751704966224
  0.80761647508400292  0.81785279122520493  0.82809104481710205  0.83931699260826531
  0.85449556308454555  0.87104963400169044  0.88636796458362632  0.89594031559687104
  0.90608620186288191  0.91670233400017387  0.92140808453933631  0.92772466203394299
  0.93586628849478060  0.94433342544499677  0.95381642375327125  0.96330877399900305
  0.97351326605132327  0.98225555414888444  0.99104676990507956  1.00000000000000000
  0.26599030947436164  0.82325278802421298  0.89107627742690820  0.91775215735938964
  0.93018314901385224  0.93789272612310604  0.94254166498377401  0.94590257768001118
  0.95013418325436949  0.95490505414377702  0.95893701816198096  0.96114264697276286
  0.96244256457741117  0.96335322672999246  0.96440439159478408  0.96548703079115661
  0.96686729790230153  0.96824905970542452  0.96935674244144876  0.97022547826984018
  0.97113602262480681  0.97224144829604420  0.97332204312638759  0.97448356833163108
  0.97551770014643313  0.97636993675086592  0.97715444435570975  0.97791866636909652
  0.97874102235500993  0.97950499214834330  0.98015478392683897  0.98078599085834128
  0.98147344516981805  0.98220963489405633  0.98292806410911937  0.98353292852225593
  0.98400425872509967  0.98444537590840431  0.98487534737547788  0.98525271435050099
  0.98559037805338312  0.98591675444418492  0.98625770633528731  0.98667854762366958
  0.98720280572888142  0.98769704619969834  0.98810207116708282  0.98846253690255959
  0.98881815388212024  0.98917588606869966  0.98952351873214772  0.98984601385132798
  0.99015055575365618  0.99046241243748812  0.99079073866038081  0.99113474386206324
  0.99147637686958145  0.99178620684529706  0.99210965478455992  0.99240848112114066
  0.99267647483715149  0.99292447799802408  0.99314832193259295  0.99334651680529640
  0.99353474405460507  0.99372308289906708  0.99392391155767146  0.99413190156372455
  0.99431990218622268  0.99450771635941204  0.99469843406607039  0.99489863234584586
  0.99510329253489782  0.99528141697018990  0.99545999209853475  0.99563971618645619
  0.99580407369074253  0.99596633274776547  0.99613373821885365  0.99628758749222679
  0.99644700848426759  0.99662107373566400  0.99679031571340304  0.99694668646925311
  0.99710705601605421  0.99726845007652432  0.99742326625519906  0.99757305534410901
  0.99772374667414709  0.99787849241710225  0.99805894241913973  0.99825328513203604
  0.99846254730111028  0.99871631792531801  0.99914952191694617  1.00000000000000000
 -0.02734166572462064  0.11704841835895596  0.15785187008714885  0.18266190852670705
  0.20383163050685618  0.22366836554703440  0.24063561836511360  0.25540712809974975
  0.26933874000345792  0.28026298085621126  0.28997010031035109  0.29875187045277618
  0.30695847134388476  0.31635950734507118  0.32517892675636767  0.33717843878220555
  0.34696741809608578  0.35440334673939977  0.35997035244418257  0.36400199974500358
  0.36781043151942061  0.37233436661608932  0.37680937408063608  0.38154130251185731
  0.38722012758395447  0.39270869722108298  0.39944915588093843  0.40589497540764946
  0.41192006805930914  0.41762166414956520  0.42340261677823215  0.42965412768948386
  0.43663450329266579  0.44304474932802917  0.44920225286209176  0.45554875862081567
  0.46311374141527178  0.47114253464743006  0.47865796750824158  0.48517108862848957
  0.49105971566375300  0.49681902051777366  0.50300736566000448  0.50925261764662555
  0.51459618055476664  0.51912410710530421  0.52298336453078853  0.52613906364221619
  0.52948034275281564  0.53297380743455136  0.53605099350773444  0.53979841967703446
  0.54375150596008082  0.54755656789352569  0.55115431008165627  0.55531911671587120
  0.56013703507455170  0.56589582507179592  0.57264896581036473  0.57844630677685516
  0.58364263430629415  0.58857733553352076  0.59324751186248958  0.59858035708720359
  0.60278915388877430  0.60685335370670868  0.61116676003046533  0.61600582768504608
  0.62092701783951765  0.62759941372545713  0.63421928074312006  0.64470616040724593
  0.65626910554306228  0.66597545942694725  0.67377028127545413  0.68055127270217308
  0.68644020936919914  0.69177196954678633  0.69777999249872169  0.70425309159881677
  0.71185584311699523  0.71916127580670164  0.72667873094941315  0.73382626149113495
  0.74162092033173699  0.74823773870199262  0.75414779730484072  0.75947666330877217
  0.76607334286690121  0.77387907557207281  0.78399841061656028  0.79491931187426268
  0.80830988231308065  0.83048950537483357  0.86925523350053846  1.00000000000000000
   6.3571202171678296E-014  -1.0000000000000000     
 F F F F F F F F F F F F F F F F F F F F F F F F F F F F F F F F F F F F F F F F F F F F F F F F F F F F F F F F F F F F F F F F F F F F F F F F F F F F F F F F F F F F F F F F F F F F F F F F F F F F F F F F F F F F F F F F F F F F F F F F F F F F F F F F F F F F F F F F F F F F F F F F F F F F F F F F F F F F F F F F F F F F F F F F F F F F F F F F F F F F F F F F F F F F F F F F F F F F F F F F F F F F F F F F F F F F F F F F F F F F F F F F F F F F F F F F F F F F F F F F F F F F F F F F F F F F F F F F F F F F F F F F F F F F F F F F F F F F F F F F F F F F F F F F F F F F F F F F F F F F F F F F F F F F F F F F F F F F F F F F F F F F F F F F F F F F F F F F F F F F F F F F F F F F F F F F F F F F F F F F F F F F F F F F F F F F F F F F F F F F F F F F F F F F F F F F F F F F F F F F F F F F F F F F F F F F F F F F F F F F F F F F F F F F F F F F F F F F F F F F F F F F F F F F F F F F F F F F F F F F F F F F F F F F F F F F F F F F F F F F F F F F F F F F F F F F F F F F F F F F F F F F F F F F F F F F
  <DiscreteSampler_grid>
  grouped_processes
  1 # 1 for a reference and 2 for a running grid.
  10 # Attribute 'min_bin_probing_points' of the grid.
  1 # Attribute 'grid_mode' of the grid. 1=='default',2=='initialization'
  0.0000000000000000 # Attribute 'small_contrib_threshold' of the grid.
  0.5000000000000000 # Attribute 'damping_power' of the grid.
 # binID   n_entries weight   weight_sqr   abs_weight
    10   10   5.333228376853454E-003   2.792941236215475E-004   5.333228376853454E-003
  </DiscreteSampler_grid>
