  0.00264398405105959  0.01584964312982406  0.02938366758715788  0.04184283431505550
  0.05408372502548817  0.06619822115490785  0.07751766883009850  0.08821747514910010
  0.09810498316892485  0.10797534677838108  0.11837732180456953  0.12965461285647367
  0.14054662737646093  0.15070175207097056  0.16064940392137295  0.17092497339773455
  0.18166590657880610  0.19268504402384290  0.20373652664350084  0.21500699317372760
  0.22647777247421283  0.23737578596751582  0.24796019634914407  0.25882936010630292
  0.26981458338432979  0.28041098183733559  0.29078391151958866  0.30180710477952599
  0.31324254980215838  0.32430461992580550  0.33493920662500171  0.34548059234955764
  0.35599295596465053  0.36656162480985582  0.37733311297833233  0.38849477975375107
  0.39977568363038013  0.41131220093452869  0.42245645091352102  0.43249502461251443
  0.44224660707834157  0.45240207181918390  0.46261421726110380  0.47255430274059690
  0.48292857797935296  0.49386179242680395  0.50508875314548196  0.51645487830751435
  0.52794369378061989  0.53918924331658302  0.54982381894325194  0.55978157114075033
  0.56912829498015927  0.57880353300916121  0.58923587226631546  0.59989585537346224
  0.61037837760827018  0.62096672444521195  0.63165390190903115  0.64228416563258706
  0.65335418372237131  0.66430256108048991  0.67462527347980838  0.68455245768956885
  0.69474102172272378  0.70630908720830776  0.71770832860177103  0.72919104477917396
  0.74031081441294655  0.75140281340659010  0.76172737987348915  0.77177389925834239
  0.78168924538969498  0.79184459441926380  0.80189697830830231  0.81187785394899203
  0.82188023125407594  0.83221202627933666  0.84259868710503494  0.85285218209516978
  0.86310484631618412  0.87274638943301774  0.88223045225573837  0.89158075367735934
  0.90140626110282429  0.91138520759789854  0.92126688142663726  0.93053246086136743
  0.93983915389178463  0.94960815778925356  0.95912170427778554  0.96790003747784847
  0.97621439559790835  0.98429654223047203  0.99220170766386995  1.00000000000000000
  0.00976824228326248  0.01561729995406177  0.02499502181467472  0.03568535800610561
  0.04623778164036713  0.05689949742929371  0.06834539403813622  0.08020658441787853
  0.09061096256454136  0.09989903337935409  0.10924540172608274  0.11854938826538852
  0.12781446484398745  0.13707834843141595  0.14686264212237043  0.15722531709322513
  0.16751490783031400  0.17793936236908992  0.18838642549196644  0.19885396738545874
  0.20960477329264229  0.22023280710180232  0.23051393237451942  0.24045082362742937
  0.25002499077245338  0.25928176476356607  0.26856014779303067  0.27792281644916184
  0.28760304202381520  0.29674542809578458  0.30606572196795007  0.31607147182512813
  0.32734889870835732  0.33844817464688776  0.34915174583874470  0.36009767441973584
  0.37116197156989511  0.38215667692011790  0.39334236517763094  0.40464888809154587
  0.41597663820378417  0.42757032720456040  0.43972108660499171  0.45242467050994961
  0.46485918276197341  0.47616059990167314  0.48661986004634883  0.49633951475406135
  0.50670090667367429  0.51711209095388599  0.52742768337571366  0.53629808440321103
  0.54496933106020717  0.55397749152344988  0.56367808134515907  0.57383116372626597
  0.58375175776348476  0.59369966330715407  0.60378789055845983  0.61378502155264869
  0.62371857282825183  0.63338430320206152  0.64330963241314854  0.65344134686907396
  0.66410410122500563  0.67491031467404583  0.68548565159496821  0.69611830854872192
  0.70699225532073995  0.71800147832210670  0.72868268936477887  0.73909007869141596
  0.74926993986952140  0.75925731363256221  0.76925241735801231  0.77932936381324425
  0.78940241237408382  0.79960929496424826  0.81027749953401262  0.82100057469971111
  0.83113190678239379  0.84093975874250582  0.85097806809444654  0.86156798893948827
  0.87233234518684277  0.88307128856670536  0.89406577463731141  0.90550352561960890
  0.91734078810697250  0.92953459661269289  0.94204805280480519  0.95438695832993170
  0.96593356312930800  0.97694339920610929  0.98826024076149110  1.00000000000000000
  0.00150942432939702  0.01870721070473286  0.03577473643027963  0.04993900461187353
  0.06354636105492216  0.07512002681544365  0.08628862004270210  0.09674135904019783
  0.10737685504666605  0.11819681188581700  0.12944170249156811  0.14078772364559744
  0.15151984122874668  0.16528763894108819  0.17687822024314134  0.18924430394789471
  0.20108001395899641  0.21240676898000238  0.22338877583747641  0.23456410799714503
  0.24539613082789316  0.25603646857573492  0.26692300183632567  0.27789599147211563
  0.28879323803511636  0.29926910250734001  0.30964885747290621  0.31994904276552044
  0.33031446916515877  0.34058636881093196  0.35069545305615457  0.36122507794767239
  0.37184094298084386  0.38236139588877971  0.39256398177831248  0.40297813784911696
  0.41346404813472026  0.42416333492123420  0.43523290757281352  0.44673586080095579
  0.45856841322376274  0.47048565219902749  0.48167325562748647  0.49270747806931392
  0.50288453865475957  0.51282227287502868  0.52311651744386589  0.53370084410469953
  0.54552798743315123  0.55738628390403333  0.56868919943023877  0.57968328003763736
  0.59005130444148424  0.60071435686766295  0.61128973741226011  0.62210075954276933
  0.63272318033942698  0.64337208122822098  0.65400633976803202  0.66433712558983615
  0.67454235128538909  0.68442418027229068  0.69394916774068716  0.70345380766271315
  0.71343469548705596  0.72366061617499589  0.73286588022392984  0.74145622314503346
  0.75044488530669240  0.76024295099720096  0.77078863948482135  0.78118036391366241
  0.79084879424065624  0.79993080255521809  0.80910721970217547  0.81881226654906503
  0.82926250229019638  0.83952461728098648  0.84964606015829580  0.86018338750890955
  0.87123869319223357  0.88198516540527039  0.89199215783686547  0.90166710911333880
  0.91111255992735618  0.92023111740966756  0.92908568069576625  0.93826953654061163
  0.94827738694725605  0.95755471559926930  0.96542642064372985  0.97308676212728362
  0.98063130269855792  0.98778276793439135  0.99180718632436637  1.00000000000000000
  0.00000346778804583  0.00000362204380616  0.00000373256164820  0.00000384704234675
  0.00000395398933223  0.00000405954510775  0.00000415482047237  0.00000424387151141
  0.00000434204527283  0.00000446634838943  0.00000461196659949  0.00000478356435039
  0.00000508506425073  0.00000534560021597  0.00000558005426790  0.00000579791495623
  0.00000600568445464  0.00000620410547172  0.00000641092725027  0.00000660460759515
  0.00000680619467935  0.00000702101544768  0.00000725653034723  0.00000751761114148
  0.00000778011973705  0.00000807682345586  0.00000839150811544  0.00000870803115942
  0.00000902901293886  0.00000935936607926  0.00000970588674448  0.00001007586432636
  0.00001040691409876  0.00001072502042524  0.00001105342044420  0.00001140864193696
  0.00001178860996039  0.00001215456851043  0.00001251574276019  0.00001288887969612
  0.00001326431083153  0.00001365666364614  0.00001406632228602  0.00001449333196184
  0.00001492901732827  0.00001537386466418  0.00001582559015216  0.00001629594828411
  0.00001680975113677  0.00001736441645938  0.00001794625623046  0.00001856148631098
  0.00001923164791675  0.00001990830488033  0.00002057997394103  0.00002130046127917
  0.00002205627680834  0.00002284114286402  0.00002370612110823  0.00002458354516692
  0.00002545565415460  0.00002635407246876  0.00002735144619730  0.00002850635095296
  0.00002977043629082  0.00003108813900329  0.00003246136047801  0.00003389645738774
  0.00003550806318804  0.00003744111323212  0.00003968938749170  0.00004215956735803
  0.00004494687917315  0.00004827484436661  0.00005218969552918  0.00005673032609512
  0.00006215552423046  0.00006880826795804  0.00007744500876063  0.00009008705014724
  0.00010866073143223  0.00013441679009318  0.00017108399633687  0.00023341775481116
  0.00033046059812197  0.00047951651246940  0.00076769108677600  0.00127760160467060
  0.00218307251117584  0.00380202820213379  0.00657573798340808  0.01000427645485822
  0.01517591800534615  0.03670440120676932  0.23209243778765309  1.00000000000000000
  0.00000219734616714  0.00000330379222272  0.00000398438829440  0.00000461814640317
  0.00000523613025418  0.00000580324237520  0.00000634600877416  0.00000689675393225
  0.00000743794190283  0.00000795605748759  0.00000847208917099  0.00000900884990430
  0.00000956343183406  0.00001012354798346  0.00001067845190021  0.00001121820301482
  0.00001175870893505  0.00001231211716340  0.00001288388730354  0.00001349458676055
  0.00001413592395605  0.00001477546972543  0.00001539307541087  0.00001600987054959
  0.00001665268694662  0.00001734669781064  0.00001809967536522  0.00001887317312206
  0.00001962581550721  0.00002036630089488  0.00002112443818205  0.00002192187998438
  0.00002275382020475  0.00002357500772895  0.00002445821058999  0.00002545514289165
  0.00002649800775693  0.00002753617219592  0.00002854311657104  0.00002953349019271
  0.00003055503110650  0.00003167793509683  0.00003294042762686  0.00003432954967739
  0.00003583939035694  0.00003738868245558  0.00003898459747747  0.00004071905522802
  0.00004258255998908  0.00004450367605508  0.00004656408313450  0.00004882782493222
  0.00005126625127376  0.00005398836148424  0.00005728606902713  0.00006105889224242
  0.00006522084781747  0.00006980102705040  0.00007484026196210  0.00008043751483939
  0.00008676690887061  0.00009386072112960  0.00010183000008650  0.00011086793893089
  0.00012104876179774  0.00013254068083042  0.00014570925010607  0.00016079839715655
  0.00017726091511271  0.00019595178272568  0.00021853791216525  0.00024592450753410
  0.00027943824821754  0.00032160693091577  0.00037306009447593  0.00043374251655387
  0.00050661846586807  0.00059628850397840  0.00071341356893331  0.00086415657589244
  0.00106400324367871  0.00134444445544006  0.00170623326210596  0.00217155308840025
  0.00279490464384506  0.00365985341611682  0.00499034723769686  0.00655298276914497
  0.00844527798015815  0.01152978747375637  0.01488031063903116  0.01908072761227546
  0.02741354337624761  0.04445230905907609  0.07205740238627453  1.00000000000000000
 -0.00185295579455673  0.00636247135336287  0.01424872630054711  0.02243618986094013
  0.03105153765751075  0.03968909949169207  0.04819473206201691  0.05656842752501252
  0.06518156210255095  0.07414756506022416  0.08369600982769708  0.09330784732177848
  0.10300810096421165  0.11260843497272545  0.12223015228558677  0.13175459174472681
  0.14109921968422212  0.15081308469165119  0.16099180312236777  0.17155429925579754
  0.18179774347376673  0.19193685364590876  0.20261541549029269  0.21415409987128475
  0.22613506355114932  0.23806257667014780  0.24946609671239556  0.26030072970240692
  0.27099391877767265  0.28161773819893576  0.29213655553389484  0.30224900051816417
  0.31180614049330507  0.32135125818772581  0.33063764740407964  0.34269523869508650
  0.35344836413960329  0.36481719486849790  0.37651388119703805  0.38847470958925229
  0.40071310402405602  0.41298990182485978  0.42502539515318472  0.43727228690814479
  0.45035513301624541  0.46274908386689301  0.47364222461583372  0.48433778262155636
  0.49601200586943162  0.50749366520713635  0.51871729139817513  0.53063747388291427
  0.54260635693840298  0.55427114740243355  0.56505979522729888  0.57647270671286344
  0.58815302862260666  0.60045250089649760  0.61240246740003701  0.62355937354005098
  0.63434949122072548  0.64567315798683067  0.65719918903829011  0.66903251291019961
  0.68112188242584670  0.69383128669925376  0.70627509838951774  0.71828180308750389
  0.73019461900459370  0.74201788788665035  0.75378064820613877  0.76545125699558136
  0.77720827686631722  0.78887962731085881  0.80021940973891059  0.81095115126516848
  0.82158459526616234  0.83255431348664899  0.84391238480194075  0.85494074621975824
  0.86582985535083479  0.87667565242304102  0.88733318779065240  0.89709207420376291
  0.90602424745902588  0.91473931465230207  0.92341357677282887  0.93189091695139969
  0.94016235572323670  0.94840257681228113  0.95668264015411564  0.96509780601872408
  0.97364888371609248  0.98213510728872389  0.99056694404880752  1.00000000000000000
 -0.00219041960207313  0.00897347936551106  0.01893662485997556  0.02892224509102413
  0.03886424728079612  0.04838625986934226  0.05844936977441839  0.06829766932042415
  0.07684315902373935  0.08517686644645359  0.09388295165106537  0.10389561902057565
  0.11441852644350042  0.12406934731937168  0.13379727517623050  0.14401662390443110
  0.15481988025631882  0.16611941320003942  0.17768595655193103  0.18876699002856812
  0.19900161999945706  0.20893570597841576  0.21908502907052929  0.22967746241460438
  0.24078470785289005  0.25225852905465629  0.26416697359996549  0.27594614494867536
  0.28764028251679730  0.29893209494825301  0.30959885272302701  0.31976521376913725
  0.32969396000726597  0.33952515355114932  0.34940986156618931  0.36004268243685367
  0.37029562267194321  0.38073294854155970  0.39056659538463923  0.40085149474241027
  0.41139839933162897  0.42240349472752547  0.43381994492469994  0.44517196829441757
  0.45631560959708861  0.46713315277833090  0.47741830924771012  0.48716191223625183
  0.49679373062746712  0.50656834976450338  0.51582340855518349  0.52491537140171030
  0.53442044692960711  0.54518074184780718  0.55600543652183976  0.56670522836778470
  0.57736713219601343  0.58798049357269866  0.59880618720408163  0.60969441248924050
  0.62013365188076253  0.62969804242069427  0.63903469043792793  0.64888836501455638
  0.65915503365328754  0.66953896872276786  0.67995309675713589  0.69121489892774390
  0.70279349417230741  0.71361446546593421  0.72426858932827554  0.73489133029266240
  0.74592298676243030  0.75670142346366653  0.76744076168257169  0.77815873221685183
  0.78890485798639975  0.79994374870217400  0.81107777643363466  0.82228063454418587
  0.83329796475725426  0.84421932419218138  0.85454704400173365  0.86393772556099369
  0.87322301440608852  0.88290371723893479  0.89297923553628211  0.90310929692943220
  0.91339801805649157  0.92456817875475306  0.93635761672987194  0.94860426889132421
  0.96118508850088114  0.97416636048033844  0.98726156464368842  1.00000000000000000
 -0.00266390497596140  0.00966275711704554  0.01970963915205940  0.02970577028017907
  0.03938632864208154  0.04986118906473159  0.06054704043229397  0.07253765049407779
  0.08370938748217148  0.09492635541956324  0.10591083126643570  0.11692814976993396
  0.12774181570016460  0.13808611323471320  0.14832772613922798  0.15863734824748618
  0.16891260185555965  0.17914828664750851  0.18905683404521856  0.19873983269303108
  0.20834879633401801  0.21803829270479405  0.22830256090594686  0.23965092329903362
  0.25117340245771352  0.26246604905628435  0.27320188949502522  0.28337642794448414
  0.29350583930574475  0.30379171829217466  0.31381327555573096  0.32343740016099587
  0.33329816986622907  0.34412663171011171  0.35561671308731702  0.36654614245490741
  0.37780548174324918  0.38866071556472165  0.39908274241527741  0.40906214315088640
  0.41911911872915064  0.42929030991691153  0.43934322821725325  0.44919403909435213
  0.45908062292854029  0.46930281568607218  0.47988741150004433  0.49082502248972654
  0.50133070691123049  0.51163653630347572  0.52223737699364503  0.53403618178151835
  0.54596773863256742  0.55795472198414642  0.56960345219999176  0.58088401387790556
  0.59133443261197394  0.60058410564077980  0.60956321454200546  0.61862537160701658
  0.62799825181572433  0.63739320876261052  0.64658785351880044  0.65688358038315364
  0.66736080146376286  0.67805300738184748  0.68899085568207608  0.70065519318172131
  0.71204038569049410  0.72340216565664250  0.73460456032165589  0.74581073047164259
  0.75631042792418546  0.76704474537813272  0.77698331295202594  0.78673464660553405
  0.79580191491146168  0.80496301234545198  0.81466770924474607  0.82500853908814875
  0.83482136225114212  0.84492278704564139  0.85590147756271651  0.86834218747984515
  0.88106509450732662  0.89262962559781767  0.90417840855901288  0.91533642159065398
  0.92666366516617715  0.93788282085253716  0.94867938418621034  0.95958305007577815
  0.97039061231823986  0.98045365015378005  0.99033817885505304  1.00000000000000000
 -0.00231666392510180  0.00912240311348701  0.01893459873084286  0.02920929874713100
  0.03992712600065974  0.05127599382020939  0.06239526070877322  0.07202438779101446
  0.08076142026589035  0.08994701416980966  0.09934601860165954  0.10930549590488013
  0.11849882922622700  0.12849874820574533  0.14023184007681902  0.15209154071715458
  0.16375171139293154  0.17550267170644918  0.18583980754051452  0.19613129317691005
  0.20653834338532776  0.21718749097036788  0.22757701759147303  0.23779024385559649
  0.24809406207948834  0.25811263680969826  0.26843024722829545  0.27910054456331257
  0.28997791714411442  0.30064385796447834  0.31142747712342439  0.32308248433183501
  0.33405403795906513  0.34356950173206263  0.35277583872302531  0.36218200014682023
  0.37151011547172136  0.38054339197352455  0.38945192024736863  0.39928886859925672
  0.41050122632230607  0.42196389646672711  0.43369813729309842  0.44507060667543447
  0.45608767233844355  0.46622468187449917  0.47617104969615032  0.48556917160206875
  0.49498606404794793  0.50447223513146922  0.51442873945004997  0.52513433831088197
  0.53627659244658832  0.54732029417253869  0.55854000734284381  0.56979435069812701
  0.58082130615979111  0.59140394982808808  0.60215733849444208  0.61353930265963708
  0.62544279814159587  0.63755448005587945  0.64920786612754977  0.66120429860299201
  0.67320626786986093  0.68570779656934977  0.69732999617949065  0.70740332963761166
  0.71701381772090800  0.72657485141910594  0.73719822787716138  0.74865161395843882
  0.75994765897024819  0.77119128331920306  0.78172078992760696  0.79230108208346606
  0.80315744196853445  0.81416050680240248  0.82509188709502690  0.83550284753806636
  0.84579919176620011  0.85650395626360942  0.86755510927361790  0.87832418222496134
  0.88878983056612393  0.89928067378799326  0.91046538693122936  0.92130025482566213
  0.93116488127349184  0.94042041411457677  0.94902427124295241  0.95848247201131853
  0.96920652376709326  0.97955615304940391  0.99000380586808945  1.00000000000000000
 -0.00158609437361368  0.00551984139975100  0.01398382544017169  0.02187179736537801
  0.03081157299253690  0.04001154917538133  0.04940474468238291  0.05859844505029140
  0.06759414020788557  0.07653334596427436  0.08553224347956094  0.09473987826588877
  0.10418014013193638  0.11373867522688272  0.12327178675985107  0.13212019967067373
  0.14091329508882308  0.14978231256589936  0.15875160227624419  0.16769606638149892
  0.17699162249467848  0.18680771000765478  0.19691405349669186  0.20728028590662204
  0.21854880251052086  0.23011505602510188  0.24168995673840071  0.25332591049368586
  0.26564270465162076  0.27793158463737921  0.28927846416040970  0.30054908114816320
  0.31274144647516805  0.32619293340171940  0.33992434304027669  0.35285710403867654
  0.36504108432015997  0.37732947743005013  0.39047712784674521  0.40495233998559033
  0.41958682382458989  0.43316661477952756  0.44617134426218608  0.45892819762595854
  0.47155651541934518  0.48440085338343725  0.49716297532432902  0.50907567072530258
  0.52034036036500109  0.53159217508373291  0.54321205013643803  0.55492339975047322
  0.56657911510875070  0.57809046247153750  0.58948061260049101  0.60091645439959973
  0.61234153754637544  0.62387343825029284  0.63525962015602788  0.64634340618220609
  0.65733817569917163  0.66862263944514888  0.68008327121325707  0.69169193084137515
  0.70290203326575162  0.71395609171092766  0.72482334097602497  0.73516630287333395
  0.74584583754219747  0.75760542574917333  0.76719421213098482  0.77625999917647093
  0.78487776444781299  0.79378258544488700  0.80433609463214251  0.81447767428319306
  0.82417995209332440  0.83416140157131224  0.84434717073231158  0.85484008738165085
  0.86527105651932434  0.87529636094536534  0.88497582699553756  0.89445936786871305
  0.90391724264067541  0.91348231755491671  0.92265521337089773  0.93125353364556496
  0.93928157584506256  0.94710547297577341  0.95487351139388221  0.96283474082332976
  0.97109122157223915  0.97978514223337165  0.98971065284041015  1.00000000000000000
 -0.00240198627703479  0.00907630799717300  0.01934200620517657  0.02966125777589673
  0.04039726346480247  0.05181108370253078  0.06321344480915096  0.07430557173136228
  0.08542489579298948  0.09648812371548926  0.10689223495233849  0.11682803652445445
  0.12691724329237389  0.13736397282945637  0.14792949025458815  0.15839168067420240
  0.16881380550856639  0.17962165827113538  0.19077221732285396  0.20222346163087884
  0.21344081732786363  0.22428568923074368  0.23514825109684362  0.24624680912714259
  0.25791655275112940  0.26928053271182611  0.27916376269593379  0.28835878481915234
  0.29726160283169967  0.30667503236726845  0.31666584157784694  0.32698351122105362
  0.33758272658010569  0.34838275105169264  0.35919626861781068  0.37013648678410177
  0.38137230327790611  0.39225200619750328  0.40315759143492791  0.41410871773381708
  0.42496764591924796  0.43599671605054441  0.44701963023982405  0.45813270789459465
  0.46894325053317815  0.47920913098409296  0.48953211180490452  0.50001464712992749
  0.51124972315466999  0.52269659011223424  0.53397044725741738  0.54509342525621685
  0.55622596333553653  0.56751583205172307  0.57876360673060334  0.58990772279657466
  0.60078570664386932  0.61125130118034665  0.62130871490927975  0.63104639705309906
  0.64051890087402374  0.65018924307020987  0.66034558555245104  0.67046179727534205
  0.68032854281017441  0.68991382974952498  0.69931481393824357  0.70903387210022906
  0.71920623482001877  0.73006607533057566  0.74160533674799234  0.75290885280254038
  0.76358794197109170  0.77382649797920278  0.78380868569800688  0.79390065875642712
  0.80404971848435736  0.81414460569230884  0.82415672135090134  0.83425125509007880
  0.84489271725664505  0.85411146740316979  0.86327796430289605  0.87281711730199751
  0.88226016377942840  0.89185848381781341  0.90099673134645919  0.91073960929087550
  0.92155014372850885  0.93235519152377244  0.94322501504230549  0.95387686715975584
  0.96494899313934834  0.97662065993940184  0.98841697314382082  1.00000000000000000
 -0.00265241289193666  0.00954144731176904  0.02041414358761511  0.03082480459734572
  0.04166408778823634  0.05283642672445932  0.06421193083449191  0.07568207325058816
  0.08701342850001523  0.09810552868493629  0.10915392280982784  0.12030094686928774
  0.13131062188145937  0.14217722893524243  0.15305387976324192  0.16392556313230583
  0.17503194914872380  0.18613495364515292  0.19783857424391998  0.20946700575092769
  0.22028193817776648  0.23090724326927670  0.24122101541334459  0.25175355572904956
  0.26310730456680803  0.27520136381664173  0.28758299850353602  0.29978840626551573
  0.31140827649888453  0.32271950997281129  0.33328842545414283  0.34418937651659015
  0.35483540420160381  0.36501755266581137  0.37515910207408093  0.38506536932821694
  0.39451723003468320  0.40468336540001754  0.41512546402503397  0.42654600352175609
  0.43744684152221530  0.44822296364362635  0.45939659074495415  0.47065832981950684
  0.48178509354517640  0.49298931125940915  0.50427335605780188  0.51532966449978945
  0.52579914435505160  0.53591229089725467  0.54589147307647090  0.55581744887042628
  0.56640859545203137  0.57660306694601071  0.58590302417405293  0.59625714676593256
  0.60643156072861359  0.61765119330594243  0.62983004057558689  0.64044873261240809
  0.65106192840403299  0.66149546731611109  0.67143977831301016  0.68094683628362562
  0.69019644356885801  0.69980151793946965  0.70958385042320582  0.71914943863514502
  0.72808925526661938  0.73648212786865574  0.74522117995790715  0.75499657679833865
  0.76642695627540136  0.77746846829523586  0.78801803048177665  0.79831789405175124
  0.80819859989185217  0.81772044218369144  0.82723392062957291  0.83679429246807679
  0.84684361380545270  0.85672468626145193  0.86727429831486924  0.87797034418084619
  0.88860659466731973  0.89927892634668671  0.90992017727550689  0.92063072737421869
  0.93120384066192308  0.94136452807413418  0.95097896881614430  0.96021171879700995
  0.97010990345352666  0.98017933115272460  0.99026375515081178  1.00000000000000000
  0.00005450481678529  0.00037217008975211  0.00068088726659567  0.00095558904839460
  0.00118551318229745  0.00137377068364219  0.00158604733751290  0.00180392572438311
  0.00202905063792221  0.00228032361378657  0.00253882220372179  0.00280404462704374
  0.00307694350286177  0.00336119328791596  0.00364695112153757  0.00393606084315489
  0.00422932422322530  0.00452742191684802  0.00483232909299105  0.00514510276292253
  0.00546475286345065  0.00579537656733877  0.00613894746505418  0.00649673537382821
  0.00686925448599663  0.00725533573583927  0.00768938868825486  0.00813091880661031
  0.00858556238938652  0.00904882044133302  0.00951167883322413  0.00997851606443545
  0.01046336746119104  0.01095687468210996  0.01145695883847484  0.01197300564739162
  0.01249851457473055  0.01302717813153588  0.01356651010326558  0.01411568425795039
  0.01468715316625323  0.01524457154211774  0.01582004155563865  0.01636249286953088
  0.01692466349808005  0.01752975041912788  0.01819298894079863  0.01892356336222355
  0.01968388744299143  0.02043183584003152  0.02114999851698237  0.02188177625365516
  0.02269612493330804  0.02357991027585076  0.02451832759908310  0.02543818809639781
  0.02634582377731289  0.02720599315136238  0.02809009023266195  0.02910159645222235
  0.03017737887180393  0.03122584692419309  0.03232848598651433  0.03353187740800755
  0.03480398989239697  0.03590292677957565  0.03687920639063910  0.03785843928744535
  0.03910565181250372  0.04028693022398698  0.04137209621869765  0.04262453196083008
  0.04398276885005493  0.04545709488891409  0.04716126800370368  0.04887187880998968
  0.05039853853542775  0.05137480856991431  0.05230581586459912  0.05334660884902120
  0.05449171958305569  0.05593525686055614  0.05806267682980352  0.06002411350909579
  0.06193224226716782  0.06428412015466439  0.06699231889777349  0.06951370904926822
  0.07162558485214938  0.07390520390480318  0.07789227290088500  0.08348985185651740
  0.09311274394517383  0.11245814691338407  0.27024336919600500  1.00000000000000000
 -0.00257332833237355  0.00849702171444830  0.01809659967381899  0.02765545574988205
  0.03695883529307858  0.04591459881984607  0.05488747317263082  0.06374420350407863
  0.07273395228088231  0.08205579701457674  0.09135281815964139  0.10049097609534587
  0.10952774081857630  0.11846161687184040  0.12740698047082719  0.13666468623609521
  0.14652490423797621  0.15698398347729603  0.16720709139403186  0.17707906346449728
  0.18678240946531799  0.19672436675097671  0.20676626388536692  0.21672063980584419
  0.22676666969391324  0.23709185035133823  0.24720402911640899  0.25660671241169569
  0.26574243916022405  0.27554307777331805  0.28616316168202199  0.29688161236582189
  0.30818486634545661  0.32039025763135842  0.33312964743651347  0.34480810749816510
  0.35599789263745651  0.36739469615683540  0.37905701953444948  0.39126519414722594
  0.40550639001647454  0.42125361561447910  0.43661020971436959  0.45110138411160161
  0.46483351450830152  0.47813816048384816  0.49096037924129143  0.50318543166279106
  0.51538101838497397  0.52729152655603628  0.53969470192594449  0.55269277723867538
  0.56567985642420526  0.57869988531871253  0.59217771058070556  0.60647237525212505
  0.62112664085438085  0.63512955723053732  0.64814767438459886  0.66097573365048423
  0.67369992248683086  0.68596560056348455  0.69757558674154097  0.70864298012028637
  0.71912820784279952  0.72923456588959779  0.73948929639994010  0.75000985332984449
  0.76025660426567787  0.77001174611638634  0.77985624161208622  0.78987565990705422
  0.79885831536361529  0.80698069554487395  0.81482966712273230  0.82289068224345807
  0.83134639765714247  0.84005923849427622  0.84863021135484207  0.85683704233509772
  0.86504448534860645  0.87361230472389062  0.88290834296470722  0.89259690591549168
  0.90201623402227193  0.91116890904262704  0.92007600029859327  0.92867912743404535
  0.93695005849942492  0.94522903382191104  0.95406874550576060  0.96310985820421102
  0.97231879407428434  0.98127783746609110  0.99013121415370475  1.00000000000000000
  0.05268220027822286  0.57830735363862129  0.65386051439824944  0.69726502993803641
  0.72663870056378499  0.74880685434405758  0.76630478659536894  0.78097783086391526
  0.79364961547000956  0.80490042691758135  0.81495091940328490  0.82385805263740997
  0.83211118375320525  0.83958251552015450  0.84648194244719943  0.85291409108219030
  0.85880342734088844  0.86417964304403239  0.86930913343895122  0.87393111549091951
  0.87815901705856214  0.88227941966047674  0.88634460732127240  0.89020287919969410
  0.89373304536154508  0.89704802203226508  0.90026884019588571  0.90341656728091124
  0.90654565046392477  0.90952392381674307  0.91235034707374718  0.91501374806187674
  0.91745412359628953  0.91971114824453948  0.92192714096071549  0.92412142458015267
  0.92621419961996354  0.92820052374134510  0.93017317454966453  0.93221884069825223
  0.93433590891275187  0.93632041454505377  0.93810411962549478  0.93976131556353470
  0.94136595668776346  0.94309263104759877  0.94486113234575220  0.94655539508751374
  0.94818849577445019  0.94975277891563581  0.95121564336945197  0.95260749428983860
  0.95399154560676114  0.95536045585000717  0.95678020176904099  0.95821003826761830
  0.95958890370519412  0.96091194780197764  0.96221968975767636  0.96347845083857042
  0.96467240801574916  0.96582301019710048  0.96693914663140546  0.96801955195930423
  0.96911183287463010  0.97024897679658373  0.97139819502041835  0.97242903404923420
  0.97340686196123571  0.97438315498201711  0.97537736386650031  0.97637337143250447
  0.97736406948243748  0.97837131849417058  0.97942297424306612  0.98044105615474220
  0.98141115492222308  0.98231244685349461  0.98317666644721069  0.98401908035784524
  0.98484382286878025  0.98564920472345996  0.98643959093132549  0.98724025329833065
  0.98805176068848843  0.98887600769857398  0.98976510618264357  0.99064443562987048
  0.99155121374779520  0.99249045665966540  0.99345424613642064  0.99445250225252424
  0.99550523211786002  0.99664591375855094  0.99808599708007162  1.00000000000000000
 -0.02258911498499703  0.10874485636950822  0.14567217711700814  0.16904537128753552
  0.18690857108197212  0.20125686024038836  0.21375533652311449  0.22514642512037497
  0.23761549863147871  0.24880863217934654  0.25951520073334006  0.26918414575743399
  0.27815672609180192  0.28674616896338617  0.29500997659859657  0.30337800960548922
  0.31137952957722537  0.31913915446526281  0.32681479989320539  0.33410127722480265
  0.34098426834239209  0.34756254641996925  0.35412811351020856  0.36101364464093877
  0.36811835093390438  0.37526240810836431  0.38231288473435954  0.38913705498255646
  0.39577285608005541  0.40216636810106282  0.40845734312612375  0.41465344009510702
  0.42062823754556239  0.42643337274893489  0.43176672499128427  0.43678959713474991
  0.44168967934170955  0.44670468551214398  0.45173606050959769  0.45660781189009031
  0.46169263616387363  0.46684482809299438  0.47189850168861708  0.47695448520106026
  0.48200748766971863  0.48704922181948096  0.49193305883319594  0.49661232026259577
  0.50124898874140467  0.50596489523737354  0.51088770431126374  0.51599487155233625
  0.52128078362013253  0.52685087575733380  0.53250213889655407  0.53810062307874928
  0.54379568469607098  0.54971615999123546  0.55554696927518932  0.56137267359233034
  0.56711260723552059  0.57295356213040205  0.57893612863007737  0.58478859472141675
  0.59060972753390240  0.59657594806999603  0.60259157247248596  0.60880499280490663
  0.61525074798236101  0.62172556211861263  0.62833547638081833  0.63527866455150828
  0.64239693668806330  0.64955569750111641  0.65676592873507200  0.66405562215965153
  0.67155178494468404  0.67957137774595544  0.68754240327492766  0.69497651685893336
  0.70282022453708848  0.71070257960411309  0.71913015527699931  0.72781647567040586
  0.73702788753020798  0.74699796906601379  0.75718537946363440  0.76718903789553727
  0.77804129162888191  0.79072025706690541  0.80466838062686341  0.81973993511710841
  0.83515626636850060  0.85375514001399166  0.88690360543587088  1.00000000000000000
   1.6105059917496003E-012  -1.0000000000000000     
 F F F F F F F F F F F F F F F F F F F F F F F F F F F F F F F F F F F F F F F F F F F F F F F F F F F F F F F F F F F F F F F F F F F F F F F F F F F F F F F F F F F F F F F F F F F F F F F F F F F F F F F F F F F F F F F F F F F F F F F F F F F F F F F F F F F F F F F F F F F F F F F F F F F F F F F F F F F F F F F F F F F F F F F F F F F F F F F F F F F F F F F F F F F F F F F F F F F F F F F F F F F F F F F F F F F F F F F F F F F F F F F F F F F F F F F F F F F F F F F F F F F F F F F F F F F F F F F F F F F F F F F F F F F F F F F F F F F F F F F F F F F F F F F F F F F F F F F F F F F F F F F F F F F F F F F F F F F F F F F F F F F F F F F F F F F F F F F F F F F F F F F F F F F F F F F F F F F F F F F F F F F F F F F F F F F F F F F F F F F F F F F F F F F F F F F F F F F F F F F F F F F F F F F F F F F F F F F F F F F F F F F F F F F F F F F F F F F F F F F F F F F F F F F F F F F F F F F F F F F F F F F F F F F F F F F F F F F F F F F F F F F F F F F F F F F F F F F F F F F F F F F F F F F F F F F F
  <DiscreteSampler_grid>
  grouped_processes
  1 # 1 for a reference and 2 for a running grid.
  10 # Attribute 'min_bin_probing_points' of the grid.
  1 # Attribute 'grid_mode' of the grid. 1=='default',2=='initialization'
  0.0000000000000000 # Attribute 'small_contrib_threshold' of the grid.
  0.5000000000000000 # Attribute 'damping_power' of the grid.
 # binID   n_entries weight   weight_sqr   abs_weight
    10   10   8.413031198388732E-001   2.321738854253796E+000   8.413031198388732E-001
    16   10   8.401440017973016E-001   2.316528373733529E+000   8.401440017973016E-001
  </DiscreteSampler_grid>
