  0.00264398405111507  0.01584964312961093  0.02938366758687542  0.04184283431485413
  0.05408372502538869  0.06619822115487334  0.07751766883002734  0.08821747514897464
  0.09810498316872107  0.10797534677814769  0.11837732180434764  0.12965461285640945
  0.14054662737667509  0.15070175207132214  0.16064940392186072  0.17092497339826301
  0.18166590657928383  0.19268504402428729  0.20373652664390521  0.21500699317398109
  0.22647777247452722  0.23737578596784548  0.24796019634929795  0.25882936010647745
  0.26981458338454523  0.28041098183759550  0.29078391151985616  0.30180710477976069
  0.31324254980233179  0.32430461992595871  0.33493920662499810  0.34548059234944056
  0.35599295596441960  0.36656162480951071  0.37733311297790734  0.38849477975339647
  0.39977568363009564  0.41131220093417514  0.42245645091318468  0.43249502461218370
  0.44224660707796964  0.45240207181894276  0.46261421726105423  0.47255430274063337
  0.48292857797930666  0.49386179242670891  0.50508875314541146  0.51645487830746217
  0.52794369378053119  0.53918924331647289  0.54982381894307386  0.55978157114055438
  0.56912829497992734  0.57880353300889931  0.58923587226602625  0.59989585537327206
  0.61037837760816493  0.62096672444509149  0.63165390190885784  0.64228416563239776
  0.65335418372214571  0.66430256108018715  0.67462527347954149  0.68455245768932271
  0.69474102172257968  0.70630908720771934  0.71770832860118516  0.72919104477851715
  0.74031081441241242  0.75140281340644821  0.76172737987390127  0.77177389925907558
  0.78168924539044526  0.79184459441981159  0.80189697830874385  0.81187785394941658
  0.82188023125450071  0.83221202627970570  0.84259868710536390  0.85285218209547053
  0.86310484631653994  0.87274638943329663  0.88223045225590768  0.89158075367734779
  0.90140626110270394  0.91138520759771624  0.92126688142642854  0.93053246086119334
  0.93983915389155692  0.94960815778896135  0.95912170427744925  0.96790003747745867
  0.97621439559748069  0.98429654223008800  0.99220170766364568  1.00000000000000000
  0.00976824228326711  0.01561729995397758  0.02499502181445551  0.03568535800577228
  0.04623778163987528  0.05689949742861217  0.06834539403738170  0.08020658441741292
  0.09061096256455729  0.09989903337952530  0.10924540172634990  0.11854938826571973
  0.12781446484432074  0.13707834843167682  0.14686264212257577  0.15722531709337678
  0.16751490783031001  0.17793936236900440  0.18838642549195711  0.19885396738550784
  0.20960477329284033  0.22023280710210108  0.23051393237489295  0.24045082362775144
  0.25002499077269069  0.25928176476375098  0.26856014779330745  0.27792281644950523
  0.28760304202423009  0.29674542809628501  0.30606572196851140  0.31607147182582107
  0.32734889870885797  0.33844817464724153  0.34915174583909658  0.36009767441989221
  0.37116197156998815  0.38215667692025224  0.39334236517772925  0.40464888809168598
  0.41597663820395930  0.42757032720473148  0.43972108660513154  0.45242467050991630
  0.46485918276174515  0.47616059990143156  0.48661986004606633  0.49633951475364241
  0.50670090667312606  0.51711209095326971  0.52742768337535528  0.53629808440271798
  0.54496933105971346  0.55397749152287745  0.56367808134452646  0.57383116372571386
  0.58375175776287958  0.59369966330638313  0.60378789055756577  0.61378502155149439
  0.62371857282710386  0.63338430320085459  0.64330963241226924  0.65344134686867406
  0.66410410122497443  0.67491031467414331  0.68548565159494557  0.69611830854868550
  0.70699225532070831  0.71800147832209382  0.72868268936476921  0.73909007869139298
  0.74926993986948043  0.75925731363244808  0.76925241735784489  0.77932936381304385
  0.78940241237390796  0.79960929496406896  0.81027749953379880  0.82100057469949461
  0.83113190678214832  0.84093975874221949  0.85097806809416243  0.86156798893929010
  0.87233234518672675  0.88307128856658712  0.89406577463720438  0.90550352561954295
  0.91734078810691122  0.92953459661256843  0.94204805280456139  0.95438695832957798
  0.96593356312891732  0.97694339920575146  0.98826024076127672  1.00000000000000000
  0.00150942432940794  0.01870721070460053  0.03577473642996890  0.04993900461149184
  0.06354636105442406  0.07512002681500965  0.08628862004228616  0.09674135903977707
  0.10737685504624056  0.11819681188537587  0.12944170249106021  0.14078772364513067
  0.15151984122840714  0.16528763894060314  0.17687822024277425  0.18924430394736722
  0.20108001395839709  0.21240676897944388  0.22338877583683325  0.23456410799647381
  0.24539613082723682  0.25603646857513634  0.26692300183579476  0.27789599147164668
  0.28879323803475920  0.29926910250711963  0.30964885747277443  0.31994904276545061
  0.33031446916506702  0.34058636881083915  0.35069545305626620  0.36122507794780184
  0.37184094298100601  0.38236139588883389  0.39256398177828056  0.40297813784896019
  0.41346404813448362  0.42416333492086000  0.43523290757251393  0.44673586080064492
  0.45856841322338909  0.47048565219863625  0.48167325562687879  0.49270747806882154
  0.50288453865416438  0.51282227287447268  0.52311651744331256  0.53370084410403229
  0.54552798743263298  0.55738628390342337  0.56868919942969243  0.57968328003707126
  0.59005130444087528  0.60071435686684449  0.61128973741129422  0.62210075954160149
  0.63272318033822628  0.64337208122696710  0.65400633976675027  0.66433712558862668
  0.67454235128415907  0.68442418027098917  0.69394916773931581  0.70345380766136456
  0.71343469548603022  0.72366061617441013  0.73286588022370402  0.74145622314479986
  0.75044488530639186  0.76024295099682515  0.77078863948445031  0.78118036391327894
  0.79084879424020915  0.79993080255472038  0.80910721970168209  0.81881226654862993
  0.82926250228996701  0.83952461728072381  0.84964606015794086  0.86018338750854251
  0.87123869319198677  0.88198516540511085  0.89199215783668939  0.90166710911305892
  0.91111255992715012  0.92023111740970087  0.92908568069598396  0.93826953654086065
  0.94827738694742580  0.95755471559936745  0.96542642064376916  0.97308676212727840
  0.98063130269853405  0.98778276793438968  0.99180718632436593  1.00000000000000000
  0.00000346778804583  0.00000362204380616  0.00000373256164820  0.00000384704234675
  0.00000395398933223  0.00000405954510774  0.00000415482047237  0.00000424387151141
  0.00000434204527282  0.00000446634838941  0.00000461196659947  0.00000478356435032
  0.00000508506425064  0.00000534560021587  0.00000558005426780  0.00000579791495613
  0.00000600568445453  0.00000620410547159  0.00000641092725014  0.00000660460759502
  0.00000680619467921  0.00000702101544752  0.00000725653034704  0.00000751761114129
  0.00000778011973683  0.00000807682345562  0.00000839150811519  0.00000870803115916
  0.00000902901293859  0.00000935936607897  0.00000970588674418  0.00001007586432604
  0.00001040691409847  0.00001072502042494  0.00001105342044387  0.00001140864193657
  0.00001178860996000  0.00001215456851003  0.00001251574275978  0.00001288887969569
  0.00001326431083109  0.00001365666364567  0.00001406632228553  0.00001449333196131
  0.00001492901732772  0.00001537386466360  0.00001582559015157  0.00001629594828347
  0.00001680975113603  0.00001736441645858  0.00001794625622961  0.00001856148631002
  0.00001923164791574  0.00001990830487932  0.00002057997393999  0.00002130046127803
  0.00002205627680714  0.00002284114286278  0.00002370612110683  0.00002458354516553
  0.00002545565415320  0.00002635407246730  0.00002735144619567  0.00002850635095107
  0.00002977043628881  0.00003108813900121  0.00003246136047580  0.00003389645738543
  0.00003550806318529  0.00003744111322876  0.00003968938748795  0.00004215956735394
  0.00004494687916832  0.00004827484436087  0.00005218969552264  0.00005673032608751
  0.00006215552422139  0.00006880826794714  0.00007744500874611  0.00009008705012679
  0.00010866073140544  0.00013441679005901  0.00017108399629179  0.00023341775472935
  0.00033046059801326  0.00047951651231762  0.00076769108646605  0.00127760160425058
  0.00218307251035488  0.00380202820105773  0.00657573798226613  0.01000427645491683
  0.01517591800381190  0.03670440120832237  0.23209243778393909  1.00000000000000000
  0.00000219734616715  0.00000330379222263  0.00000398438829425  0.00000461814640295
  0.00000523613025390  0.00000580324237488  0.00000634600877376  0.00000689675393179
  0.00000743794190232  0.00000795605748703  0.00000847208917034  0.00000900884990355
  0.00000956343183323  0.00001012354798257  0.00001067845189928  0.00001121820301384
  0.00001175870893398  0.00001231211716225  0.00001288388730225  0.00001349458675910
  0.00001413592395446  0.00001477546972381  0.00001539307540923  0.00001600987054785
  0.00001665268694473  0.00001734669780849  0.00001809967536278  0.00001887317311955
  0.00001962581550472  0.00002036630089226  0.00002112443817928  0.00002192187998134
  0.00002275382020165  0.00002357500772571  0.00002445821058618  0.00002545514288749
  0.00002649800775256  0.00002753617219155  0.00002854311656664  0.00002953349018813
  0.00003055503110142  0.00003167793509101  0.00003294042762025  0.00003432954966986
  0.00003583939034902  0.00003738868244743  0.00003898459746887  0.00004071905521834
  0.00004258255997873  0.00004450367604435  0.00004656408312221  0.00004882782491873
  0.00005126625125907  0.00005398836146594  0.00005728606900543  0.00006105889221999
  0.00006522084779226  0.00006980102702200  0.00007484026193007  0.00008043751480208
  0.00008676690882772  0.00009386072108465  0.00010183000003522  0.00011086793887217
  0.00012104876173066  0.00013254068075395  0.00014570925001706  0.00016079839705739
  0.00017726091500026  0.00019595178259132  0.00021853791200070  0.00024592450733298
  0.00027943824796575  0.00032160693061148  0.00037306009412259  0.00043374251613446
  0.00050661846538020  0.00059628850336091  0.00071341356815530  0.00086415657492316
  0.00106400324240464  0.00134444445347123  0.00170623325975286  0.00217155308543000
  0.00279490464015855  0.00365985340926741  0.00499034722845526  0.00655298275957436
  0.00844527796379966  0.01152978745306758  0.01488031061965401  0.01908072758600832
  0.02741354333529279  0.04445230901702887  0.07205740238701457  1.00000000000000000
 -0.00185295579457966  0.00636247135333884  0.01424872630047768  0.02243618986083522
  0.03105153765738163  0.03968909949155698  0.04819473206186586  0.05656842752482793
  0.06518156210228176  0.07414756505990336  0.08369600982730574  0.09330784732138059
  0.10300810096372474  0.11260843497216116  0.12223015228496188  0.13175459174411883
  0.14109921968365136  0.15081308469102356  0.16099180312162734  0.17155429925496604
  0.18179774347291425  0.19193685364506213  0.20261541548941078  0.21415409987032538
  0.22613506355013147  0.23806257666913791  0.24946609671142686  0.26030072970140455
  0.27099391877659307  0.28161773819780911  0.29213655553269513  0.30224900051700687
  0.31180614049222416  0.32135125818677329  0.33063764740292079  0.34269523869394708
  0.35344836413863184  0.36481719486741887  0.37651388119580481  0.38847470958790709
  0.40071310402268778  0.41298990182346279  0.42502539515174043  0.43727228690649939
  0.45035513301461177  0.46274908386567193  0.47364222461492350  0.48433778262083610
  0.49601200586876398  0.50749366520653583  0.51871729139765865  0.53063747388250504
  0.54260635693814796  0.55427114740237760  0.56505979522738392  0.57647270671304318
  0.58815302862286456  0.60045250089682456  0.61240246740034521  0.62355937354042479
  0.63434949122108997  0.64567315798723190  0.65719918903859820  0.66903251291043675
  0.68112188242594462  0.69383128669936278  0.70627509838972657  0.71828180308779388
  0.73019461900491434  0.74201788788692447  0.75378064820636670  0.76545125699632843
  0.77720827686752403  0.78887962731251315  0.80021940974044203  0.81095115126654982
  0.82158459526741434  0.83255431348774378  0.84391238480302688  0.85494074622072380
  0.86582985535169432  0.87667565242379675  0.88733318779133985  0.89709207420439685
  0.90602424745962695  0.91473931465289748  0.92341357677342528  0.93189091695200921
  0.94016235572389517  0.94840257681295870  0.95668264015475946  0.96509780601925610
  0.97364888371643088  0.98213510728887665  0.99056694404884593  1.00000000000000000
 -0.00219041960209450  0.00897347936544322  0.01893662485979512  0.02892224509079504
  0.03886424728054899  0.04838625986896569  0.05844936977389727  0.06829766931987984
  0.07684315902318574  0.08517686644581751  0.09388295165028888  0.10389561901972963
  0.11441852644283357  0.12406934731882736  0.13379727517576048  0.14401662390397965
  0.15481988025577123  0.16611941319939633  0.17768595655128561  0.18876699002798070
  0.19900161999900848  0.20893570597809813  0.21908502907024435  0.22967746241430284
  0.24078470785256381  0.25225852905431673  0.26416697359973951  0.27594614494845682
  0.28764028251662371  0.29893209494798206  0.30959885272265153  0.31976521376882461
  0.32969396000719731  0.33952515355139479  0.34940986156672554  0.36004268243738424
  0.37029562267259347  0.38073294854208206  0.39056659538527411  0.40085149474315146
  0.41139839933246958  0.42240349472842553  0.43381994492572384  0.44517196829547384
  0.45631560959824896  0.46713315277944795  0.47741830924866729  0.48716191223714544
  0.49679373062834603  0.50656834976520893  0.51582340855589670  0.52491537140217426
  0.53442044692997515  0.54518074184828780  0.55600543652232259  0.56670522836825821
  0.57736713219639146  0.58798049357293103  0.59880618720422452  0.60969441248949807
  0.62013365188139358  0.62969804242164051  0.63903469043926253  0.64888836501593328
  0.65915503365468342  0.66953896872416196  0.67995309675851801  0.69121489892898302
  0.70279349417329728  0.71361446546696505  0.72426858932939986  0.73489133029395037
  0.74592298676381619  0.75670142346500990  0.76744076168395026  0.77815873221818110
  0.78890485798764798  0.79994374870335738  0.81107777643479340  0.82228063454527667
  0.83329796475825224  0.84421932419306922  0.85454704400243642  0.86393772556157766
  0.87322301440662509  0.88290371723941774  0.89297923553671410  0.90310929692983222
  0.91339801805694809  0.92456817875529818  0.93635761673045903  0.94860426889185223
  0.96118508850127482  0.97416636048055150  0.98726156464374815  1.00000000000000000
 -0.00266390497595925  0.00966275711687561  0.01970963915178670  0.02970577027980720
  0.03938632864170666  0.04986118906436928  0.06054704043198342  0.07253765049386082
  0.08370938748204013  0.09492635541938260  0.10591083126616520  0.11692814976957580
  0.12774181569976673  0.13808611323424055  0.14832772613865375  0.15863734824692263
  0.16891260185510504  0.17914828664717566  0.18905683404494383  0.19873983269270484
  0.20834879633358991  0.21803829270428601  0.22830256090530460  0.23965092329824142
  0.25117340245697528  0.26246604905556387  0.27320188949427027  0.28337642794365792
  0.29350583930487595  0.30379171829125506  0.31381327555485905  0.32343740016009176
  0.33329816986528898  0.34412663170898283  0.35561671308605491  0.36654614245372974
  0.37780548174193879  0.38866071556354115  0.39908274241416264  0.40906214314984990
  0.41911911872799562  0.42929030991566702  0.43934322821588240  0.44919403909285088
  0.45908062292686269  0.46930281568425891  0.47988741149818054  0.49082502248782595
  0.50133070690945980  0.51163653630176265  0.52223737699186279  0.53403618177943246
  0.54596773863046688  0.55795472198202178  0.56960345219800812  0.58088401387599575
  0.59133443261034524  0.60058410563942011  0.60956321454074103  0.61862537160585152
  0.62799825181465174  0.63739320876161421  0.64658785351776682  0.65688358038188055
  0.66736080146241150  0.67805300738054930  0.68899085568083629  0.70065519318060121
  0.71204038568931061  0.72340216565530624  0.73460456032018928  0.74581073047016444
  0.75631042792282299  0.76704474537681422  0.77698331295080725  0.78673464660439818
  0.79580191491030750  0.80496301234438017  0.81466770924368415  0.82500853908726046
  0.83482136225020787  0.84492278704458756  0.85590147756142543  0.86834218747847447
  0.88106509450611958  0.89262962559662662  0.90417840855789566  0.91533642158945672
  0.92666366516490384  0.93788282085127339  0.94867938418487463  0.95958305007451361
  0.97039061231752777  0.98045365015345554  0.99033817885513298  1.00000000000000000
 -0.00231666392510185  0.00912240311354308  0.01893459873092289  0.02920929874715795
  0.03992712600065065  0.05127599382007301  0.06239526070863055  0.07202438779082974
  0.08076142026581698  0.08994701416984235  0.09934601860182321  0.10930549590507714
  0.11849882922642810  0.12849874820593529  0.14023184007698272  0.15209154071726158
  0.16375171139306688  0.17550267170655051  0.18583980754058022  0.19613129317689215
  0.20653834338521160  0.21718749097019507  0.22757701759169166  0.23779024385621114
  0.24809406208061838  0.25811263681077234  0.26843024722933123  0.27910054456429528
  0.28997791714514709  0.30064385796562182  0.31142747712478175  0.32308248433306469
  0.33405403796000593  0.34356950173295570  0.35277583872395357  0.36218200014782831
  0.37151011547266011  0.38054339197435266  0.38945192024820519  0.39928886860016394
  0.41050122632324243  0.42196389646760329  0.43369813729388196  0.44507060667608439
  0.45608767233899938  0.46622468187499583  0.47617104969670870  0.48556917160257668
  0.49498606404831058  0.50447223513172623  0.51442873945028378  0.52513433831104428
  0.53627659244664350  0.54732029417257122  0.55854000734285669  0.56979435069807205
  0.58082130615959504  0.59140394982778610  0.60215733849407671  0.61353930265923318
  0.62544279814109660  0.63755448005529158  0.64920786612683401  0.66120429860221031
  0.67320626786890869  0.68570779656843173  0.69732999617882951  0.70740332963683150
  0.71701381772018769  0.72657485141844236  0.73719822787665890  0.74865161395838209
  0.75994765897040439  0.77119128331936904  0.78172078992785909  0.79230108208376759
  0.80315744196899086  0.81416050680286667  0.82509188709548120  0.83550284753844239
  0.84579919176647556  0.85650395626381137  0.86755510927375290  0.87832418222502262
  0.88878983056612160  0.89928067378801735  0.91046538693126766  0.92130025482576006
  0.93116488127353236  0.94042041411452970  0.94902427124292776  0.95848247201134695
  0.96920652376715843  0.97955615304948240  0.99000380586813419  1.00000000000000000
 -0.00158609437358222  0.00551984139962077  0.01398382543988520  0.02187179736499199
  0.03081157299201031  0.04001154917481446  0.04940474468175612  0.05859844504955263
  0.06759414020699114  0.07653334596324722  0.08553224347847269  0.09473987826471802
  0.10418014013064517  0.11373867522547459  0.12327178675849380  0.13212019966954461
  0.14091329508779873  0.14978231256504004  0.15875160227536486  0.16769606638054177
  0.17699162249350214  0.18680771000632859  0.19691405349525459  0.20728028590510941
  0.21854880250887923  0.23011505602340640  0.24168995673662166  0.25332591049174819
  0.26564270464955109  0.27793158463544904  0.28927846415883651  0.30054908114698931
  0.31274144647438945  0.32619293340118605  0.33992434303973434  0.35285710403812487
  0.36504108431958282  0.37732947742945627  0.39047712784614402  0.40495233998514574
  0.41958682382417467  0.43316661477904450  0.44617134426159355  0.45892819762525289
  0.47155651541855020  0.48440085338258115  0.49716297532349968  0.50907567072451765
  0.52034036036429709  0.53159217508316992  0.54321205013603313  0.55492339975016347
  0.56657911510847747  0.57809046247114437  0.58948061259996476  0.60091645439904506
  0.61234153754579168  0.62387343824961927  0.63525962015529458  0.64634340618149788
  0.65733817569848352  0.66862263944444789  0.68008327121241774  0.69169193084045189
  0.70290203326471612  0.71395609170974605  0.72482334097466594  0.73516630287195517
  0.74584583754066680  0.75760542574806000  0.76719421212996952  0.77625999917549537
  0.78487776444685775  0.79378258544381031  0.80433609463080113  0.81447767428194395
  0.82417995209221717  0.83416140157022023  0.84434717073131249  0.85484008738075135
  0.86527105651846437  0.87529636094448349  0.88497582699465582  0.89445936786791302
  0.90391724263996265  0.91348231755424691  0.92265521337024903  0.93125353364495111
  0.93928157584440652  0.94710547297516545  0.95487351139337273  0.96283474082296117
  0.97109122157205385  0.97978514223333524  0.98971065284037929  1.00000000000000000
 -0.00240198627701369  0.00907630799701918  0.01934200620489513  0.02966125777554766
  0.04039726346441253  0.05181108370213163  0.06321344480875847  0.07430557173096626
  0.08542489579249732  0.09648812371489349  0.10689223495166318  0.11682803652367843
  0.12691724329144072  0.13736397282838017  0.14792949025346797  0.15839168067310272
  0.16881380550739802  0.17962165826980461  0.19077221732137381  0.20222346162930255
  0.21344081732633097  0.22428568922916362  0.23514825109514190  0.24624680912530064
  0.25791655274910125  0.26928053270995861  0.27916376269433119  0.28835878481761829
  0.29726160283028963  0.30667503236576327  0.31666584157642663  0.32698351121972624
  0.33758272657881389  0.34838275105034050  0.35919626861638798  0.37013648678252231
  0.38137230327623789  0.39225200619587441  0.40315759143327495  0.41410871773209074
  0.42496764591747843  0.43599671604868234  0.44701963023799229  0.45813270789273308
  0.46894325053143859  0.47920913098252721  0.48953211180338085  0.50001464712845167
  0.51124972315308415  0.52269659011069514  0.53397044725590614  0.54509342525468429
  0.55622596333389263  0.56751583205006328  0.57876360672895932  0.58990772279498471
  0.60078570664230035  0.61125130117884430  0.62130871490781170  0.63104639705168031
  0.64051890087256613  0.65018924306864645  0.66034558555080791  0.67046179727378441
  0.68032854280863886  0.68991382974811954  0.69931481393689754  0.70903387209873803
  0.71920623481839274  0.73006607532875700  0.74160533674612883  0.75290885280080688
  0.76358794196934476  0.77382649797775749  0.78380868569703355  0.79390065875593030
  0.80404971848409301  0.81414460569198965  0.82415672135052986  0.83425125508946718
  0.84489271725622672  0.85411146740259969  0.86327796430234205  0.87281711730140354
  0.88226016377896133  0.89185848381753652  0.90099673134636660  0.91073960929084885
  0.92155014372828059  0.93235519152339874  0.94322501504182577  0.95387686715931341
  0.96494899313898330  0.97662065993912139  0.98841697314371291  1.00000000000000000
 -0.00265241289190531  0.00954144731169471  0.02041414358746026  0.03082480459743149
  0.04166408778861330  0.05283642672514597  0.06421193083533935  0.07568207325146316
  0.08701342850099529  0.09810552868604307  0.10915392281095462  0.12030094687033434
  0.13131062188244152  0.14217722893619530  0.15305387976420284  0.16392556313314310
  0.17503194914947098  0.18613495364577784  0.19783857424450163  0.20946700575149838
  0.22028193817834787  0.23090724326975640  0.24122101541367547  0.25175355572926583
  0.26310730456692222  0.27520136381670157  0.28758299850351426  0.29978840626546832
  0.31140827649873332  0.32271950997261467  0.33328842545385512  0.34418937651621939
  0.35483540420115828  0.36501755266524910  0.37515910207329878  0.38506536932727647
  0.39451723003393846  0.40468336539965627  0.41512546402501521  0.42654600352175226
  0.43744684152219565  0.44822296364355985  0.45939659074478201  0.47065832981924571
  0.48178509354480509  0.49298931125904355  0.50427335605735002  0.51532966449930184
  0.52579914435446995  0.53591229089667625  0.54589147307585340  0.55581744886973838
  0.56640859545131494  0.57660306694529972  0.58590302417319873  0.59625714676506447
  0.60643156072761939  0.61765119330486862  0.62983004057453085  0.64044873261144697
  0.65106192840301980  0.66149546731513231  0.67143977831224411  0.68094683628293184
  0.69019644356816279  0.69980151793883794  0.70958385042271943  0.71914943863475844
  0.72808925526629753  0.73648212786832301  0.74522117995756532  0.75499657679798904
  0.76642695627504187  0.77746846829509364  0.78801803048197416  0.79831789405200826
  0.80819859989196086  0.81772044218355133  0.82723392062936418  0.83679429246789294
  0.84684361380526807  0.85672468626122988  0.86727429831464153  0.87797034418062259
  0.88860659466714786  0.89927892634655127  0.90992017727542862  0.92063072737420604
  0.93120384066202921  0.94136452807430493  0.95097896881630739  0.96021171879712297
  0.97010990345359283  0.98017933115273725  0.99026375515080012  1.00000000000000000
  0.00005450481678432  0.00037217008969815  0.00068088726650351  0.00095558904825769
  0.00118551318217176  0.00137377068348342  0.00158604733729700  0.00180392572412285
  0.00202905063758823  0.00228032361340532  0.00253882220328180  0.00280404462654321
  0.00307694350229384  0.00336119328729972  0.00364695112087319  0.00393606084243190
  0.00422932422244098  0.00452742191599725  0.00483232909208961  0.00514510276195305
  0.00546475286241329  0.00579537656621244  0.00613894746383334  0.00649673537249537
  0.00686925448458335  0.00725533573420952  0.00768938868651786  0.00813091880482570
  0.00858556238749372  0.00904882043935862  0.00951167883121638  0.00997851606237404
  0.01046336745897755  0.01095687467987539  0.01145695883616792  0.01197300564495913
  0.01249851457227790  0.01302717812898487  0.01356651010067061  0.01411568425523426
  0.01468715316366045  0.01524457153936684  0.01582004155307119  0.01636249286688905
  0.01692466349519774  0.01752975041595548  0.01819298893718411  0.01892356335828006
  0.01968388743894480  0.02043183583612491  0.02114999851305871  0.02188177624912739
  0.02269612492832743  0.02357991027023909  0.02451832759363807  0.02543818809098833
  0.02634582377195576  0.02720599314592532  0.02809009022683744  0.02910159644510156
  0.03017737886490223  0.03122584691755212  0.03232848597999144  0.03353187740028286
  0.03480398988484484  0.03590292677349078  0.03687920638413665  0.03785843928129817
  0.03910565180398692  0.04028693021614125  0.04137209621092187  0.04262453195129305
  0.04398276884033407  0.04545709487771443  0.04716126799040776  0.04887187879749265
  0.05039853852279173  0.05137480855935850  0.05230581585314074  0.05334660883737415
  0.05449171957196862  0.05593525685204993  0.05806267682057275  0.06002411349980324
  0.06193224225714036  0.06428412014126871  0.06699231888478145  0.06951370903968734
  0.07162558484255373  0.07390520389113261  0.07789227287606384  0.08348985183598073
  0.09311274391523636  0.11245814692087414  0.27024336958362849  1.00000000000000000
 -0.00257332833241002  0.00849702171455485  0.01809659967394525  0.02765545575001925
  0.03695883529325042  0.04591459882012354  0.05488747317302832  0.06374420350468715
  0.07273395228190903  0.08205579701611231  0.09135281816158160  0.10049097609751030
  0.10952774082073816  0.11846161687402351  0.12740698047319188  0.13666468623865716
  0.14652490424082165  0.15698398348007248  0.16720709139685422  0.17707906346733363
  0.18678240946826707  0.19672436675390723  0.20676626388826344  0.21672063980875414
  0.22676666969694612  0.23709185035439306  0.24720402911930892  0.25660671241445182
  0.26574243916288059  0.27554307777608961  0.28616316168461009  0.29688161236848620
  0.30818486634817976  0.32039025763431578  0.33312964743893841  0.34480810750047097
  0.35599789263969839  0.36739469615907905  0.37905701953654863  0.39126519414954564
  0.40550639001907934  0.42125361561657282  0.43661020971620979  0.45110138411331469
  0.46483351450978577  0.47813816048516128  0.49096037924224950  0.50318543166354346
  0.51538101838569539  0.52729152655653011  0.53969470192652302  0.55269277723914290
  0.56567985642460450  0.57869988531902461  0.59217771058090374  0.60647237525213116
  0.62112664085426494  0.63512955723025188  0.64814767438409115  0.66097573364989826
  0.67369992248623112  0.68596560056284217  0.69757558674079900  0.70864298011952498
  0.71912820784207065  0.72923456588888291  0.73948929639917538  0.75000985332907000
  0.76025660426490826  0.77001174611551371  0.77985624161103528  0.78987565990601438
  0.79885831536273255  0.80698069554403551  0.81482966712196880  0.82289068224271700
  0.83134639765641472  0.84005923849361352  0.84863021135425787  0.85683704233469915
  0.86504448534838085  0.87361230472378637  0.88290834296464016  0.89259690591548002
  0.90201623402228326  0.91116890904257897  0.92007600029852021  0.92867912743396641
  0.93695005849933566  0.94522903382175127  0.95406874550559939  0.96310985820409167
  0.97231879407424215  0.98127783746611874  0.99013121415369354  1.00000000000000000
  0.05268220027778735  0.57830735364550756  0.65386051440345261  0.69726502994323059
  0.72663870056815694  0.74880685434830829  0.76630478659934043  0.78097783086750516
  0.79364961547356994  0.80490042692094332  0.81495091940638031  0.82385805264040513
  0.83211118375611304  0.83958251552285701  0.84648194244987518  0.85291409108458494
  0.85880342734310799  0.86417964304623063  0.86930913344106386  0.87393111549286062
  0.87815901706041954  0.88227941966235035  0.88634460732316211  0.89020287920149777
  0.89373304536318221  0.89704802203383616  0.90026884019742137  0.90341656728246567
  0.90654565046545776  0.90952392381817615  0.91235034707513762  0.91501374806319435
  0.91745412359748291  0.91971114824564282  0.92192714096181994  0.92412142458123947
  0.92621419962098073  0.92820052374232564  0.93017317455066628  0.93221884069934013
  0.93433590891384832  0.93632041454605286  0.93810411962640161  0.93976131556440223
  0.94136595668859702  0.94309263104852847  0.94486113234666336  0.94655539508836961
  0.94818849577526398  0.94975277891638965  0.95121564337014075  0.95260749429052272
  0.95399154560742427  0.95536045585068108  0.95678020176971068  0.95821003826831275
  0.95958890370585981  0.96091194780264011  0.96221968975831984  0.96347845083916817
  0.96467240801633414  0.96582301019767480  0.96693914663194569  0.96801955195982936
  0.96911183287517899  0.97024897679711641  0.97139819502088154  0.97242903404966652
  0.97340686196162185  0.97438315498237982  0.97537736386685525  0.97637337143283420
  0.97736406948275001  0.97837131849448067  0.97942297424330405  0.98044105615496324
  0.98141115492240416  0.98231244685363517  0.98317666644731749  0.98401908035791941
  0.98484382286882188  0.98564920472347062  0.98643959093131117  0.98724025329829723
  0.98805176068843958  0.98887600769853845  0.98976510618259184  0.99064443562980042
  0.99155121374771371  0.99249045665956825  0.99345424613629907  0.99445250225238213
  0.99550523211774522  0.99664591375848111  0.99808599708009782  1.00000000000000000
 -0.02258911498487969  0.10874485636895700  0.14567217711644725  0.16904537128707500
  0.18690857108162864  0.20125686024007530  0.21375533652291950  0.22514642512025268
  0.23761549863118084  0.24880863217912236  0.25951520073303991  0.26918414575715233
  0.27815672609140002  0.28674616896291955  0.29500997659812328  0.30337800960490457
  0.31137952957675513  0.31913915446502766  0.32681479989321222  0.33410127722507127
  0.34098426834284412  0.34756254642062162  0.35412811351110002  0.36101364464198199
  0.36811835093496731  0.37526240810944156  0.38231288473545993  0.38913705498365403
  0.39577285608109197  0.40216636810195255  0.40845734312694992  0.41465344009591648
  0.42062823754639100  0.42643337274975274  0.43176672499206747  0.43678959713547694
  0.44168967934241127  0.44670468551285547  0.45173606051028459  0.45660781189079913
  0.46169263616460104  0.46684482809371836  0.47189850168935538  0.47695448520182504
  0.48200748767055074  0.48704922182035032  0.49193305883400268  0.49661232026333479
  0.50124898874207846  0.50596489523802390  0.51088770431194708  0.51599487155309043
  0.52128078362097319  0.52685087575817813  0.53250213889727205  0.53810062307934481
  0.54379568469661665  0.54971615999174228  0.55554696927571567  0.56137267359278420
  0.56711260723594026  0.57295356213081028  0.57893612863046695  0.58478859472184264
  0.59060972753437502  0.59657594807050529  0.60259157247300654  0.60880499280543399
  0.61525074798292445  0.62172556211920038  0.62833547638143838  0.63527866455218818
  0.64239693668875553  0.64955569750179853  0.65676592873572637  0.66405562216025038
  0.67155178494527756  0.67957137774651888  0.68754240327544969  0.69497651685936590
  0.70282022453750803  0.71070257960448779  0.71913015527739532  0.72781647567078844
  0.73702788753061144  0.74699796906643900  0.75718537946403253  0.76718903789587167
  0.77804129162915492  0.79072025706711835  0.80466838062700674  0.81973993511716470
  0.83515626636843598  0.85375514001388508  0.88690360543570246  1.00000000000000000
   1.6105059914827665E-012  -1.0000000000000000     
 F F F F F F F F F F F F F F F F F F F F F F F F F F F F F F F F F F F F F F F F F F F F F F F F F F F F F F F F F F F F F F F F F F F F F F F F F F F F F F F F F F F F F F F F F F F F F F F F F F F F F F F F F F F F F F F F F F F F F F F F F F F F F F F F F F F F F F F F F F F F F F F F F F F F F F F F F F F F F F F F F F F F F F F F F F F F F F F F F F F F F F F F F F F F F F F F F F F F F F F F F F F F F F F F F F F F F F F F F F F F F F F F F F F F F F F F F F F F F F F F F F F F F F F F F F F F F F F F F F F F F F F F F F F F F F F F F F F F F F F F F F F F F F F F F F F F F F F F F F F F F F F F F F F F F F F F F F F F F F F F F F F F F F F F F F F F F F F F F F F F F F F F F F F F F F F F F F F F F F F F F F F F F F F F F F F F F F F F F F F F F F F F F F F F F F F F F F F F F F F F F F F F F F F F F F F F F F F F F F F F F F F F F F F F F F F F F F F F F F F F F F F F F F F F F F F F F F F F F F F F F F F F F F F F F F F F F F F F F F F F F F F F F F F F F F F F F F F F F F F F F F F F F F F F F F F F
  <DiscreteSampler_grid>
  grouped_processes
  1 # 1 for a reference and 2 for a running grid.
  10 # Attribute 'min_bin_probing_points' of the grid.
  1 # Attribute 'grid_mode' of the grid. 1=='default',2=='initialization'
  0.0000000000000000 # Attribute 'small_contrib_threshold' of the grid.
  0.5000000000000000 # Attribute 'damping_power' of the grid.
 # binID   n_entries weight   weight_sqr   abs_weight
    10   10   8.413031198388732E-001   2.321738854253796E+000   8.413031198388732E-001
    16   10   8.401440017973016E-001   2.316528373733530E+000   8.401440017973016E-001
  </DiscreteSampler_grid>
