  0.00233368795172780  0.01658106082196503  0.03016647723677499  0.04288007964587884
  0.05536377618088910  0.06873680204663490  0.08163362430832265  0.09304804139041092
  0.10430024082414814  0.11541293247119803  0.12680896546359946  0.13881973230961850
  0.15078697278799047  0.16274795505080997  0.17468884486886455  0.18626735729739069
  0.19727980197049994  0.20757560715542106  0.21803539538694536  0.22896591875623690
  0.24056421730186550  0.25267077276519434  0.26511872431407102  0.27664622454126458
  0.28714675899363751  0.29740508200267513  0.30731556586875908  0.31784224162365204
  0.32854056598797232  0.33945223912353029  0.35045374639348664  0.36124152898384593
  0.37198724486063850  0.38265452171909015  0.39374808625590285  0.40480006060727353
  0.41589402034779976  0.42748665521369394  0.43919651124350972  0.45055173079115368
  0.46119378501392655  0.47143454827754849  0.48169469527212005  0.49217175347498793
  0.50282154202607776  0.51364947707432596  0.52488409818703996  0.53626760412421637
  0.54682031859134439  0.55667582604807864  0.56668871759372186  0.57687340800218756
  0.58689815267139067  0.59694281846157882  0.60667573337704539  0.61621331191287221
  0.62569184822639801  0.63539893894113375  0.64457294857865255  0.65329642905529217
  0.66212725042421994  0.67145787454341399  0.68139864037823739  0.69129543265517035
  0.70118674869377295  0.71130140034449885  0.72149916229104072  0.73174808842228545
  0.74225281873705129  0.75301412851839744  0.76381377935101302  0.77444044965614633
  0.78517714725690824  0.79674681232261313  0.80891660552057842  0.82042511079700919
  0.83110256088320011  0.84144332135372835  0.85158782945912537  0.86127325917765984
  0.87040079667784354  0.87925871802046562  0.88747893626678087  0.89621871146839427
  0.90472377011022964  0.91330731369044893  0.92195235886352622  0.93072839603956081
  0.93920335348555439  0.94775690924932243  0.95663163901885462  0.96565393603875493
  0.97442762911886738  0.98296569263889300  0.99152890379926906  1.00000000000000000
  0.00973331758012914  0.01578737243286274  0.02434679421633563  0.03308581218961425
  0.04207513306811919  0.05187819592866966  0.06219066932612149  0.07285540041821620
  0.08340077208779868  0.09413098995044013  0.10509558750180654  0.11578319343503299
  0.12647162962921379  0.13715191471635704  0.14739401153579620  0.15744354653688458
  0.16770861321698560  0.17809657787046695  0.18825667680433106  0.19792437118527645
  0.20738197642584846  0.21764029566247425  0.22878257821582265  0.24056532058360694
  0.25232830225973452  0.26353037323191425  0.27432507269636858  0.28509560635966091
  0.29581377743291870  0.30637125448952035  0.31685824792932316  0.32760074848924264
  0.33783455279576374  0.34802150518635888  0.35781295461159340  0.36800434411985672
  0.37819013326725354  0.38875445133936826  0.39955157680376879  0.40951347127710569
  0.41982730023760351  0.43029313576896566  0.44040815615285200  0.45043531310390056
  0.45998430572220433  0.47085134261366018  0.48148958381080714  0.49248687995205864
  0.50327745718499672  0.51320131201446340  0.52263722857600492  0.53208050469381629
  0.54164353696566503  0.55145673806966844  0.56080601728889790  0.57001214830555702
  0.57939058015381795  0.58885181732206149  0.59875038013237647  0.60926153974451813
  0.61999147296305646  0.63057266894834552  0.64094352254985998  0.65158006310569205
  0.66248979318777412  0.67329286279331357  0.68406500256471925  0.69518753919826082
  0.70646572620331571  0.71737499852515807  0.72796389472023115  0.73872590226055590
  0.74980722931657562  0.76101343737348337  0.77184919282473397  0.78261666613720748
  0.79310934120907128  0.80353728907514943  0.81421989801001771  0.82500668168286073
  0.83588485732931694  0.84623170915233592  0.85598474979859340  0.86592300436430869
  0.87661846871227145  0.88772040523198903  0.89847252911100906  0.90858070602123653
  0.91864435783131027  0.92915099920578326  0.93990003122311505  0.95067329958328561
  0.96178504142267818  0.97343951940960616  0.98597175779584212  1.00000000000000000
  0.00106896418082829  0.01915312223775058  0.03458805174114401  0.04834734448506900
  0.06095479288059489  0.07338453950288001  0.08561095491833962  0.09833081615994652
  0.11071852904989912  0.12227825103251605  0.13336077599471219  0.14455999497414929
  0.15603893290714557  0.16753880823434306  0.17879090846284906  0.18971779729998109
  0.20055243508117998  0.21123666524487489  0.22176666139868006  0.23256801409299468
  0.24374442190286968  0.25473713084891458  0.26530108422331000  0.27562276610000669
  0.28578903882865342  0.29573153592643014  0.30552640639277928  0.31601300977227809
  0.32687930703833279  0.33763260042220877  0.34838550057229783  0.35918612691484342
  0.37008673526873381  0.38099501560236332  0.39160128525516225  0.40180649837014426
  0.41187369494203341  0.42234089767225058  0.43287115969885692  0.44312000340635921
  0.45328038054399838  0.46414788661056366  0.47555966229535546  0.48692122491647877
  0.49840138599165079  0.51036910018575443  0.52239120078323731  0.53376562640898262
  0.54453437273174055  0.55476117178807061  0.56447574700281822  0.57406787577671325
  0.58368248365356501  0.59459283273579933  0.60469764905268009  0.61343786915095266
  0.62247573807519030  0.63237361672492454  0.64276662730703638  0.65383986395503524
  0.66372548225923833  0.67557591554558283  0.68815339819068999  0.70057717781113626
  0.71310149419438429  0.72502548780666598  0.73585204334401544  0.74606387772894411
  0.75631623938359949  0.76652295042002849  0.77641887698090850  0.78597398249474426
  0.79566143067066364  0.80573953667147669  0.81598718736893217  0.82635357686989241
  0.83658983510801999  0.84624271158825359  0.85558695110339567  0.86486041561065430
  0.87435802600336265  0.88386523348486068  0.89369842907079988  0.90354373327125936
  0.91293841707538370  0.92083635438686684  0.92841315032932481  0.93619175743806338
  0.94500730368285391  0.95445452603350234  0.96350499124072142  0.97246338404285293
  0.98027894821399164  0.98698889346102470  0.99214117488861275  1.00000000000000000
  0.00000219949756515  0.00000234250003816  0.00000247356947926  0.00000261883081501
  0.00000276890982741  0.00000291756644013  0.00000305976840696  0.00000320905133504
  0.00000336681977943  0.00000353359019792  0.00000372067626431  0.00000389174450562
  0.00000403688375785  0.00000417292317872  0.00000430414555691  0.00000443492596342
  0.00000457110211733  0.00000473244832742  0.00000488618740709  0.00000508239087938
  0.00000529637770739  0.00000551024881899  0.00000571370893755  0.00000591375178235
  0.00000611254966538  0.00000631158203973  0.00000651757751260  0.00000673222897903
  0.00000695399234782  0.00000718334975690  0.00000743035750053  0.00000767004124739
  0.00000791474894615  0.00000816888914530  0.00000843037152655  0.00000869020434936
  0.00000894423916242  0.00000922714524450  0.00000951037138903  0.00000980193876474
  0.00001011035209754  0.00001042627852446  0.00001074023415907  0.00001106211569462
  0.00001140319408376  0.00001174942032875  0.00001210078361413  0.00001246161816977
  0.00001281727345015  0.00001317601352656  0.00001354911071534  0.00001393873716225
  0.00001435789719721  0.00001482665587123  0.00001531184403338  0.00001578492317617
  0.00001626749753943  0.00001675792065263  0.00001726598388254  0.00001779550468747
  0.00001834192485532  0.00001895157815792  0.00001963593099914  0.00002035135545658
  0.00002112737789982  0.00002195573499909  0.00002282210927024  0.00002374429886082
  0.00002476958833686  0.00002591617669328  0.00002716223856166  0.00002848503266649
  0.00002986848457762  0.00003137900399190  0.00003311397250987  0.00003510786528900
  0.00003730779669725  0.00003985623045364  0.00004272971345494  0.00004607028856063
  0.00005010262617277  0.00005476671219045  0.00006024238172538  0.00006701696571357
  0.00007594520391590  0.00008845542646418  0.00010674404043056  0.00013305764686189
  0.00017533375063487  0.00024149505802588  0.00036110949335500  0.00062175065217870
  0.00129141576312301  0.00599489259758351  0.41184140013149367  1.00000000000000000
  0.00000166524977425  0.00000231421529225  0.00000273272460363  0.00000312070531997
  0.00000352188469862  0.00000392357753311  0.00000434292662139  0.00000480380099408
  0.00000528760801123  0.00000576926569088  0.00000621878102298  0.00000663584964000
  0.00000705226143806  0.00000748143352153  0.00000792578987352  0.00000838351476648
  0.00000885735659534  0.00000932294503617  0.00000979970381285  0.00001033284326392
  0.00001090072241166  0.00001146811829539  0.00001203247549976  0.00001259774100297
  0.00001316490151232  0.00001375058556565  0.00001434417795305  0.00001492231021006
  0.00001552150651306  0.00001614439426609  0.00001671579898486  0.00001725875686568
  0.00001781795988963  0.00001837181354914  0.00001898602546927  0.00001971012462948
  0.00002048952750203  0.00002131363042998  0.00002216704783059  0.00002300436064865
  0.00002389763028187  0.00002487306803181  0.00002588795454448  0.00002691317639112
  0.00002794861634795  0.00002899950251969  0.00003006667314421  0.00003118571193282
  0.00003235012391807  0.00003351311658349  0.00003470650124516  0.00003593469413670
  0.00003722201429400  0.00003858556023581  0.00004007557278864  0.00004171213194216
  0.00004341941229468  0.00004516177346788  0.00004696673516096  0.00004888651119211
  0.00005095928498596  0.00005322561485450  0.00005573642064800  0.00005847678634826
  0.00006165417279042  0.00006519763908443  0.00006909571290060  0.00007338083435393
  0.00007811478198506  0.00008335646718580  0.00008944049511542  0.00009624929099515
  0.00010382069451320  0.00011230356486324  0.00012200659284711  0.00013327861220020
  0.00014617189195126  0.00016046402827349  0.00017636900060321  0.00019414749404245
  0.00021439014182242  0.00023799079311357  0.00026601344484636  0.00029911368310363
  0.00033886355105833  0.00038972209962223  0.00045654664317277  0.00055056443786434
  0.00067891527056533  0.00087189178561104  0.00119452597305314  0.00175617651221261
  0.00311115795970042  0.01116511099051821  0.18413183511148745  1.00000000000000000
 -0.00185533255355844  0.00636531893736008  0.01458294495857962  0.02284819980242262
  0.03131067338141352  0.04001775332447741  0.04881638101091064  0.05758172724613686
  0.06592594900021576  0.07355348958063863  0.08130370889357844  0.08956155794953763
  0.09848974097586431  0.10771006208952187  0.11679520049361251  0.12597350819660019
  0.13548746786034263  0.14543729174138817  0.15560641043522128  0.16571224195085732
  0.17587918446405595  0.18643981195379300  0.19736243678746349  0.20842832127850011
  0.21958055137427554  0.23078721528529308  0.24202202459113215  0.25318253374456157
  0.26389119491508639  0.27438164819009081  0.28503019776481425  0.29610967651754277
  0.30752851489837929  0.31954863679972551  0.33204237968770473  0.34448486795054034
  0.35639857067247210  0.36810042588355324  0.38045438835180329  0.39308866716153984
  0.40557074471591686  0.41827751290295023  0.43185330133893035  0.44594793196495364
  0.45937746898187609  0.47203704715928918  0.48494877233302280  0.49813210189520346
  0.51118090340114530  0.52422877649917887  0.53763164183878887  0.55096812131821371
  0.56397814965146331  0.57612667608116386  0.58859876683987022  0.60159869923253018
  0.61342613001124002  0.62532864302890157  0.63580257022635811  0.64656468956348845
  0.65683941382131272  0.66734501649266531  0.67810414743314962  0.68874400202412167
  0.69953358372142560  0.71083338826914133  0.72291130854356023  0.73534271727300404
  0.74758190871885544  0.75963791478349474  0.77153303772004556  0.78270224460731053
  0.79319627964135464  0.80386371877465446  0.81469459281753842  0.82547609255918264
  0.83613004030780924  0.84686931608274052  0.85760131651870852  0.86778159062145621
  0.87785954033992442  0.88766500367185264  0.89726684546536217  0.90657210026391399
  0.91576295628999194  0.92476284185102431  0.93343859250721395  0.94165324838044806
  0.95021575660063406  0.95860133957597649  0.96684156601051163  0.97484858687893328
  0.98215924654685416  0.98867676098377633  0.99445285350925283  1.00000000000000000
 -0.00225837256260178  0.00868979481974652  0.01923402478362009  0.03065327924360242
  0.04184004793970900  0.05153253689549910  0.06108017875198909  0.07041242048396391
  0.07982606287193487  0.08970911140168791  0.09871391777857109  0.10766104726068301
  0.11693359533859575  0.12672464601428948  0.13831027736160564  0.14992612968932623
  0.16171120283749654  0.17363352438522245  0.18564467953726946  0.19754173847712694
  0.20908253184659079  0.22032821662599528  0.23164800449584053  0.24300859853377185
  0.25388052513661596  0.26424889886242858  0.27451815830475235  0.28518431936348959
  0.29619185548870930  0.30708021728338347  0.31849327538567429  0.32909766145139824
  0.33947048873800922  0.34948094727716272  0.35960634790423929  0.37056225385424763
  0.38167337432299669  0.39176567329562278  0.40223053170866463  0.41290615016038068
  0.42378950825569700  0.43496382507875248  0.44425931190809398  0.45353200022079021
  0.46277186113246155  0.47243990556294152  0.48189517841983387  0.49016993226186323
  0.49860542686632292  0.50794685867992140  0.51848677770524498  0.52923423692742089
  0.54013363744648712  0.55154719391993201  0.56308485020684496  0.57467125225233096
  0.58572716637036693  0.59632849980760383  0.60697778697895488  0.61792031923147472
  0.62853944220386282  0.63857127934948898  0.64903969206109791  0.66007440266545425
  0.67143153292215674  0.68268843598018292  0.69506949317885569  0.70711677747519575
  0.71760272928862834  0.72741899569069102  0.73765912673592804  0.74855201794977932
  0.75969519152762033  0.77013703630839070  0.77983708944787355  0.78886102711062933
  0.79834449697202559  0.80841466680424401  0.81895440778733974  0.82945902700784913
  0.84053268126252534  0.85240327106131408  0.86345898028404733  0.87446006586763192
  0.88432792752695855  0.89494850787291769  0.90549646914323412  0.91572706514733093
  0.92558788146705884  0.93510732095765636  0.94497488570962718  0.95544087421476831
  0.96645994968974092  0.97806201966818140  0.98921156852087255  1.00000000000000000
 -0.00180519894958511  0.00750608432030333  0.01694275968052717  0.02686166266198077
  0.03787383607526586  0.04834316946207957  0.05883772751647330  0.06887047991471477
  0.07856358564785622  0.08854571764967414  0.09905611343595888  0.10977711818117349
  0.12087489887777406  0.13179112283270744  0.14222964256245277  0.15250045729576892
  0.16264946671890476  0.17296114637153570  0.18336728672963140  0.19370509329081009
  0.20441245791656260  0.21533421378546688  0.22664750190481522  0.23748667877400845
  0.24760709969827291  0.25737734819669983  0.26666579866978635  0.27585240216103529
  0.28558878851864888  0.29582006318556153  0.30578175962177540  0.31557085386518186
  0.32601755990949055  0.33695756949720346  0.34734625043620349  0.35705119305716310
  0.36615923241470638  0.37513177306179191  0.38451693889511362  0.39473681247400627
  0.40572174505861852  0.41699538392550706  0.42807083672600221  0.43874944626277296
  0.44917767691880700  0.45996188997132476  0.47109888410677153  0.48232507473239450
  0.49336035549195723  0.50417449904806222  0.51506967888376143  0.52611711368234326
  0.53706955801739897  0.54786765856956010  0.55861332726771651  0.56941492294309104
  0.57999174028266265  0.59002377419913477  0.59955219300772911  0.60919902849907281
  0.61954542868352180  0.63073221385313849  0.64242744926818574  0.65414332571568579
  0.66577460803081190  0.67729320879655708  0.68870817847722288  0.69835494478245963
  0.70828536638206185  0.71811052630310601  0.72905246892425513  0.73925414657187816
  0.74971667595767988  0.76156642996518931  0.77272704492735578  0.78381072480997560
  0.79534718779804014  0.80775646295526027  0.81886820786881109  0.82910357851549898
  0.83937145994828943  0.84905810653711011  0.85845132552829739  0.86808146186265189
  0.87792864688364869  0.88829908441357786  0.89869864362250285  0.90985229954209623
  0.92182627012438634  0.93443708706488060  0.94641985028674958  0.95802581100383344
  0.96927705879775450  0.98000160902167233  0.99017014865228847  1.00000000000000000
 -0.00316534369967499  0.01112675127535033  0.02354155853109371  0.03564699906796484
  0.04731090437684260  0.05816192483121504  0.06819599877857130  0.07787131713822505
  0.08743453957808110  0.09731702005455067  0.10743972232334455  0.11743922488005029
  0.12743142341236519  0.13754600845283146  0.14709465483673811  0.15619178601067638
  0.16518259256227930  0.17518150852692638  0.18483900085471419  0.19423237516474559
  0.20408018275263037  0.21501595234515855  0.22677167173362986  0.23777685537375884
  0.24856124779348981  0.25966522226320682  0.27097211887372818  0.28227406739627414
  0.29366853654641489  0.30525350613088137  0.31598313862412625  0.32576632609952150
  0.33581252834985920  0.34635047256841128  0.35739150770333217  0.36763843249091749
  0.37748977865215155  0.38869297614422638  0.39990609772626640  0.41103073155231984
  0.42207826690717265  0.43325255025907733  0.44363565718676834  0.45341935484602358
  0.46267280353566076  0.47219241102483084  0.48209192537606954  0.49189983175604163
  0.50155806496747035  0.51094931006048461  0.52175370509644181  0.53360499757915225
  0.54486350277820428  0.55528380587232495  0.56588837289900362  0.57719637451013128
  0.58779914166157532  0.59753354552766347  0.60721303634966017  0.61747775755558743
  0.62798008522064008  0.63814596931511736  0.64829725517612413  0.65864196383023976
  0.66891364312820478  0.67878233679906719  0.68899422758764495  0.69998068996937735
  0.71139813795485052  0.72284064927912284  0.73341573444856489  0.74309888564465609
  0.75308901058815825  0.76270371867025855  0.77278033360935050  0.78245517990487545
  0.79240276673184440  0.80285836861826465  0.81376652226967106  0.82413025525622896
  0.83416594661868304  0.84404485387021844  0.85408086791075044  0.86449190205738213
  0.87472850520519030  0.88554851700300985  0.89656081210219796  0.90820959595782058
  0.91982436539551238  0.93210155519506421  0.94415560453201053  0.95619687322254876
  0.96771409396945918  0.97880794756604927  0.98957110005690829  1.00000000000000000
 -0.00200199499185535  0.00642858885770980  0.01468745292985456  0.02289934549265836
  0.03103733956834789  0.03926938443408608  0.04769615241905890  0.05632499289884371
  0.06492230945403377  0.07338828168759323  0.08195730301660924  0.09103380843978481
  0.10071006045842427  0.11075027644168248  0.12102494914558516  0.13132576018672809
  0.14157590111166077  0.15171092999000801  0.16172838972027914  0.17160629281743359
  0.18143339802205111  0.19133473490035316  0.20128870160841389  0.21118893584692125
  0.22098315062480611  0.23114232710613031  0.24115603838304800  0.25076862267322730
  0.26130205808622459  0.27277724897354128  0.28456952563003701  0.29692893817262617
  0.30929298837045133  0.32172005530178160  0.33343315877290325  0.34493146900460259
  0.35598205399849359  0.36699237619634129  0.37877379887399626  0.39057630502446217
  0.40157565811273971  0.41244808647382458  0.42357737516029920  0.43492997248699811
  0.44640595471567485  0.45866309040667985  0.47133961374105432  0.48380486386172245
  0.49591139512103216  0.50910297699180396  0.52350311865470389  0.53741162548396937
  0.55032896244360452  0.56290697632166742  0.57565219541432100  0.58872956012342637
  0.60111083921745434  0.61284064000546445  0.62445166450913703  0.63616839692666405
  0.64826163199817233  0.66041419115049205  0.67238640894596768  0.68407428836446360
  0.69613462194637088  0.70863281728484140  0.72039994729459988  0.73162338310382558
  0.74279412542782730  0.75407962629540526  0.76527827657689029  0.77661823652881956
  0.78818006518763661  0.79935079569285217  0.80994258167736277  0.81971200775057151
  0.82904567201820323  0.83855518197460366  0.84797042864981209  0.85652677214072070
  0.86458144151708927  0.87243600445945346  0.88160281037939414  0.89074195208219542
  0.89969927894411106  0.90813493737007078  0.91661357662901333  0.92536548011729092
  0.93455407154222747  0.94413281836516427  0.95379346724236747  0.96334334334303040
  0.97269722232915434  0.98176238839369723  0.99083251205717049  1.00000000000000000
 -0.00222045724075802  0.00888936487387470  0.01848160496472907  0.02962447027311196
  0.04107774210218332  0.05298811368994456  0.06452968481428237  0.07554341867528247
  0.08675375704243787  0.09758941909911445  0.10857025580746403  0.11972024171958619
  0.13131812111003455  0.14296123806847308  0.15398045554333234  0.16475616108472518
  0.17511641447328907  0.18514393012904362  0.19449482577178617  0.20333902224939271
  0.21268078694717274  0.22212855039510504  0.23158184777989221  0.24069285697119691
  0.25000630843978855  0.26018947187304353  0.27093579436489446  0.28105643723960017
  0.29110514686791900  0.30082571215195442  0.31094092120251343  0.32144154298479211
  0.33239837798181104  0.34339399170363372  0.35467567759900681  0.36611407065381429
  0.37750487550955436  0.38839219863444951  0.39922929300021570  0.41029895052648380
  0.42172764872269031  0.43372254149773709  0.44627736677922203  0.45866407574800433
  0.46989805081321873  0.48045000192529524  0.49056118198117393  0.50105715881915247
  0.51172115573077559  0.52224126111021318  0.53235622433482499  0.54208176763410765
  0.55183983143061877  0.56189148093570374  0.57279473091258670  0.58331304739061751
  0.59287834279131468  0.60206698326167407  0.61258156759730031  0.62380508278075775
  0.63503983811488729  0.64562470353137658  0.65590838755944469  0.66614157443043398
  0.67669263133523194  0.68661068939533487  0.69601676531874557  0.70540773026065529
  0.71593023711361703  0.72717615970129768  0.73806119647338009  0.74885686951770802
  0.76002951002174512  0.77203860131004898  0.78379433130992071  0.79484455699555534
  0.80539539657279313  0.81544177476281154  0.82530409268214189  0.83402917755899897
  0.84328079901809783  0.85257829913873562  0.86261094599148358  0.87264943133591388
  0.88319585366459175  0.89461212405027879  0.90588732504587510  0.91713434914832259
  0.92814820843261481  0.93861051675668594  0.94861398580516620  0.95854829693640420
  0.96828399364077178  0.97868344205669633  0.98929113171733785  1.00000000000000000
 -0.00314893979337827  0.01030082053655597  0.02226294875971698  0.03444166391262370
  0.04662698638798783  0.05854099934193591  0.07022160178278514  0.08168855544693038
  0.09294271188964351  0.10430172116673081  0.11604966885106177  0.12784932296035340
  0.13972419351700124  0.15089960207401143  0.16234696679844324  0.17268642272478571
  0.18297927855948032  0.19290088402062289  0.20229048694184612  0.21300341596665676
  0.22343454819439801  0.23380931160478138  0.24428068768848973  0.25496519025425185
  0.26571810753011793  0.27552434348446153  0.28388311305450198  0.29211155384689352
  0.30065682868946314  0.30961758224481239  0.31866043874431299  0.32768330612961688
  0.33717562634758469  0.34731037017457328  0.35742330134073247  0.36675337573023059
  0.37646389195167901  0.38574163946834106  0.39644850704310536  0.40594825777763649
  0.41504373734129613  0.42442940152988784  0.43439247340889414  0.44446516684116000
  0.45429471156651696  0.46434498383157369  0.47594053184493795  0.48713565633911204
  0.49951830323406765  0.51090142858830445  0.52222989885205207  0.53327544069864108
  0.54387797601566645  0.55467265034738178  0.56592126310649593  0.57734185532987359
  0.58876614456085541  0.60007764282664633  0.61162991278955048  0.62284337379064758
  0.63376789074804585  0.64459680413686171  0.65543431841916089  0.66535831669570622
  0.67457149869398547  0.68346093510358275  0.69269911075141233  0.70255688435010477
  0.71293803173691084  0.72459957113361850  0.73551612616426121  0.74585959244691591
  0.75662315308969008  0.76841503524557697  0.78071713948160115  0.79232416669108330
  0.80262791728263605  0.81244227623814858  0.82252543599928607  0.83266296651016858
  0.84265770423151165  0.85253974075930194  0.86375425651647297  0.87521382686447269
  0.88658730955348264  0.89752898990453789  0.90848973955977830  0.91943662755308897
  0.93083311314917505  0.94108712181236265  0.95058930975366684  0.95926293535884144
  0.96839240648466252  0.97851904960011593  0.98924346760473181  1.00000000000000000
  0.00012434464081580  0.00024973944242975  0.00039402237218745  0.00056060336038048
  0.00072478039016134  0.00088830206474678  0.00105065956990094  0.00120537898187317
  0.00133018386507087  0.00146357265388830  0.00160437119830993  0.00175762815412656
  0.00191713586862141  0.00208161391806726  0.00225088990600393  0.00242769030164102
  0.00260911145952335  0.00279505093362905  0.00298776160740007  0.00319101974701944
  0.00340018515722370  0.00361251541975930  0.00382567388106108  0.00405120343461406
  0.00427803153397325  0.00451246352615792  0.00475649664304163  0.00500984416736582
  0.00527488845549751  0.00554274496890345  0.00581386612806488  0.00609600237761289
  0.00639135405531837  0.00670077730932813  0.00702012366289874  0.00734515916971217
  0.00767596148074304  0.00799983511025378  0.00832833838777256  0.00867121214035916
  0.00901330229178455  0.00938131993410599  0.00974480514247865  0.01013114853337010
  0.01054662015844999  0.01098151849912484  0.01143855445660739  0.01191167334614724
  0.01239653611864249  0.01289453289582174  0.01338888738445688  0.01388951270957834
  0.01436382171938557  0.01486259443335071  0.01539832525211143  0.01597073774239779
  0.01654552566817863  0.01717226086110904  0.01784352129395918  0.01857880100161353
  0.01935782703152889  0.02012348434816312  0.02086281165925707  0.02164723344887842
  0.02250448838944874  0.02331112324118350  0.02416674666271932  0.02509627869837891
  0.02618154597865588  0.02736065826396027  0.02855809966441174  0.02966030714455567
  0.03073537555716453  0.03183975459552077  0.03302107164652918  0.03425496996709110
  0.03553455721237572  0.03693785864673420  0.03839700548000589  0.03988330278400837
  0.04154850964744328  0.04380105286515292  0.04626966305853644  0.04895810344191807
  0.05198331835468977  0.05548563187682384  0.05916768069330074  0.06351982696631844
  0.06855842189571371  0.07462821542113662  0.08284947347303750  0.10304115856918629
  0.13501313136381657  0.16857181594043258  0.43885178054169233  1.00000000000000000
 -0.00230797719141012  0.00902266732118326  0.01837447285596322  0.02847107803818551
  0.03863761262846314  0.04835003270552474  0.05779332940172335  0.06702677511304100
  0.07610027857631790  0.08489264168922060  0.09340683540854805  0.10236789152062752
  0.11191429975925044  0.12167760884815919  0.13110941220043726  0.14022860395103684
  0.14913688567521366  0.15853650906144584  0.16813802788706914  0.17811785623710255
  0.18809660161197367  0.19798054557075623  0.20795449318084402  0.21843069848316837
  0.22926915065201187  0.24055171444351880  0.25200369041964099  0.26324444570487099
  0.27427330030013747  0.28492261768425386  0.29588343714724658  0.30659762298664306
  0.31794915166134313  0.32863823783553336  0.33895015044014720  0.34900142245177607
  0.35956478301450112  0.37094611562157404  0.38267980492301884  0.39451437836436959
  0.40600194821044494  0.41755034364567023  0.42886857820106555  0.44079848893619844
  0.45341542995341233  0.46552343012367459  0.47745722948186720  0.48914013719303617
  0.50113944357831497  0.51191224425453119  0.52299644552161351  0.53443263836216615
  0.54737178081707805  0.56032669909965493  0.57381753851969997  0.58613632436452545
  0.59685256254758901  0.60802095869249762  0.61986581053279077  0.63109487330183489
  0.64079943615198809  0.65084665281742204  0.66171565627325124  0.67250874121456039
  0.68262245475901218  0.69245931745866884  0.70208974541844371  0.71172523280545341
  0.72137008010888448  0.73251388343742219  0.74405665592633863  0.75533533628266336
  0.76582715957054892  0.77670961552599338  0.78785909000501486  0.79886407996403874
  0.80936210769679784  0.82010963856778452  0.83108116490164918  0.84292638706217926
  0.85397818172628170  0.86385389201785856  0.87314623304239936  0.88266187716201228
  0.89180811848370323  0.90081774367472456  0.90982604732644312  0.91933290194818174
  0.92986670480591982  0.93885150307800769  0.94804108654435049  0.95803953105037898
  0.96856026026318287  0.97958829788706436  0.98989199645608317  1.00000000000000000
  0.04376885801123714  0.56442997318875787  0.64260953373421714  0.68502713781674152
  0.71459676374684167  0.73675161109618781  0.75490414200853406  0.77042304934033756
  0.78320724922379459  0.79485534171089622  0.80534530502038459  0.81498759391429576
  0.82375031869232795  0.83174377670223754  0.83866255736545081  0.84516269682848644
  0.85143933768493796  0.85700338941894294  0.86229022320357573  0.86768375486947169
  0.87287734332912792  0.87743498345993920  0.88150871877565040  0.88545133538975640
  0.88922435686873491  0.89283698762164543  0.89634760679238690  0.89968831479552214
  0.90297286991954051  0.90614879990721320  0.90924161528581571  0.91223711939857377
  0.91512379910610875  0.91780467014639266  0.92025439185581037  0.92267870549171938
  0.92488224631119598  0.92694827206507080  0.92896943566396406  0.93092496313314255
  0.93292597302874014  0.93492221412319476  0.93689789898688591  0.93876561674876435
  0.94051577057275726  0.94219697268353597  0.94379720311876647  0.94533129528761217
  0.94677490284788179  0.94829759976545036  0.94980393495639870  0.95121742157149736
  0.95269137753109712  0.95414943740297220  0.95557609819913936  0.95693960063786576
  0.95824140045170259  0.95949069243073515  0.96070918980244413  0.96190842923553233
  0.96307395684976527  0.96421209430217436  0.96534184301649484  0.96646333235646897
  0.96757345811506323  0.96869251928413524  0.96985811246047104  0.97110335371466538
  0.97226788484048188  0.97338702069081029  0.97448302034635759  0.97557696441228403
  0.97668677878085430  0.97780912656837460  0.97895300387673756  0.97991432336876039
  0.98083439891664281  0.98174887071098171  0.98267106582303931  0.98358006653934182
  0.98445046225589095  0.98530673342930086  0.98620941729104505  0.98712688576175278
  0.98799865012917576  0.98883190345266603  0.98965688631295534  0.99047554828596107
  0.99130653447372363  0.99216391038854479  0.99304395682522806  0.99400487782225078
  0.99506822812886808  0.99623760124616800  0.99770375356873553  1.00000000000000000
 -0.02283628688528466  0.11133646937407767  0.14918716447808558  0.17291483534765451
  0.19077963855605759  0.20553011671280355  0.21901450621002019  0.23139687365288619
  0.24257428712522811  0.25248850849955812  0.26211469130813447  0.27178193030774578
  0.28148475120690591  0.29093474407635483  0.29963756595770674  0.30781063808570142
  0.31542476095256550  0.32277963174116547  0.33018153511832771  0.33769379018675233
  0.34516054228544790  0.35219308202604616  0.35881064525982476  0.36519469247130998
  0.37146938426901677  0.37774190070599689  0.38396463876876064  0.39012935971939966
  0.39621278746846267  0.40227496016685726  0.40822222343942427  0.41396235791328684
  0.41965446098328313  0.42507435749898431  0.43030309568515901  0.43537776582309134
  0.44048314035438918  0.44609010292734846  0.45225123156833769  0.45832656766740637
  0.46363843274617950  0.46873093773691810  0.47362684532064581  0.47842582623786706
  0.48328937918528964  0.48825432114368916  0.49340181212905915  0.49862692015783300
  0.50383708327637877  0.50905066603662252  0.51442424340068049  0.52006877000866436
  0.52584478259010925  0.53166455846004368  0.53744950404095604  0.54298693407850307
  0.54866568807742633  0.55450020323652693  0.56039567183222472  0.56628812841895859
  0.57227126938596595  0.57847528724520147  0.58463219936349353  0.59066708607184049
  0.59707437301285238  0.60367168633363377  0.61011932636056376  0.61640693954365267
  0.62255408970433768  0.62851616862911230  0.63450705138464703  0.64067484700223043
  0.64710154576137557  0.65391249381022654  0.66099753942312323  0.66823244885613775
  0.67555095015461131  0.68301954586803715  0.69088397048646233  0.69919642052013364
  0.70779497001482250  0.71654365801843312  0.72555403944535135  0.73418904457951151
  0.74248734881656764  0.75102251401433318  0.76013020834780409  0.76921209548420533
  0.77845550594697555  0.78869048792710950  0.80172503972969955  0.81728496294239861
  0.83474178455594927  0.85610370206583164  0.89298136372968007  1.00000000000000000
   1.6183589253600035E-012  -1.0000000000000000     
 F F F F F F F F F F F F F F F F F F F F F F F F F F F F F F F F F F F F F F F F F F F F F F F F F F F F F F F F F F F F F F F F F F F F F F F F F F F F F F F F F F F F F F F F F F F F F F F F F F F F F F F F F F F F F F F F F F F F F F F F F F F F F F F F F F F F F F F F F F F F F F F F F F F F F F F F F F F F F F F F F F F F F F F F F F F F F F F F F F F F F F F F F F F F F F F F F F F F F F F F F F F F F F F F F F F F F F F F F F F F F F F F F F F F F F F F F F F F F F F F F F F F F F F F F F F F F F F F F F F F F F F F F F F F F F F F F F F F F F F F F F F F F F F F F F F F F F F F F F F F F F F F F F F F F F F F F F F F F F F F F F F F F F F F F F F F F F F F F F F F F F F F F F F F F F F F F F F F F F F F F F F F F F F F F F F F F F F F F F F F F F F F F F F F F F F F F F F F F F F F F F F F F F F F F F F F F F F F F F F F F F F F F F F F F F F F F F F F F F F F F F F F F F F F F F F F F F F F F F F F F F F F F F F F F F F F F F F F F F F F F F F F F F F F F F F F F F F F F F F F F F F F F F F F F F F F
  <DiscreteSampler_grid>
  grouped_processes
  1 # 1 for a reference and 2 for a running grid.
  10 # Attribute 'min_bin_probing_points' of the grid.
  1 # Attribute 'grid_mode' of the grid. 1=='default',2=='initialization'
  0.0000000000000000 # Attribute 'small_contrib_threshold' of the grid.
  0.5000000000000000 # Attribute 'damping_power' of the grid.
 # binID   n_entries weight   weight_sqr   abs_weight
    10   10   1.537482609339687E+000   1.449886626729687E+001   1.537482609339687E+000
    16   10   1.536613189109069E+000   1.450206232295371E+001   1.536613189109069E+000
  </DiscreteSampler_grid>
