  0.00245183487404917  0.01548456784176997  0.02865396702101696  0.03970055280151851
  0.05063105939672683  0.06185714395250158  0.07361464846801881  0.08491608552947441
  0.09659248635422621  0.10873545029686442  0.12120052698359876  0.13278409294133919
  0.14403213029818815  0.15521270720793112  0.16633738781623206  0.17715036122063868
  0.18757660947880711  0.19760693374171279  0.20761831086202875  0.21803515095616191
  0.22812553428778981  0.23763194359981263  0.24760060373195686  0.25820793556335297
  0.26988205699138995  0.28272785396249034  0.29448273932790126  0.30469882411601579
  0.31490695310064348  0.32509670365433169  0.33596780083762956  0.34732566526657010
  0.35888594086422915  0.37060869935587665  0.38260974896991234  0.39476404446196328
  0.40668327710529267  0.41801932192459890  0.42877270825378200  0.43970544023451086
  0.45088173379636187  0.46196833603547832  0.47272995664214829  0.48386703972346284
  0.49555856421761613  0.50687754714000610  0.51803264835177487  0.52890537417222605
  0.54018960286625062  0.55202100503548357  0.56364781706278866  0.57442547615694250
  0.58429331292971898  0.59373876476806042  0.60311922952286379  0.61297884280399617
  0.62361906181487159  0.63401640790692915  0.64384454703318694  0.65343485607414220
  0.66271528560169379  0.67204289298031550  0.68084160217260137  0.69038325351398666
  0.70004669675991982  0.70976197333374191  0.71978486228674110  0.73009078962911356
  0.74137566611856009  0.75235667174354304  0.76229637439446507  0.77218487649090051
  0.78198588783337464  0.79194230267384513  0.80239408826074898  0.81290419429409255
  0.82390146502669159  0.83509689003792897  0.84607890946778341  0.85617202656944702
  0.86471532998897849  0.87342792210903575  0.88219653349136729  0.89136835067925813
  0.90055922343577710  0.90984925268289751  0.91967856810726245  0.93035124296836513
  0.94136871467572947  0.95184959756726606  0.96125374679765341  0.96968464057010306
  0.97788546008288824  0.98558795989238690  0.99268001185433286  1.00000000000000000
  0.00943928663064531  0.01599195941702932  0.02658327282832871  0.03798675519898394
  0.04894968761057076  0.05981461611938075  0.07020443285364365  0.08017217368821353
  0.09003708603102570  0.10001686686973965  0.11060896950328976  0.12066508525073591
  0.13125768509606589  0.14171641000804991  0.15247777820405875  0.16285063183939749
  0.17314059917416255  0.18334077137248164  0.19397839127316469  0.20467369238145805
  0.21562772339581998  0.22612375466569470  0.23631875882985642  0.24611068361278768
  0.25644161686134848  0.26642507821459738  0.27749062035617045  0.28840586072718738
  0.29977622097246992  0.31084197590181434  0.32170702634121046  0.33307522860474847
  0.34416119913685783  0.35529772293703571  0.36618368785716499  0.37685078758737306
  0.38684568937640490  0.39675118789052982  0.40700403452573303  0.41748807550544015
  0.42824120058438725  0.43891244616852276  0.44980098163483695  0.46046271542542022
  0.47228883189539705  0.48250485504288465  0.49203023159644621  0.50203705026128209
  0.51377481473273345  0.52477824470347079  0.53468233399915266  0.54430839496545980
  0.55565052057110631  0.56707887672004542  0.57733188652937706  0.58722956591065056
  0.59718310560309074  0.60744639956402680  0.61828117917068237  0.62785642051646973
  0.63680755844826265  0.64645923303692387  0.65667486022432919  0.66724167553284408
  0.67748364594384292  0.68732179350441935  0.69755582957312945  0.70843958745046265
  0.71946961591349334  0.73037081039032969  0.74035908556112928  0.75054697749432853
  0.76155291102575895  0.77297078322262447  0.78404309185519783  0.79569446508462971
  0.80641400432859622  0.81685241706593936  0.82693054186754034  0.83721050693430743
  0.84829497050954605  0.85940249739181973  0.86985114062244628  0.88004472494806663
  0.89013958408821314  0.90026817506245049  0.91042271307215961  0.92085683975340815
  0.93174160298106035  0.94240825875660494  0.95307320388325256  0.96319706944069661
  0.97307172682038512  0.98293899342455338  0.99103187620450550  1.00000000000000000
  0.00094591707840711  0.02004756711838383  0.03551587764892489  0.04933797570120432
  0.06263982375539714  0.07462342131267849  0.08592395234597858  0.09702250256225625
  0.10797602980537829  0.11854737386606119  0.12867428390444940  0.13911253198244231
  0.15034961499887917  0.16258222776981815  0.17526198766370285  0.18780448206865363
  0.19980406846421453  0.21205569275611466  0.22435238322804715  0.23628421353297405
  0.24766507203202923  0.25853110155044245  0.26911533104270646  0.27979276397059893
  0.29105814518877116  0.30251561518043713  0.31363473097387695  0.32426917273825168
  0.33439036091866470  0.34417873705647062  0.35378245767857941  0.36387114045731284
  0.37429551589384064  0.38529405953312601  0.39643915854987116  0.40724495448040066
  0.41756190117028902  0.42779471290686666  0.43843069557130621  0.44944929902890463
  0.46044330148770590  0.47081279862379055  0.48063746277800412  0.49036442150874587
  0.50077723559750842  0.51140342457357990  0.52179029518441533  0.53250393246304073
  0.54337069085502565  0.55364504178097207  0.56386013542303048  0.57414666155769267
  0.58456577486103267  0.59470592193877125  0.60472027257819971  0.61476474128052916
  0.62481873413448319  0.63511803598754557  0.64569940946997728  0.65609856463809613
  0.66652364669519193  0.67730942072826539  0.68822297992299930  0.69910201699735597
  0.70995199810145904  0.72084338577122853  0.73139663405179567  0.74135890123766679
  0.75122273897363112  0.76117841531161978  0.77106955334435801  0.78098335865745316
  0.79081078064921440  0.80082095468022119  0.81119398056061987  0.82151611549509596
  0.83193015248050373  0.84285482738405348  0.85439010086578437  0.86620527297217642
  0.87791926035077594  0.88912177001633963  0.89944178966290778  0.90917728282485666
  0.91857007159547699  0.92827512244505650  0.93779825973393194  0.94665246306160356
  0.95479375071435335  0.96179147552259114  0.96814047977019035  0.97530109980797175
  0.98219483470420632  0.98912886842320125  0.99145869987732227  1.00000000000000000
  0.00000236502298985  0.00000253378881215  0.00000266071987751  0.00000278568889305
  0.00000291962812072  0.00000306656216739  0.00000319642859589  0.00000332579850887
  0.00000345845379433  0.00000359789983676  0.00000372980040296  0.00000386263482798
  0.00000398343235293  0.00000415389724432  0.00000437225982914  0.00000456876622791
  0.00000474356188636  0.00000491779737930  0.00000509427247567  0.00000527594967898
  0.00000545662077585  0.00000562987080409  0.00000581448968241  0.00000601358363387
  0.00000620909251036  0.00000642276574903  0.00000663018534523  0.00000682855228834
  0.00000703161658942  0.00000723746059979  0.00000744016338631  0.00000765274476589
  0.00000787870243318  0.00000811734832642  0.00000837537514624  0.00000864612953294
  0.00000891108765399  0.00000916574362815  0.00000942132550812  0.00000968321324125
  0.00000995594803232  0.00001024029809629  0.00001059587898425  0.00001095538983280
  0.00001130315785649  0.00001164171232421  0.00001198115810947  0.00001234035489109
  0.00001276254388522  0.00001322265626122  0.00001370019940312  0.00001417301512482
  0.00001463176036853  0.00001508382012979  0.00001552497572841  0.00001597565749462
  0.00001647096091268  0.00001702014335923  0.00001760497660157  0.00001821360688868
  0.00001884846840574  0.00001951376419426  0.00002019177466706  0.00002088298539346
  0.00002162814347194  0.00002246531610353  0.00002334860978044  0.00002430717191204
  0.00002545550005657  0.00002666436762617  0.00002803922215181  0.00002952135606302
  0.00003108164874638  0.00003279387519181  0.00003460963838110  0.00003679947692434
  0.00003928247636604  0.00004202346327855  0.00004514454625837  0.00004877876638752
  0.00005305965499916  0.00005834898992303  0.00006492100120145  0.00007291709830524
  0.00008303928926620  0.00009763708072029  0.00011854581998142  0.00014659309444379
  0.00018618340241267  0.00025665559199714  0.00038816376575498  0.00064524460247686
  0.00151736014993591  0.00706051432115159  0.22514048661074912  1.00000000000000000
  0.00000228549350994  0.00000296616778157  0.00000342852186968  0.00000394086717734
  0.00000444557306680  0.00000492068325064  0.00000536052962123  0.00000580585932186
  0.00000626626176554  0.00000674210882975  0.00000724262549875  0.00000776240827973
  0.00000830312233199  0.00000885390828617  0.00000938816035494  0.00000991086404170
  0.00001040508495673  0.00001088528250482  0.00001136209468780  0.00001184082747172
  0.00001232488013144  0.00001280657593761  0.00001329620899532  0.00001379052662151
  0.00001426618422616  0.00001473361775189  0.00001521071451819  0.00001570033116664
  0.00001623501492651  0.00001680692518710  0.00001738058158645  0.00001794061869845
  0.00001851079736504  0.00001913160884499  0.00001979886641599  0.00002046197424571
  0.00002116935531321  0.00002190072709249  0.00002266597767452  0.00002343327091342
  0.00002426712465189  0.00002519782426995  0.00002616382522374  0.00002713635799164
  0.00002813830320537  0.00002919919505220  0.00003028759014947  0.00003139643418018
  0.00003255257053746  0.00003375028667958  0.00003493822230360  0.00003615723157160
  0.00003746513213239  0.00003881998684999  0.00004025129286254  0.00004180296651306
  0.00004349383189394  0.00004543086656837  0.00004758635739289  0.00004995158133465
  0.00005249421877643  0.00005517651736000  0.00005797894735760  0.00006091558364479
  0.00006405401012966  0.00006753046015904  0.00007132566529104  0.00007550681278168
  0.00008027989441362  0.00008584208386025  0.00009237027007474  0.00010010882560404
  0.00010827786681646  0.00011696489940291  0.00012585247430008  0.00013536663889188
  0.00014602182486485  0.00015838243397440  0.00017331352216276  0.00019172967213985
  0.00021441450930623  0.00024202127603158  0.00027546730163056  0.00031578311951484
  0.00036259431430892  0.00041663060140260  0.00048371978883800  0.00058526414413651
  0.00073297062473779  0.00095637663079059  0.00136832084830597  0.00223772440088297
  0.00427574444133211  0.01161545059125479  0.16025950704559633  1.00000000000000000
 -0.00183784461345457  0.00660535269797846  0.01404837232503365  0.02172981956095724
  0.02973297415656329  0.03821482938416382  0.04746725201172620  0.05683811911167358
  0.06612556171490229  0.07531239261870064  0.08456365964930197  0.09387387960980448
  0.10308679277429210  0.11247974445839959  0.12202420081077242  0.13149364638799757
  0.14090591707081043  0.15052340842272552  0.15997535562052895  0.16977492838190289
  0.17987549707706132  0.19032205537386182  0.20122927068132149  0.21225735118545289
  0.22387203596017380  0.23518989640047597  0.24622032678542197  0.25809651420687285
  0.27025381671643423  0.28186869233867579  0.29277453905840684  0.30343978728802146
  0.31419296570602490  0.32539658312305642  0.33770836424986933  0.35118769713123443
  0.36510348718073310  0.37854324589413441  0.39093982702564262  0.40236828824662507
  0.41362072305046144  0.42581990358132726  0.43892395954160274  0.45179596488275525
  0.46321090732782155  0.47393244924727163  0.48504842608723264  0.49727194590624146
  0.50966344195247804  0.52157050568034180  0.53402406687306192  0.54740870875771752
  0.56165297008538118  0.57495678982715703  0.58706460976840924  0.59886742204012700
  0.61066271777486447  0.62460959174630715  0.63930533700993808  0.65310441301147837
  0.66625389585164430  0.67764433840205929  0.68912188999531854  0.70020253354852047
  0.71101415441445204  0.72155882840906826  0.73245807869600943  0.74350017312598116
  0.75439179118607314  0.76505925812002917  0.77574232325698644  0.78688714509011581
  0.79756452409057721  0.80774791173540150  0.81764063289459898  0.82728306155120812
  0.83705730954752666  0.84737953492764573  0.85761990845077019  0.86737267384773065
  0.87714818049655385  0.88646509473433577  0.89629176534485855  0.90571704369800299
  0.91448498188313565  0.92248753540566419  0.93021835078914239  0.93854023902398331
  0.94739989307034567  0.95596612581049012  0.96370521544632215  0.97130427145331988
  0.97949931094231923  0.98673012603102306  0.99346819901592975  1.00000000000000000
 -0.00255923740096958  0.01011422876136773  0.02026256683911504  0.03106024508489975
  0.04182160139177341  0.05318030650798268  0.06397603084904764  0.07408041506772638
  0.08424125089864534  0.09461286627780331  0.10451018970787357  0.11484340604184903
  0.12434078097783391  0.13368595665252170  0.14362872071989827  0.15307035410385467
  0.16331965501384166  0.17322684601127425  0.18270752062541198  0.19218581372913679
  0.20220401252174036  0.21230642270173739  0.22238780656330245  0.23236919064842435
  0.24249830444557269  0.25203785240724047  0.26151405018386825  0.27106141514481052
  0.28078818223225105  0.29135384976152456  0.30239288100062139  0.31314773103714261
  0.32361111422589350  0.33387339896305568  0.34449608868600667  0.35565725083535638
  0.36720996453000088  0.37851184274882882  0.39000054809130319  0.40131934312038586
  0.41252362918347274  0.42360656957021536  0.43438369667371979  0.44520626982377243
  0.45571492282843035  0.46605633289824427  0.47665822859704465  0.48714869515960757
  0.49705666919440789  0.50652056849098337  0.51629960378288309  0.52712263171308882
  0.53864021226065029  0.54900623100507229  0.55908810363250494  0.56949125075485874
  0.58046247309438359  0.59110839058670162  0.60119675484162804  0.61110656581456224
  0.62124034815613771  0.63189123825362814  0.64268482484679790  0.65322695749787818
  0.66397935701778266  0.67467750948425043  0.68470696984252999  0.69452771210423025
  0.70443036673090842  0.71467953458440714  0.72492870613069682  0.73515019169683182
  0.74525990468220460  0.75506143752719013  0.76451829882295141  0.77464774615952015
  0.78496673179614473  0.79511471219610375  0.80605525366020669  0.81681556584760850
  0.82756409331635683  0.83869950224610523  0.85027313948176575  0.86194073419643147
  0.87329804201251005  0.88450809892793103  0.89558680537266488  0.90681599568712667
  0.91841208367925287  0.93008853773720301  0.94175163518800131  0.95316649220273586
  0.96435782790321600  0.97595609325922594  0.98733940406315801  1.00000000000000000
 -0.00232120935437318  0.00946174054363508  0.01923125270279049  0.02976362320135470
  0.04058827820209587  0.05120406446047723  0.06163358374304544  0.07192873124326417
  0.08186635191606588  0.09191612219488496  0.10285719840827262  0.11526516669373156
  0.12744193364104725  0.13889636490530596  0.15011666350928377  0.16063613644401031
  0.17082069097726274  0.18038680468896101  0.18994209875694071  0.20022723803517334
  0.21143693498942373  0.22293166990565538  0.23422667081388004  0.24511720845705834
  0.25546354162742202  0.26558981551385358  0.27681982426400270  0.28815434630336162
  0.29933855334202275  0.31023974683094779  0.32092008933698896  0.33134787901825430
  0.34183841059394904  0.35265361376010101  0.36407625600869981  0.37492933303213977
  0.38458017067148909  0.39361407157330697  0.40220329492908907  0.41087631865549351
  0.42160401269298026  0.43282933108625965  0.44366581396291727  0.45493063911109094
  0.46557567266232225  0.47563330806834875  0.48577356987362985  0.49609129988775275
  0.50653231240173635  0.51654702508688988  0.52692789450153488  0.53801079685849196
  0.54869234892286800  0.55901051352446252  0.56964723117085203  0.58008860653199079
  0.58987857514961684  0.59909634881413976  0.60869058921035857  0.61957402990160859
  0.63131012045317703  0.64366703170867934  0.65595034883440151  0.66755118551064385
  0.67852753636564589  0.68960297878239862  0.69988739220310803  0.71016817627338857
  0.72047124315432964  0.73116510086728703  0.74157847045308434  0.75196713129336867
  0.76223625629044567  0.77222035309871440  0.78190780497132861  0.79152745861902507
  0.80161845473497406  0.81251022070830081  0.82383282706264549  0.83505392223654040
  0.84647290245415463  0.85782129948663188  0.86861264432580687  0.87866305186398841
  0.88823486841119881  0.89737750743598688  0.90672322125520843  0.91486382982961523
  0.92524946184983914  0.93604493795708898  0.94695729125608652  0.95845993804851004
  0.96936920751601463  0.98005795206143087  0.99001441307433025  1.00000000000000000
 -0.00266831955999856  0.00992573856102509  0.02048298778695459  0.03192538769157629
  0.04253645431250683  0.05348010919897132  0.06388450618488115  0.07353004925178434
  0.08350217219045138  0.09362295883820290  0.10365122849421085  0.11321572423220355
  0.12301156229401672  0.13355911245654714  0.14448604504239174  0.15561133905769703
  0.16685102800777749  0.17794673487506646  0.18877223096829840  0.20002952227782428
  0.21082805198508711  0.22295292423720253  0.23538938460472050  0.24803931279827585
  0.25994928325868150  0.27046811451657821  0.28074417582234995  0.29098048198319443
  0.30193319715322475  0.31389805109675240  0.32577762506695707  0.33701375233110115
  0.34784668686406006  0.35880082319290707  0.36963242457954421  0.37963790405382347
  0.38873159668546003  0.39778282360562156  0.40686332379934326  0.41544699937936425
  0.42367866909458091  0.43183150729690062  0.44141183261137457  0.45131432578756059
  0.46160042898042603  0.47186251874101115  0.48196082391009676  0.49262731547117999
  0.50351007765628575  0.51436009280966100  0.52517308808134844  0.53510377961058042
  0.54524241782813287  0.55504868025825604  0.56476594313610773  0.57426083376054238
  0.58347284308571912  0.59339682251289383  0.60379610580208776  0.61423510624498190
  0.62481406693079855  0.63596929894329912  0.64701296357252880  0.65725755960487031
  0.66722981813678450  0.67781645476011776  0.68840060236839662  0.69918732834150865
  0.71034604847978455  0.72153357859624700  0.73251382860257019  0.74304415669817803
  0.75343635109751839  0.76408876113948876  0.77516283689428311  0.78688492036387303
  0.79840417772746253  0.80972304844446230  0.82064890385773037  0.83141545030403108
  0.84199066314449844  0.85277166650871872  0.86381005919067411  0.87457508959263830
  0.88472760710609777  0.89483359411585206  0.90551302260676159  0.91618184106332634
  0.92654424441950334  0.93662260680981024  0.94723715619373872  0.95766196025792283
  0.96857303901804082  0.97925913412030285  0.98983110608075731  1.00000000000000000
 -0.00186695695227836  0.00654857679007041  0.01459305979249645  0.02276870951935445
  0.03118605259102886  0.03970736020390677  0.04789892082192290  0.05591744307016654
  0.06417302466314018  0.07294886241722662  0.08207562208523740  0.09100946249060293
  0.09954092559709325  0.10767637891991771  0.11596456005307865  0.12466204199251987
  0.13405435523422360  0.14353404739615691  0.15317409099804075  0.16269495955188740
  0.17249925698546845  0.18258273525471888  0.19246893797924683  0.20248935917205493
  0.21291547653193640  0.22431302010823315  0.23474856811157785  0.24467356634919829
  0.25486538832738875  0.26525174840626142  0.27563859452544537  0.28612847779241607
  0.29697337331851043  0.30842139261028595  0.32004093946705825  0.33247623475537602
  0.34562357205087946  0.35898122252950349  0.37226954471024370  0.38530644908840278
  0.39793385540465859  0.41039166183561210  0.42301535762242559  0.43600097487532047
  0.44914025062859991  0.46247305195480204  0.47618716649524090  0.49022597740978019
  0.50446869102936898  0.51804744034859418  0.53024997272746455  0.54173161090578648
  0.55467092725758715  0.56797870280972174  0.58110086334271716  0.59310271757578736
  0.60509495494872667  0.61679545604382291  0.62935310762072993  0.64219681763375491
  0.65527195944644745  0.66769973856177378  0.68002633085672548  0.69290182766233210
  0.70562989227829664  0.71785760472884086  0.73020051180661727  0.74273285837335756
  0.75465621705531005  0.76517474809285602  0.77547199655010468  0.78577053189652835
  0.79648647194335753  0.80707662970339811  0.81725939990612129  0.82735042234644629
  0.83776243414592322  0.84809879237381369  0.85835301721110746  0.86790046138734844
  0.87717966194822394  0.88622487423266560  0.89506596732171351  0.90428936863468745
  0.91228321553459324  0.91995554536361013  0.92739782220435563  0.93488171962132138
  0.94294167877048740  0.95107362344366453  0.95902469882378882  0.96696863372720221
  0.97517778336138949  0.98338086312777306  0.99140133544629416  1.00000000000000000
 -0.00257846480296371  0.00931406663160119  0.02090903471684681  0.03194527851450678
  0.04344707047152952  0.05488971558940020  0.06624838225771723  0.07751297742039762
  0.08873402266275079  0.09991244982888603  0.11120531030076761  0.12262537500431246
  0.13434109669460984  0.14565618259578123  0.15625578066695339  0.16684164325812453
  0.17766802689382641  0.18851303851856382  0.19951518305985377  0.21060911586181005
  0.22137914499881864  0.23176662525149902  0.24218108846522107  0.25231682193558175
  0.26150874448247308  0.27052766997606781  0.27994499242126331  0.28937656390528926
  0.29868300755517857  0.30771511213747649  0.31764991541356957  0.32825182710917850
  0.33862364082139823  0.34861798651383868  0.35799457285094888  0.36684754978003875
  0.37644769396448968  0.38690186779782870  0.39823672389395565  0.40956077761709286
  0.42023556864699901  0.43067354462836671  0.44073803822531088  0.45043139124652387
  0.45989072965029348  0.47026338586987865  0.48109796880524336  0.49197543199732685
  0.50105973475634125  0.50964836405563896  0.51801403065132456  0.52730111607079155
  0.53759172348336715  0.54835578838327437  0.55973406374329715  0.57079058159629403
  0.58147710441319933  0.59183617005975175  0.60231784795481069  0.61280946729955577
  0.62370702752848517  0.63461539592334415  0.64526953308574475  0.65602216619300635
  0.66689206832163372  0.67825166545472959  0.68939099805798920  0.70107272938911980
  0.71232508839470399  0.72329922063963126  0.73419530422524870  0.74514279569331299
  0.75483092986319489  0.76408705999372528  0.77375665460502996  0.78371573071729816
  0.79381065046701660  0.80357263422220671  0.81371530899643219  0.82492194256821372
  0.83660192531544642  0.84894320772512988  0.86048769302889083  0.87211586490463067
  0.88340573020643709  0.89464165419074237  0.90591733070542479  0.91739501699088433
  0.92884943512978646  0.94011353657086383  0.95101645865573292  0.96137060596724155
  0.97150065759549376  0.98154849949056777  0.99102064760843123  1.00000000000000000
 -0.00207968662833757  0.00886516445177755  0.01855972262330747  0.02847751561697665
  0.03907622682543746  0.04998068450071848  0.06062130252421045  0.07062627192934254
  0.08067076996596165  0.09100863035030680  0.10090151855203076  0.11060422446625798
  0.12027482383021662  0.13013470015295464  0.14035938526186031  0.15120582973512409
  0.16307941836582354  0.17496532657545349  0.18668264121311579  0.19807630783233909
  0.20936520040575948  0.22063628718824613  0.23131741328961172  0.24215467476051541
  0.25275357996804482  0.26349279535283526  0.27413372496472521  0.28472919296629184
  0.29576206077424977  0.30686354597416410  0.31805228982355327  0.32850174763029649
  0.33886844773058716  0.34902863306746351  0.35987088735236433  0.37122185008754616
  0.38222297027817714  0.39322832234965499  0.40365318511472603  0.41463928262544775
  0.42563351837953056  0.43631343903316688  0.44674388055152631  0.45728950323160927
  0.46865724305604495  0.47989914633230235  0.49068253162486569  0.50142105044180474
  0.51239811233479238  0.52362513920770193  0.53444980731737923  0.54512617862390622
  0.55583843264639810  0.56734044361067659  0.57960473585910954  0.59213254333850163
  0.60407579303455061  0.61476227340711909  0.62497549625338777  0.63528320516067693
  0.64527096234295112  0.65531899195800081  0.66556325136847660  0.67517871470623003
  0.68435116517723504  0.69324299563637504  0.70313090624489927  0.71366869367380759
  0.72384044538744230  0.73394231082536776  0.74448580735353553  0.75580170682293646
  0.76742583547302123  0.77864283391477518  0.78932870065792915  0.79996466403753286
  0.81059885051523795  0.82099778265625023  0.83126513579852046  0.84162708011670129
  0.85202709525492271  0.86231902208090805  0.87260843410647204  0.88278062502592591
  0.89279185014598406  0.90209205418991412  0.91150354642608244  0.92167514278781748
  0.93123574019607458  0.94072166310157179  0.94971766197475826  0.95928922225173352
  0.96946113285065882  0.97996453920613569  0.99020505482797327  1.00000000000000000
  0.00012976241734393  0.00023784281085113  0.00036889906550781  0.00052094623859272
  0.00069013129750097  0.00086208104590329  0.00104345908056470  0.00121880267261949
  0.00135661442815651  0.00149502811734334  0.00163412357866485  0.00179210722331575
  0.00195393201064080  0.00211961128761130  0.00229408221183661  0.00247208010469682
  0.00265452931043364  0.00284412325457168  0.00304006071365223  0.00324134701384977
  0.00344950555329630  0.00366883145237390  0.00389565686533522  0.00412740281701422
  0.00436440409940977  0.00460760083110570  0.00485992518469575  0.00512693960376789
  0.00541112165428516  0.00570749874066535  0.00601342085642901  0.00632935773006822
  0.00665435706611592  0.00698442268627152  0.00731566042241246  0.00765580539652554
  0.00800508621632750  0.00837332499514011  0.00875613922335776  0.00915124952181258
  0.00955007301738058  0.00996067904537445  0.01038935729240984  0.01083081887085359
  0.01132405288527809  0.01184637554793422  0.01239371135332593  0.01296405516284746
  0.01354366859477768  0.01412588646815434  0.01473768382285999  0.01537465318692077
  0.01601266100104734  0.01663288266012661  0.01726109265456023  0.01788234170901593
  0.01855540166540459  0.01925266231661256  0.01995494260836819  0.02068653523314474
  0.02151823410977627  0.02239019405439496  0.02331735005059920  0.02432030637947695
  0.02543807282287981  0.02656589619983620  0.02763271612752791  0.02874375116287198
  0.02999015618132154  0.03122648619757160  0.03251093873271740  0.03407892449709653
  0.03585787183343719  0.03739623497802713  0.03868744056886220  0.03987708486782370
  0.04145073108609225  0.04310868336948866  0.04493863483953736  0.04694296630526320
  0.04928013458676778  0.05155390556922887  0.05398144796111780  0.05730865562929643
  0.06051933716800980  0.06355215550976985  0.06705358891644542  0.07221874201782379
  0.07716157709564592  0.08311479779529111  0.08828734895129538  0.09543469957005098
  0.10960516702611699  0.16575729802882302  0.37033223763542689  1.00000000000000000
 -0.00261492067265932  0.00931088956566288  0.01943079125492056  0.03061169090535315
  0.04159194157272590  0.05190805344672908  0.06139343662558737  0.07155935315260457
  0.08148829408628806  0.09169620583886361  0.10153374134454692  0.11221328744493057
  0.12289467010451248  0.13354861173751048  0.14433184136864149  0.15512294549846098
  0.16605741662840418  0.17721399505034358  0.18810954377204794  0.19845371146847815
  0.20871084594554964  0.21929851895651487  0.23008276597207489  0.24154126704793874
  0.25373739422610569  0.26491378562047047  0.27583720955565211  0.28625587989208945
  0.29695498581839258  0.30762528936482059  0.31852623575300038  0.32882378803223872
  0.33892777946956798  0.34895473170975000  0.35959918916796862  0.37022863056244043
  0.38063461306678831  0.39105180730741296  0.40262989923910958  0.41493827783113457
  0.42684424534764892  0.43832684643908981  0.44965932165081690  0.46084165984311726
  0.47238078412988554  0.48401408547204899  0.49529537406483920  0.50666794218126932
  0.51778098971401199  0.52843413014170304  0.53890144241926097  0.55024964802223508
  0.56250357210583801  0.57426125122306027  0.58564269409196190  0.59674048153229742
  0.60731857447835791  0.61796628793863473  0.62880155912440916  0.63968691611150630
  0.65070934466730668  0.66149709667381063  0.67184796964418414  0.68166750562672751
  0.69210738068092725  0.70312681480773842  0.71389745905450652  0.72409238212361016
  0.73443584688839203  0.74512998851388534  0.75582431161172769  0.76554474272341366
  0.77451291332149330  0.78325569800923056  0.79165829565819867  0.80162544129134483
  0.81160690833360494  0.82101241503391387  0.83037932247368096  0.83982298821751322
  0.84879720625440136  0.85771148883091197  0.86658947278812781  0.87580876180969736
  0.88563678968767368  0.89587964555113286  0.90658023814589883  0.91733090645673321
  0.92785955371388129  0.93844455015652384  0.94923465985310329  0.95976766835687188
  0.96993904723220215  0.97991591460853300  0.99007457044794089  1.00000000000000000
  0.03392664117536187  0.57041649971750108  0.64401860918020482  0.68641952780971316
  0.71558277901307243  0.73745340477004728  0.75553794068327118  0.77069150366015216
  0.78368809409898366  0.79537193952964913  0.80562112199539626  0.81481374177949184
  0.82315466303793183  0.83096895891138278  0.83814277064347031  0.84483676575044497
  0.85120750154165059  0.85693020241185636  0.86214900740668921  0.86715450657542970
  0.87188953348668541  0.87619600269122500  0.88016326075432572  0.88395995708516417
  0.88762867522235744  0.89116878662374066  0.89457797054646138  0.89786696070880412
  0.90099028441782791  0.90399775083452871  0.90699502227293938  0.91000450134633648
  0.91295980873087590  0.91576180842582522  0.91837574566458979  0.92088108096785093
  0.92330683755968357  0.92566169752599292  0.92794213193901576  0.93016019878964362
  0.93225426753113194  0.93426253064288967  0.93620840609771394  0.93809197911990205
  0.93984334370927569  0.94149374771002003  0.94310747111255444  0.94469874524652697
  0.94627791046301069  0.94794323522072266  0.94959934490765951  0.95115737820879342
  0.95266680372524248  0.95414253718343633  0.95559107748803074  0.95702174513153115
  0.95841710189667939  0.95973122049524018  0.96095876942758074  0.96215755771271350
  0.96335604440675393  0.96455515179656004  0.96574459835777404  0.96697352686713189
  0.96818729475048182  0.96938783309947119  0.97057908656238678  0.97177579965736893
  0.97292869676609661  0.97382984542330531  0.97476014710104408  0.97567525379259734
  0.97660868690019209  0.97754243155578269  0.97846455152621459  0.97938264999871294
  0.98033823780201568  0.98128232794844239  0.98217425679839510  0.98304305805458114
  0.98392516968277333  0.98481321732961757  0.98570336681984516  0.98655072720345616
  0.98740550346048495  0.98828074885419503  0.98917491840210758  0.99009521510003884
  0.99103601854622025  0.99197734117846437  0.99295702582477696  0.99397178726752899
  0.99498498738372809  0.99616401679615318  0.99772684873123596  1.00000000000000000
 -0.02252849219550641  0.10829812995355918  0.14532032918424054  0.17030642102540247
  0.18904589692590409  0.20463618653477417  0.21720921476780553  0.22741628936224270
  0.23718740530766877  0.24672696328001870  0.25582163758684967  0.26435063242394929
  0.27284820851833341  0.28122611381535439  0.28934684177828374  0.29721027600457028
  0.30450177632596970  0.31110037630438730  0.31764957013174505  0.32441193879518909
  0.33154056205649363  0.33880376952941138  0.34576400624597436  0.35230445079894290
  0.35845904883755320  0.36470224009129137  0.37104103300038255  0.37722650504666860
  0.38312139476643930  0.38883926178148315  0.39462990970330891  0.40058313395729217
  0.40655393722832928  0.41236414846608843  0.41818858793405672  0.42425918330371215
  0.43014178047060442  0.43600995329508857  0.44189235464010640  0.44807733023430540
  0.45455591241702470  0.46106402166350069  0.46726506132540330  0.47313280800595070
  0.47867056258618634  0.48386227869201259  0.48919030053409729  0.49445597096192706
  0.49971205330441859  0.50500692174955908  0.51026508401490922  0.51565301222617232
  0.52124039356316343  0.52690249510016585  0.53185047753175185  0.53648909753947727
  0.54134649252014999  0.54630874682960895  0.55122804062229547  0.55694599893564167
  0.56295773177347885  0.56877912863637980  0.57452153346524260  0.58041880753906827
  0.58671177742482272  0.59310397728800734  0.59928264460559588  0.60529032826884621
  0.61128861986994154  0.61737131255692901  0.62374609705080786  0.63042326308904628
  0.63703636603919966  0.64374100274047152  0.65055955751242411  0.65753284099041942
  0.66451255462629188  0.67144244030636457  0.67853912417993667  0.68595665908486880
  0.69369311066579065  0.70184926762439770  0.70990557248947406  0.71860548583360884
  0.72770135111311640  0.73735891790152641  0.74719711799771105  0.75817049786000712
  0.77012631700931000  0.78250360151969467  0.79606842911310904  0.81144515969497555
  0.82893803789328402  0.85183676079138249  0.88844285713426874  1.00000000000000000
   1.6180418880314136E-012  -1.0000000000000000     
 F F F F F F F F F F F F F F F F F F F F F F F F F F F F F F F F F F F F F F F F F F F F F F F F F F F F F F F F F F F F F F F F F F F F F F F F F F F F F F F F F F F F F F F F F F F F F F F F F F F F F F F F F F F F F F F F F F F F F F F F F F F F F F F F F F F F F F F F F F F F F F F F F F F F F F F F F F F F F F F F F F F F F F F F F F F F F F F F F F F F F F F F F F F F F F F F F F F F F F F F F F F F F F F F F F F F F F F F F F F F F F F F F F F F F F F F F F F F F F F F F F F F F F F F F F F F F F F F F F F F F F F F F F F F F F F F F F F F F F F F F F F F F F F F F F F F F F F F F F F F F F F F F F F F F F F F F F F F F F F F F F F F F F F F F F F F F F F F F F F F F F F F F F F F F F F F F F F F F F F F F F F F F F F F F F F F F F F F F F F F F F F F F F F F F F F F F F F F F F F F F F F F F F F F F F F F F F F F F F F F F F F F F F F F F F F F F F F F F F F F F F F F F F F F F F F F F F F F F F F F F F F F F F F F F F F F F F F F F F F F F F F F F F F F F F F F F F F F F F F F F F F F F F F F F F F F
  <DiscreteSampler_grid>
  grouped_processes
  1 # 1 for a reference and 2 for a running grid.
  10 # Attribute 'min_bin_probing_points' of the grid.
  1 # Attribute 'grid_mode' of the grid. 1=='default',2=='initialization'
  0.0000000000000000 # Attribute 'small_contrib_threshold' of the grid.
  0.5000000000000000 # Attribute 'damping_power' of the grid.
 # binID   n_entries weight   weight_sqr   abs_weight
    10   10   4.328444443894321E-001   5.658588166633568E-001   4.328444443894321E-001
    16   10   4.297412468940346E-001   5.586004074510522E-001   4.297412468940346E-001
  </DiscreteSampler_grid>
