  0.00276213328343148  0.01415204310885049  0.02347540307731088  0.03101360420878024
  0.03776661360517473  0.04361330360401200  0.05044784405809518  0.05917136567488288
  0.06912228105760436  0.08153823728084360  0.09523091447722547  0.10722267017531202
  0.11899365402539586  0.12939141425934150  0.13975450314163612  0.15079122933340572
  0.16289349190548272  0.17567353865714516  0.18798433422891767  0.19966053085480492
  0.21129778786329775  0.22314890449314775  0.23477941312785877  0.24551829383713561
  0.25567005777093371  0.26733625945136347  0.27907235790382023  0.29040198135787643
  0.29850492585422711  0.30548637811627383  0.31256843401074302  0.32622472558623583
  0.34104277208870504  0.35463629550191567  0.36757806113811037  0.37942361027477406
  0.38936978536699296  0.39909574797841013  0.40919012977788088  0.41904107712678851
  0.42756115863941119  0.43464899686616582  0.44472552148239003  0.45884736785558922
  0.47300796065347261  0.48345965825303938  0.49237144762214585  0.50265228879874013
  0.51073257862209920  0.51668470983851511  0.52289758324239488  0.53026670223999772
  0.53743238886418632  0.54666148723687269  0.55569763867577371  0.56354909524692232
  0.57197816863948459  0.58219658375340166  0.59220767125289253  0.60194529307822331
  0.61091876489345032  0.62159744336315792  0.63375116056192449  0.64340955624648344
  0.65543273331607499  0.67229387662705964  0.68900284833804049  0.70518984792703865
  0.71958188770286746  0.73088773808026264  0.74105169475944521  0.75165942199872371
  0.76569580434119744  0.77987161786905446  0.79387308252796207  0.80851978902369193
  0.82103143103246568  0.83190522204766393  0.84166180395633128  0.85129318792354347
  0.86012725546229973  0.86760064092207334  0.87439571051196630  0.88115590362905194
  0.88824698414710068  0.89435593675135872  0.90133608765338868  0.90847381372709957
  0.91643191527512169  0.92688958433052338  0.93876931401312058  0.94975444590818869
  0.95947611363574759  0.97114636430659029  0.98541437899997708  1.00000000000000000
  0.00389862839358542  0.01022171738058258  0.01786694284059081  0.02729031422134388
  0.03770818006896382  0.04604118765386986  0.05123895358696912  0.05644576315049289
  0.06242388353714041  0.06792352574402322  0.07538175256798459  0.08282339361448358
  0.08950085865515651  0.09579793580329722  0.10147591318892739  0.10784778651826947
  0.11614915356767218  0.12556580401808967  0.13576301355069759  0.14887025725679007
  0.16347860096029673  0.17806296729031587  0.19210869952953855  0.20482781940821923
  0.21373809213408176  0.22153756701995556  0.22910920536337726  0.23708236190403167
  0.24709049121283799  0.25668135211157878  0.26740122325632470  0.27981861585729023
  0.29069906737502699  0.29976999558159401  0.30829682970083355  0.31849881015435189
  0.32839912806272376  0.33748228871459274  0.34672907379725693  0.35536858472623983
  0.36378177119743565  0.37269136749414189  0.38152749050858692  0.39094568082951731
  0.40060859707385299  0.41176712895941969  0.42288115501730345  0.43393857703770794
  0.44536790792507364  0.45728311725120468  0.47017098461336393  0.48119369437007348
  0.49338937648269399  0.50562131867340754  0.51562240158099348  0.52645871688927448
  0.53281118394819582  0.53745928038246349  0.54258891521024366  0.54893271640417185
  0.55577165272946882  0.56565799763469504  0.57541477551110243  0.58490646389620982
  0.59557104448909548  0.60799728787780105  0.61849625451641133  0.63023512781681912
  0.64519260569168357  0.65983808190091542  0.67379589362518633  0.68808827496995040
  0.70245879415230272  0.71597976618326842  0.73064212038857079  0.74679953597509752
  0.76394832918314048  0.78071781468652646  0.79460429718329040  0.80483479777614875
  0.81464600625455919  0.82440377178355762  0.83516891215594147  0.84693827424124180
  0.85763418726090002  0.86780399759816329  0.87989855405848383  0.89345090144655148
  0.90615556513762840  0.91842843390147533  0.93057608578949524  0.94227046320122043
  0.95406739470907242  0.96702943516388717  0.98210114870715681  1.00000000000000000
  0.00012067269131864  0.00012663664810638  0.00013221841060513  0.00013824892784721
  0.00014412548454918  0.00014976424026949  0.00015485202143417  0.00015909531983584
  0.00016279265862157  0.00016629850227752  0.00016913699516452  0.00017170128912980
  0.00017423979706160  0.00017720082539704  0.00018076427585649  0.00018451513396319
  0.00018761530814352  0.00019052422488837  0.00019343866073981  0.00019585503909543
  0.00019900131767314  0.00020207456718051  0.00020472598887422  0.00020712066269417
  0.00020937571180115  0.00021188363072519  0.00021484401912860  0.00021771718870326
  0.00022053240336376  0.00022373684311248  0.00022717901836337  0.00023098412248228
  0.00023538360493619  0.00023997461385550  0.00024410099552725  0.00024776640162701
  0.00025113620502422  0.00025453289186909  0.00025791774082393  0.00026158740274352
  0.00026559302908322  0.00026929538236272  0.00027263381365387  0.00027585799585391
  0.00027936407326655  0.00028400999666998  0.00028984879529690  0.00029592694197512
  0.00030229813389532  0.00030781597116108  0.00031308869039776  0.00031845667456041
  0.00032462316512366  0.00033224819704094  0.00034148029820020  0.00035020426586424
  0.00035791002307283  0.00036526841138005  0.00037270392171060  0.00037900833290645
  0.00038436725375200  0.00039232362029623  0.00040227580734649  0.00041589000003084
  0.00043238877766756  0.00045060944115126  0.00046616897170152  0.00048395745322112
  0.00050229098453283  0.00052120789299985  0.00054271947610529  0.00057018731947791
  0.00060456466862553  0.00064337775960326  0.00067718274797786  0.00070700758383982
  0.00073097333537034  0.00075982585877213  0.00079641559036822  0.00083683721337417
  0.00087558160955188  0.00091795075359115  0.00096009132147245  0.00101125007207291
  0.00108766926841508  0.00116718559015766  0.00125652416901816  0.00141177037571773
  0.00161449067645128  0.00176638954935836  0.00189619468702416  0.00208743506977898
  0.00230558787045095  0.00461145169974790  0.33525395929674945  1.00000000000000000
  0.00612438636883571  0.02318630162011261  0.03919771374645566  0.05322627946485731
  0.06497804495727394  0.07625294703740752  0.08679567750912964  0.09548655218062183
  0.10241410497853730  0.10828759776779050  0.11368763042940440  0.11974086848157522
  0.12772721498290618  0.13614760590099395  0.14250220908583647  0.15316111675996191
  0.16578916332245641  0.17818544929782054  0.19074539764912624  0.20310079484629487
  0.21464994047754826  0.22544680635887729  0.23596404381569158  0.24646314593730326
  0.25165397875811019  0.25795249691519812  0.26400562690250878  0.27103732659841950
  0.28031788242260769  0.28990809496595044  0.29980699634739244  0.30903010095973743
  0.31765371538120812  0.32683351072594419  0.33567656959504211  0.34562491964645792
  0.35755043657901209  0.37149965940611651  0.38573959017430315  0.39763566938281170
  0.40716990302397110  0.41452040864611800  0.42059350321414490  0.42550765324968354
  0.42999697867838360  0.43719257483727986  0.44715141494020855  0.45705857508655795
  0.46676099866055842  0.47601441144421880  0.48389624371036632  0.49055166126504995
  0.50053982485686654  0.50988215566528261  0.51768362261929601  0.52509899763177281
  0.53244635921748074  0.54022588306904951  0.54958464831179910  0.55902996500241264
  0.56863605101518055  0.57907648822787283  0.59002878439337791  0.60149681450987591
  0.61581890732800160  0.62735266558633640  0.63681875494368934  0.64702212921920832
  0.65779881018242903  0.66739298716042772  0.67477917634737461  0.68230283310029283
  0.69171966337318624  0.70362963366724895  0.71589013690428493  0.72869766627834642
  0.74426812658015040  0.76234344356586958  0.78143208084300131  0.79819835025691421
  0.81280087893870889  0.82522082528352747  0.83637408312928618  0.84686330686482958
  0.85697517253327360  0.86847387416349231  0.88224438155284701  0.89624946335129596
  0.90870008851902850  0.92125345759914556  0.93384126195904060  0.94665514117823135
  0.95929420664561760  0.97188642898705357  0.98522811415942924  1.00000000000000000
 -0.00036377828281417  0.00275423593463108  0.00577651181171584  0.01174678722807328
  0.01770721434494556  0.02370745469100179  0.03075687072188401  0.03869047828924966
  0.04665524118369276  0.05448840099391779  0.06385521815790184  0.07544340806650877
  0.08710001358999793  0.09823468513125440  0.11036685631930440  0.12370862639427023
  0.13475098975528951  0.14418176062212656  0.15313043506563634  0.16208307051087473
  0.17191962464273772  0.18188914887807331  0.19170902995971800  0.20208226777494356
  0.21469170922395939  0.22595443750958843  0.23570889259364197  0.24410310747363062
  0.25292011560623867  0.26351984003445744  0.27496721535447122  0.28740851328548539
  0.29740784046761598  0.30706154490413429  0.31886387358335733  0.32693287639584262
  0.33382934130995118  0.34167886629948324  0.35093984248051407  0.36120036533284122
  0.37022549650984138  0.37691911434112096  0.38211458682269162  0.38807098949069779
  0.39743230538695051  0.41025623611499673  0.42368838025581534  0.43740737504360344
  0.45094692876483594  0.46274025247442946  0.47200520443659782  0.48119373096408502
  0.49168271593672480  0.50331008978637160  0.51483833522302624  0.52787991141138146
  0.54330534218032822  0.55625476711019728  0.56902878765090570  0.58282937655640310
  0.59789519100322397  0.61405526295209256  0.63208268999769579  0.64895553391556260
  0.66487505500471800  0.67990288047571001  0.69437535457020971  0.70843914555519838
  0.71966936364235368  0.73252314571156474  0.74598265243684192  0.75982035608569720
  0.77309999051104938  0.78462347205023042  0.79492603183232424  0.80537769648980717
  0.81582584806040637  0.82620815867974706  0.83727963071022526  0.84764521777826751
  0.85714893726223895  0.86632392917115242  0.87427236751053283  0.88001098620894302
  0.88750130826261109  0.89529080874583511  0.90397453473230693  0.91525202708166609
  0.92776706878007353  0.94021843467178923  0.95260798594362894  0.96396900449872880
  0.97390196548782371  0.98220097868290690  0.98926556746473793  1.00000000000000000
 -0.00523412207677966  0.01475477956412524  0.03252542876272992  0.04705865181068475
  0.05886125930829315  0.06951135853584864  0.08005642774036828  0.09141721478593723
  0.10328781604511798  0.11342802031571726  0.12318936246057782  0.13356597481582466
  0.14383354706083942  0.15748343968391759  0.17033935414833845  0.18271562876448785
  0.19481752492093829  0.20474031834772707  0.21371305612818450  0.22153457748791763
  0.22906611457458551  0.23656941311371749  0.24416069622869349  0.25133000358910362
  0.25829628572575430  0.26563705575691476  0.27416891141879485  0.28585021220414114
  0.29870996728025878  0.30980820381501561  0.32074009880360133  0.32980578509310959
  0.33598473134846951  0.34224766418637587  0.34998024827619728  0.35900813048654895
  0.36766332667566837  0.37577908224717560  0.38409203037192946  0.39114026593448387
  0.40066648876638927  0.41411796148576741  0.42413582182592940  0.43139476727045001
  0.43828065708747976  0.44590289110344766  0.45493946621194542  0.46305104630156940
  0.46977374115513321  0.47917168291238338  0.48667142643310407  0.49623712215170562
  0.50526166638887693  0.51461134917318796  0.52549683765277277  0.53823741401935699
  0.55324396376278395  0.56792679931986279  0.57829236909766590  0.58763210371978791
  0.59832009515015439  0.61005716552297140  0.61970372686649211  0.62909474839140955
  0.63828318852501065  0.64795639209468825  0.66251299810640252  0.67716815551485854
  0.69045599259337664  0.70268879958102637  0.71444742692552232  0.72599252860356089
  0.73830990957028753  0.74885765673937887  0.76293418459066198  0.77789985541113660
  0.79392279824535472  0.80976716944357052  0.82441408597044707  0.83853500193624486
  0.84933310922764460  0.85623542677514053  0.86400138558974271  0.87212795752754568
  0.88331696683468630  0.89793706212444890  0.91020775314338842  0.92126752465031725
  0.93167032302792951  0.94188402696769491  0.95149514165209381  0.96117109685755320
  0.97335921740964870  0.98348489192294830  0.99151311767789851  1.00000000000000000
 -0.00186037092302808  0.00609529206626547  0.01534423116206806  0.02445041900149775
  0.03413820846323808  0.04443440135773892  0.05576454477564608  0.06588248451037751
  0.07510873622966971  0.08456693032980345  0.09617561221912437  0.10898674088965341
  0.12308857261846176  0.13917787124997166  0.15789740343953299  0.16965357641136022
  0.17966970544009517  0.18949758674135353  0.19967393772214759  0.21148661357513582
  0.22569873661918860  0.24303814945891428  0.26374102308848696  0.28254507846257054
  0.29490522143533610  0.30035554654412522  0.30859411945351473  0.31451256331324867
  0.32017648573543339  0.32768744710941849  0.33314700248530010  0.33777847140691181
  0.34439028138212069  0.35383112656337223  0.36549663129738086  0.37694828102454792
  0.38623769804807373  0.39597952894178018  0.40578946373506131  0.41683773531581186
  0.43125655912310096  0.44659824113201513  0.46251331987396943  0.47928707378606750
  0.49414224371221016  0.50755781638531638  0.51994922198845295  0.53283004132564837
  0.54467807153577763  0.55179650533609093  0.56354715679631096  0.57377218708897937
  0.58312799980138830  0.59204637375645364  0.59969444946349759  0.60831874970259381
  0.61895791933781519  0.63084455427994712  0.64418933039356119  0.65755803184515582
  0.66983388289908530  0.68116517375207031  0.69091060299083884  0.69929187112251423
  0.70750382552138602  0.72041718845443481  0.73355854979541568  0.74479869792621978
  0.75536666569903055  0.76518686247400192  0.77354264861649180  0.78125460556002513
  0.79164963548071554  0.80311152517847340  0.81276647028560955  0.81901538690080156
  0.82800832174933825  0.83831119224613493  0.84774510403894510  0.85658687845792791
  0.86584283627866832  0.87611941409195582  0.88881189636627933  0.90103087963558393
  0.91139906723456843  0.92136013075104750  0.93008469179524944  0.93840686500623827
  0.94554709850067131  0.95291792934190389  0.96339983625865244  0.97315676630537484
  0.98097271503641137  0.98687237136835804  0.99248472518066433  1.00000000000000000
 -0.00652559280976405  0.01558965778450504  0.03432355259797904  0.05049768616701918
  0.06635037868204774  0.08039939967515737  0.09294464967077218  0.10477684924580359
  0.11418162264593831  0.12203651929760274  0.13040915298057651  0.13931869829676671
  0.14771388462612714  0.15574669628950907  0.16496101778610520  0.17629425817547692
  0.18999713395821816  0.20699112425965047  0.22245757770234148  0.23667680897476165
  0.25108952249396288  0.26477221960152014  0.27582549869319561  0.28892539033222348
  0.30392091254262582  0.31805605006113896  0.33269334903352665  0.34627269352898710
  0.35817568216873286  0.36892679603041229  0.37976752707025413  0.39035849680222373
  0.39995254233218447  0.40874259381506645  0.41825380852111871  0.43009174370353465
  0.44395170935469369  0.45677003591244242  0.46734035039487859  0.47631622459377704
  0.48382088884790775  0.48948361564028070  0.49433954925585888  0.50029088778487008
  0.50857545267520532  0.51740594897133296  0.52811356136690479  0.53891987059929214
  0.54842004982005621  0.55695342983028229  0.56511675376883741  0.57447764232450416
  0.58604420070551533  0.60036728189838950  0.61161866550914934  0.61914242113989948
  0.62675079239276987  0.63532801063049604  0.64343741111957853  0.65108297826212558
  0.65812479457960538  0.66500858358120452  0.67177765671087264  0.67991627304758939
  0.68981253293680511  0.70002838044969418  0.70990865955624061  0.72248835012253876
  0.73459857256209082  0.74645621393370376  0.75909974794594448  0.77210214815934164
  0.78373394561564602  0.79333878287374604  0.80273772532640253  0.81312837567897278
  0.82338732762360889  0.83099393416889067  0.83764309342459542  0.84479584550349818
  0.85452502754145754  0.86813909390809019  0.88231266229956773  0.89208300414184427
  0.89954631131925988  0.90711034288430303  0.91538762737494661  0.92334127956046663
  0.93065776071687001  0.93947155015599260  0.94965528772859720  0.95974794536926622
  0.96989175484183476  0.98060112202138161  0.99053419960115752  1.00000000000000000
 -0.00371836395200239  0.01258595214246408  0.02604943297908337  0.03854986481692102
  0.05025052442857531  0.06195248910562026  0.07435595181825236  0.08899248444388110
  0.10266153530952596  0.11087628042079875  0.11692228851425229  0.12411409769660794
  0.13258209513047786  0.13939008174603582  0.14556793508521235  0.15163954992666626
  0.15816525100066831  0.16316924745214953  0.17237782266677598  0.18558984456311473
  0.20139194456754175  0.21178749013312848  0.21921456001501255  0.22744520342453484
  0.23482352264022716  0.23973850468549482  0.24402661452423358  0.25097050870615084
  0.25774516335152636  0.26393052056287580  0.27032299219894612  0.27672440751878652
  0.28245085761152683  0.29075503910725892  0.29742258462736054  0.30284314789755690
  0.30937918469595738  0.31680534983452724  0.32722785891548772  0.33843683220517090
  0.35007256427748840  0.36265099535215395  0.37429332297579926  0.38521518749958827
  0.39770521991273566  0.41075838031175843  0.42341770581563504  0.43523546901748561
  0.44580035014691416  0.45493545822200532  0.46388112100552104  0.47217879726523010
  0.48123391838690360  0.49323300736780012  0.50602295340612280  0.51888246120183135
  0.53160502588725866  0.54543945629890833  0.55883714997863732  0.57190313831389405
  0.58458513325681039  0.59615763288197232  0.60538977313584408  0.61323986663998376
  0.62154790434553420  0.63201040139795184  0.64424201725665897  0.65556796003816364
  0.66511966494730057  0.67720540488410552  0.68958458182366289  0.69986238709037329
  0.70939842761832805  0.71957806511420241  0.72922849669582201  0.73886226206894001
  0.74928207695385873  0.76082958255279343  0.77441961640815460  0.78980731331943277
  0.80402879544342998  0.81464068714589921  0.82224495531300756  0.83049955536849240
  0.84093475931192774  0.85374658503928280  0.86758527948509523  0.88137091875662510
  0.89598305333697081  0.91110716726423213  0.92457518660634641  0.93801061976775479
  0.95142904921919413  0.96534795744755142  0.98092457796802490  1.00000000000000000
 -0.00059937741986088  0.00401768105306413  0.01014199556324808  0.01664953739440925
  0.02276259840545889  0.03278931067363434  0.04477194726649718  0.05345597318648678
  0.06151790703898143  0.06937818812130875  0.07775570602591257  0.08832657342998143
  0.10090777525562339  0.11982896798498073  0.13503440339952111  0.14860887968540934
  0.16084125099482058  0.17173428691022863  0.18216926040594469  0.19365703849703964
  0.20673662567937143  0.21982187202149395  0.23136866138669668  0.24168253298928172
  0.25191435331079420  0.26444324156238552  0.27130000228182938  0.27609294916212718
  0.28120813370148012  0.28669154346853892  0.29468827002579623  0.30722283347891610
  0.32192468806312313  0.33415184248047425  0.34484514370714342  0.35575561233712066
  0.36731589494012029  0.37965866129454273  0.39055347335093032  0.40196578857941412
  0.41296324690476127  0.42157976862595070  0.42919604393378402  0.43834787549025028
  0.44709581963206879  0.45589623180502353  0.46354039681122433  0.47063547226897917
  0.47765960142669778  0.48534548790300641  0.49155476634127887  0.49695232727325106
  0.50451876676121032  0.51402134024370505  0.52434076660252915  0.53498063864738066
  0.54575109627104623  0.55722425804918840  0.57154571212090166  0.58699159913914811
  0.60112199246812115  0.61570046808106960  0.63115240454114185  0.64700098668776507
  0.66219405599542336  0.67608444299153536  0.68865454364347567  0.69922867421301160
  0.70869409373388725  0.71812452257367942  0.72771077464217826  0.73760313514262976
  0.74787960876236181  0.75892085879189730  0.77038062075574876  0.78204166663047114
  0.79468133583691991  0.80752194195967053  0.81870963690507959  0.82905391973823594
  0.83857259093010750  0.84623866796503566  0.85411017340043049  0.86250436702556288
  0.86761122064741603  0.87283576100857962  0.88696405279614932  0.90159284944163398
  0.91268693980943327  0.92310070262409483  0.93328040248351951  0.94459660093883435
  0.95561362745590606  0.96713001360948936  0.98147635227639463  1.00000000000000000
 -0.00241773020751043  0.01083447019944438  0.01726686420023046  0.02464099278016476
  0.03289176786478794  0.04137465758375555  0.04893856416979008  0.05638588554320728
  0.06461583465105228  0.07452100116288156  0.08598952958676721  0.09710955014970579
  0.10615922887888270  0.11540728162843102  0.12765871634116679  0.13966801626487543
  0.15107782811611312  0.16217785210390509  0.17389824884818073  0.18664240214053279
  0.19982350222446060  0.21352473799229960  0.22609544687756558  0.23709718261928472
  0.24765171043059170  0.25623105556324999  0.26402507208710146  0.27463734311623306
  0.28671966213904954  0.29673679003818570  0.30501780334395767  0.31251648953399702
  0.31988764012994020  0.32728690512219055  0.33531519740785942  0.34403705198500251
  0.35366411794995850  0.36384375529955809  0.37423247664827564  0.38949375046644213
  0.40594078940389733  0.41933504127733268  0.42988794660299301  0.44023230696488491
  0.44992416556685855  0.45892962889681199  0.46784002083802190  0.47684555945631729
  0.48682719727399998  0.49797775600001237  0.51113078824623592  0.52450359752770437
  0.53939656758503707  0.55485639007048904  0.56756458110727970  0.57728337937051333
  0.58480306854143116  0.59137760120801641  0.59987384763071161  0.61048145617767458
  0.61900823485955114  0.62653378333930265  0.63420199137330069  0.64035373471382495
  0.64751693097855301  0.65868111430256304  0.66923488803717646  0.68313705071177855
  0.69884236898135499  0.71362837253098133  0.72691374831375244  0.73900995016009685
  0.74959848095006076  0.75977300481205012  0.76965806242354662  0.77953798687605447
  0.78996202121064329  0.80031612335723334  0.80836846549790642  0.81467111974324435
  0.82373541082641477  0.83514460348161179  0.84704997053261799  0.85799049769748115
  0.86642151070197992  0.87360164446373734  0.88194307360611524  0.89068713765667129
  0.90125938145353401  0.91330757347697422  0.92694570727411119  0.94278870342682830
  0.95837193659656117  0.97156536729177156  0.98436225246044984  1.00000000000000000
 -0.00625920664216572  0.01329709500880822  0.03138098506625459  0.04709841553259161
  0.05739584328571666  0.06878683840431069  0.08032111781395644  0.09154702251106024
  0.10165824390747505  0.11184826889229006  0.12337605385170242  0.13611034864226657
  0.14704722384382901  0.15616481844143837  0.16485836069770843  0.17409065687029232
  0.18529648612656160  0.19674510641985946  0.20791962449174312  0.21991589960630056
  0.23049334489099577  0.23687032918589040  0.24499061632978120  0.25251500616286660
  0.25992159732705467  0.26598181994255471  0.27478047989142207  0.28332465845378763
  0.28977943385183663  0.30421040689291340  0.32094912114413587  0.33433372361154079
  0.34715021243726901  0.36160276473809949  0.37767340501406788  0.39493378878304247
  0.41196212544608812  0.42907239493318927  0.44171423637680407  0.45034928341112401
  0.45912588479727628  0.46590589103044355  0.47241996471882924  0.47807526032302100
  0.48251015842802986  0.48698643924734641  0.49192105922940682  0.49822427792734708
  0.50941813149241011  0.52323022064194813  0.53555477893930248  0.54664669878990013
  0.55614605167962905  0.56590200749274155  0.57687662178476029  0.59022452215984189
  0.60472819785301068  0.61854085006849779  0.63121330553098165  0.64294380241889226
  0.65376668570782515  0.66394768930457881  0.67514834392506373  0.68806137423164149
  0.70116173019008632  0.71206563658291933  0.72097098641256285  0.73006748735767379
  0.73895821392377492  0.74817718107997699  0.75717415029463009  0.76569271742873279
  0.77793494306507527  0.78894342254091698  0.79781671920091013  0.80579213445986642
  0.81316565775702043  0.82229159950426467  0.83119247274647079  0.83881227482766851
  0.84542696446797017  0.85255211926582264  0.86057210735496825  0.87077654219667122
  0.88222483383143013  0.89256627248278142  0.90301069286733393  0.91400347371967494
  0.92403094396911711  0.93412343670876408  0.94514646571760974  0.95621363850588015
  0.96620541120587777  0.97565014786957982  0.98594775431782034  1.00000000000000000
 -0.02620451455749596  0.10962062843196138  0.13545930819344942  0.15035204441550742
  0.16315372551307020  0.17546023277172179  0.18923835602898065  0.20484386710786809
  0.21634460413601422  0.22513773151246219  0.23401827312578527  0.24221829755571991
  0.25112297611561785  0.26057956974021562  0.26799677583238962  0.27687168416115315
  0.29063292507672422  0.30153699071742335  0.30904770564376360  0.31526062352792950
  0.32159135847825582  0.32783099432374968  0.33347785013023462  0.33795694900038636
  0.34239148659433405  0.34757832144535611  0.35386707693030500  0.36179172273785182
  0.36907556534705843  0.37597186170212871  0.38169051535851628  0.38753912636678689
  0.39209228121561379  0.39756270794661647  0.40406345925359494  0.41133996295422215
  0.41974032588551680  0.42796652667140272  0.43546454257153733  0.44290885582311729
  0.45098306191066290  0.45863422111063135  0.46491552446194112  0.46979927891765505
  0.47408547031888454  0.47835249454476170  0.48281937357441107  0.48698706873827474
  0.49083517397839038  0.49484432979965226  0.49931616320862326  0.50448714806011252
  0.50937658755015847  0.51433248665217013  0.51910019316651923  0.52493925159541655
  0.53202850914565702  0.53981325582570328  0.54751384259407154  0.55439811981113229
  0.56042143869159400  0.56595289000367999  0.57151670497107565  0.57771839094149735
  0.58379797156428714  0.58932440373067962  0.59513366919703703  0.60094732156487762
  0.60776596825390250  0.61560557067821209  0.62317790864503697  0.63034002448277815
  0.63731931627904237  0.64453578098682573  0.65263676971059970  0.66058120802064346
  0.66852490816709398  0.67716143769424519  0.68645452366085369  0.69464657521337581
  0.70290657105887977  0.71516315276235320  0.72665671186794090  0.73515473969347123
  0.74411393242422730  0.75387105558473844  0.76133483666755386  0.76634226528571414
  0.77105839923953323  0.77750773113883553  0.78628069184830462  0.79614872040496687
  0.81003725582377661  0.83761661438058888  0.88625264951615390  1.00000000000000000
 -0.00250859258720534  0.00785379769312996  0.01989214256913094  0.03215822036707770
  0.04415189446436958  0.05598175815076329  0.06782329303748022  0.07992287656382517
  0.09267706703970084  0.10525284774559811  0.11716743344517738  0.12869590693733521
  0.13957685693988281  0.15049822655372347  0.16103322941761969  0.16973344026048920
  0.17745940233310600  0.18621726658616838  0.19338641739371579  0.20050068215721190
  0.20835655981243653  0.21665496075363611  0.22314258353307379  0.22855881916466431
  0.23493234424115891  0.24249969259957821  0.24857714045451104  0.25668655214338409
  0.26896206096508191  0.28101488350252835  0.29296159747659517  0.30720536516008096
  0.32714998712705867  0.33964618878337338  0.35001502085529246  0.35958295548758451
  0.36901507097938346  0.37710041509478559  0.38391228843962205  0.38999786045156659
  0.39602444046227253  0.40299424444086901  0.41160698634164494  0.42166613747412118
  0.43114210432920480  0.44557848606301714  0.46198308548987732  0.47830591324574945
  0.49389794806381615  0.50895712882579414  0.52355195251878694  0.53892168623913683
  0.55350171289676409  0.56531511854806682  0.57399368567412989  0.58134398229103523
  0.58890767021556156  0.59733616423174551  0.60761344145462282  0.61846928358339170
  0.62814735162679525  0.63982419332024076  0.65215419093365712  0.66313205842020828
  0.67540380498989649  0.69080490669419725  0.70365827032431150  0.71674410851345571
  0.72722768855436104  0.73696464895467007  0.74672472017521185  0.75739021656861738
  0.76817136565953126  0.77939434674044583  0.78906233847924778  0.79824751703937014
  0.80761647506676271  0.81785279121377763  0.82809104478891515  0.83931699259345605
  0.85449556302240004  0.87104963388772672  0.88636796454965028  0.89594031554704034
  0.90608620182351374  0.91670233401400592  0.92140808453461287  0.92772466202108894
  0.93586628848258535  0.94433342543417320  0.95381642373597020  0.96330877398186721
  0.97351326604473876  0.98225555414719878  0.99104676990582619  1.00000000000000000
  0.26599030946930713  0.82325278807192293  0.89107627747332940  0.91775215739290894
  0.93018314902964583  0.93789272613802033  0.94254166499981484  0.94590257770711350
  0.95013418329295929  0.95490505418554661  0.95893701818824473  0.96114264699034835
  0.96244256458693833  0.96335322674065371  0.96440439160537161  0.96548703080479592
  0.96686729792139947  0.96824905972678865  0.96935674245608927  0.97022547828543382
  0.97113602264010446  0.97224144831648973  0.97332204314660209  0.97448356835366345
  0.97551770016488171  0.97636993676617001  0.97715444437003818  0.97791866638400071
  0.97874102236944283  0.97950499216063380  0.98015478393805044  0.98078599086926033
  0.98147344518000246  0.98220963490203161  0.98292806411431088  0.98353292852568763
  0.98400425872844799  0.98444537591157644  0.98487534737821769  0.98525271435305128
  0.98559037805546690  0.98591675444621263  0.98625770633738141  0.98667854762588680
  0.98720280573217634  0.98769704620305587  0.98810207116984894  0.98846253690516084
  0.98881815388470429  0.98917588607110918  0.98952351873449040  0.98984601385369919
  0.99015055575604494  0.99046241243996558  0.99079073866288725  0.99113474386419553
  0.99147637687094714  0.99178620684619723  0.99210965478505742  0.99240848112125613
  0.99267647483703847  0.99292447799764749  0.99314832193202807  0.99334651680471209
  0.99353474405390430  0.99372308289826661  0.99392391155673065  0.99413190156273878
  0.99431990218536437  0.99450771635865687  0.99469843406558012  0.99489863234544784
  0.99510329253415364  0.99528141696950123  0.99545999209778646  0.99563971618566305
  0.99580407369024060  0.99596633274737345  0.99613373821872342  0.99628758749207835
  0.99644700848413448  0.99662107373559394  0.99679031571346244  0.99694668646947249
  0.99710705601641292  0.99726845007698328  0.99742326625566002  0.99757305534459451
  0.99772374667478880  0.99787849241797122  0.99805894242003201  0.99825328513271849
  0.99846254730148187  0.99871631792552962  0.99914952191678330  1.00000000000000000
 -0.02734166573427662  0.11704841838935248  0.15785187011977672  0.18266190857158324
  0.20383163055102774  0.22366836557847655  0.24063561839355041  0.25540712812696670
  0.26933874002935115  0.28026298086259621  0.28997010031043269  0.29875187043287732
  0.30695847133218779  0.31635950732426710  0.32517892673607623  0.33717843876577658
  0.34696741807266562  0.35440334671362839  0.35997035242059899  0.36400199972558905
  0.36781043149310544  0.37233436658712582  0.37680937404649484  0.38154130247303703
  0.38722012752257129  0.39270869715463219  0.39944915580589402  0.40589497532627905
  0.41192006797112207  0.41762166405161749  0.42340261667070278  0.42965412757766375
  0.43663450318652358  0.44304474924574921  0.44920225278431325  0.45554875853828908
  0.46311374132810001  0.47114253455961824  0.47865796742711569  0.48517108855960506
  0.49105971560038486  0.49681902045781123  0.50300736558854886  0.50925261758105611
  0.51459618049481426  0.51912410705463141  0.52298336448561267  0.52613906360862805
  0.52948034270750299  0.53297380739634448  0.53605099345581353  0.53979841962697428
  0.54375150590987864  0.54755656784682116  0.55115431002054016  0.55531911663905564
  0.56013703498612100  0.56589582495432700  0.57264896570498247  0.57844630667485097
  0.58364263421341467  0.58857733543759783  0.59324751176392554  0.59858035699249823
  0.60278915382346088  0.60685335364575377  0.61116675997379444  0.61600582762928890
  0.62092701778754200  0.62759941369466155  0.63421928068178390  0.64470616036142014
  0.65626910550407402  0.66597545939364911  0.67377028125121474  0.68055127267457605
  0.68644020934121364  0.69177196950885189  0.69777999245668010  0.70425309154960258
  0.71185584306846361  0.71916127576050226  0.72667873090227286  0.73382626144654073
  0.74162092028391979  0.74823773865546150  0.75414779726450831  0.75947666328077212
  0.76607334282010808  0.77387907551395685  0.78399841055159991  0.79491931182075914
  0.80830988226592670  0.83048950532939381  0.86925523347028000  1.00000000000000000
   6.3571202155784844E-014  -1.0000000000000000     
 F F F F F F F F F F F F F F F F F F F F F F F F F F F F F F F F F F F F F F F F F F F F F F F F F F F F F F F F F F F F F F F F F F F F F F F F F F F F F F F F F F F F F F F F F F F F F F F F F F F F F F F F F F F F F F F F F F F F F F F F F F F F F F F F F F F F F F F F F F F F F F F F F F F F F F F F F F F F F F F F F F F F F F F F F F F F F F F F F F F F F F F F F F F F F F F F F F F F F F F F F F F F F F F F F F F F F F F F F F F F F F F F F F F F F F F F F F F F F F F F F F F F F F F F F F F F F F F F F F F F F F F F F F F F F F F F F F F F F F F F F F F F F F F F F F F F F F F F F F F F F F F F F F F F F F F F F F F F F F F F F F F F F F F F F F F F F F F F F F F F F F F F F F F F F F F F F F F F F F F F F F F F F F F F F F F F F F F F F F F F F F F F F F F F F F F F F F F F F F F F F F F F F F F F F F F F F F F F F F F F F F F F F F F F F F F F F F F F F F F F F F F F F F F F F F F F F F F F F F F F F F F F F F F F F F F F F F F F F F F F F F F F F F F F F F F F F F F F F F F F F F F F F F F F F F F F
  <DiscreteSampler_grid>
  grouped_processes
  1 # 1 for a reference and 2 for a running grid.
  10 # Attribute 'min_bin_probing_points' of the grid.
  1 # Attribute 'grid_mode' of the grid. 1=='default',2=='initialization'
  0.0000000000000000 # Attribute 'small_contrib_threshold' of the grid.
  0.5000000000000000 # Attribute 'damping_power' of the grid.
 # binID   n_entries weight   weight_sqr   abs_weight
    10   10   5.333228376853454E-003   2.792941236215474E-004   5.333228376853454E-003
  </DiscreteSampler_grid>
