  0.00206357840433031  0.01692350493964761  0.03102769322270277  0.04310059132489737
  0.05472170601291928  0.06590773328672836  0.07687727243021486  0.08777543425860493
  0.09894415395837300  0.11054612966166322  0.12197486428553896  0.13292860206069448
  0.14327829976137749  0.15382007038973319  0.16444523838994266  0.17550766220755015
  0.18672827429396835  0.19744947343005673  0.20861871406464216  0.22010064054580156
  0.23173420188054722  0.24253244958777523  0.25221890928171231  0.26150537327424667
  0.27067181053846395  0.28057703874814199  0.29126953702294350  0.30197219132304842
  0.31257045979659426  0.32333447297969792  0.33359459268691027  0.34279884517456971
  0.35145161975347161  0.36026140551933711  0.36951756025886529  0.37849308409613419
  0.38723178323164570  0.39656604510896598  0.40659277515027176  0.41654292699206247
  0.42624617412226978  0.43514451314195784  0.44527985260682806  0.45668423340424696
  0.46736429718957917  0.47826003442388249  0.48912862747572650  0.49966399849628279
  0.50932476016026862  0.51848733966985805  0.52854176529507724  0.53897903535912428
  0.54936280397932835  0.55981860210379131  0.57076754190618217  0.58186519680395954
  0.59275071494895115  0.60388082069151794  0.61568952251500153  0.62770021061169146
  0.63920879231207262  0.65042143133769303  0.66208011399508215  0.67434745091034132
  0.68629843248617040  0.69676923733767848  0.70624620886348066  0.71559725167036670
  0.72513909360328643  0.73527031667107889  0.74562763837304546  0.75675913094245240
  0.76897097931118608  0.78124945413160773  0.79330330870809096  0.80472958717220477
  0.81607471734161086  0.82678621318419798  0.83749668088915885  0.84794302585486003
  0.85804868756871278  0.86783935181447280  0.87800271076147274  0.88908639887744378
  0.90071804679613687  0.91186465959819518  0.92256123498720066  0.93317229920026468
  0.94429936768138634  0.95523892624675899  0.96429419602351407  0.97222745030560553
  0.97967491442301879  0.98668152992917513  0.99214873978757767  1.00000000000000000
  0.00924073972361255  0.01710908157491851  0.02716832070846543  0.03669677523506967
  0.04614417665788411  0.05609771894596446  0.06590035834298642  0.07577052113952137
  0.08642915101125008  0.09822528984261637  0.10994119313111685  0.12113420171703154
  0.13245107347484084  0.14374858443621630  0.15464980749198687  0.16505715582189662
  0.17543944551461330  0.18596236032250266  0.19644296338352690  0.20575017846812424
  0.21506063107290768  0.22445298649922790  0.23471533647407658  0.24545959349225327
  0.25529826476665624  0.26479555936971416  0.27459130285275563  0.28471166714769014
  0.29513561235862512  0.30559753762341790  0.31592860076052387  0.32625906489760365
  0.33664216412479242  0.34729240127004363  0.35825980002165320  0.36869638789103815
  0.37864343065458300  0.38811838323396652  0.39722009962078109  0.40626756468531572
  0.41555914149407214  0.42477240022101442  0.43376665812651150  0.44323327576982413
  0.45292871727114153  0.46264470051067225  0.47252561476040089  0.48248131816267292
  0.49233281706739163  0.50180024215835639  0.51108904254402410  0.52002686548891297
  0.52977259623129069  0.53977373133910767  0.55048835662120499  0.56157226687383277
  0.57315648172914446  0.58455091645004487  0.59561927350927457  0.60644781469221487
  0.61701477850508701  0.62742323934239252  0.63783521864328996  0.64880676010124316
  0.66004302539804438  0.67129394326073777  0.68269998818670929  0.69368011454272527
  0.70354045190421810  0.71266895994598478  0.72121641111415558  0.73082499973159898
  0.74087033903149579  0.75092404764338416  0.76117406829010203  0.77167612921018014
  0.78227248222364865  0.79265241859157010  0.80266033706152595  0.81238003208380749
  0.82238929348334444  0.83298023769487972  0.84411165132368549  0.85554711720325882
  0.86729871390171731  0.87941007166867113  0.89163287498386756  0.90362082452206549
  0.91532361393231221  0.92704650454340354  0.93894903647552586  0.95078015453290310
  0.96284046733874229  0.97535805310683832  0.98761193265003155  1.00000000000000000
  0.00176500516608314  0.01780812121099702  0.03239083867325720  0.04478409656108479
  0.05674573468839514  0.06854770143563195  0.08013999180836594  0.09071003837215040
  0.10134653852938329  0.11218532306645736  0.12377174614722239  0.13449235652118058
  0.14501828178353182  0.15537094665171911  0.16637400667596194  0.17788388737356811
  0.18896071960384614  0.19936072990433212  0.21016849267080803  0.22144149628427556
  0.23257351085801006  0.24311453682517212  0.25336354015333423  0.26369490223241743
  0.27440508653380646  0.28441250116378486  0.29485718397003124  0.30479508428460661
  0.31477886660270299  0.32428048451531283  0.33430936036069242  0.34455212633497456
  0.35474218432795668  0.36550930386903885  0.37669700604494299  0.38781282664507732
  0.39868238923077948  0.40940166830131802  0.42061139976869993  0.43195450804075197
  0.44333333049676854  0.45408480567610154  0.46423932629383186  0.47361758547379779
  0.48263095230687159  0.49143658385768862  0.50032442446488501  0.50899251332016426
  0.51711751837455144  0.52551991753420446  0.53509400342236191  0.54524522668513198
  0.55561824596570408  0.56635329502714193  0.57754351009738436  0.58871934121131431
  0.59970232498307874  0.61053885900312821  0.62118911954190681  0.63202928255221069
  0.64317512137885302  0.65439442745170784  0.66543552516900251  0.67632745215610590
  0.68739637980722945  0.69849678904380297  0.70954520901460061  0.72019849456561302
  0.73002641828888060  0.73975921399674682  0.74931520575084309  0.75926870548964598
  0.77006899431167253  0.78104897034604515  0.79206067200612118  0.80228802184248238
  0.81285206932502785  0.82401997994841514  0.83531025120894853  0.84615009974694033
  0.85652338052056687  0.86648325245607238  0.87630825551362468  0.88634665862951245
  0.89639142625696400  0.90653755519422352  0.91711090178936550  0.92790272898176562
  0.93883144788715733  0.94937336029317509  0.95969838860698742  0.97028576896546725
  0.97945060605035750  0.98723166916747562  0.99206617858308466  1.00000000000000000
  0.00000456485583543  0.00000472278698504  0.00000483971089053  0.00000495863908210
  0.00000508719900108  0.00000522270528776  0.00000535358031245  0.00000548323878068
  0.00000561765412834  0.00000576872913029  0.00000594170335708  0.00000612735334021
  0.00000630535794687  0.00000647625887080  0.00000665597056856  0.00000683692929119
  0.00000701754579792  0.00000719296694077  0.00000738021322966  0.00000760064114372
  0.00000784546435998  0.00000809165411236  0.00000832084696512  0.00000853100315947
  0.00000874226769839  0.00000896813436508  0.00000920301560297  0.00000944215921698
  0.00000967844557593  0.00000991951634813  0.00001021274795631  0.00001051274029407
  0.00001083116236063  0.00001114789969176  0.00001146953515154  0.00001179812887986
  0.00001214711225433  0.00001250251970771  0.00001285534266400  0.00001321053998181
  0.00001357607972825  0.00001396179816912  0.00001437365883885  0.00001480988393279
  0.00001528557027724  0.00001578912296094  0.00001633135585267  0.00001690866598930
  0.00001752706365634  0.00001817559988987  0.00001886122778189  0.00001960359449314
  0.00002038517164476  0.00002121262131894  0.00002205486582652  0.00002293742764264
  0.00002387260426868  0.00002485845933512  0.00002589168245752  0.00002698110269901
  0.00002813831063248  0.00002934139833822  0.00003056660754560  0.00003192581037820
  0.00003331982924276  0.00003474674037285  0.00003628552265589  0.00003790229156385
  0.00003975432026385  0.00004194738233276  0.00004448912447784  0.00004745497829589
  0.00005090063870206  0.00005475631590100  0.00005926193306985  0.00006482384373301
  0.00007185690949151  0.00008160102825414  0.00009459181631130  0.00011146533025293
  0.00013430953399670  0.00016577388432418  0.00021370124048584  0.00028890920204518
  0.00040457059449606  0.00060885845703690  0.00092649280621076  0.00148990854780406
  0.00261206935647273  0.00458164783657198  0.00728042535932419  0.01111987560553820
  0.02308041062022369  0.08593623593454330  0.26380898312283296  1.00000000000000000
  0.00000226104826010  0.00000287958402215  0.00000330537523373  0.00000376898334068
  0.00000420494201102  0.00000462240969656  0.00000509877607281  0.00000557916934678
  0.00000606400959918  0.00000658037055871  0.00000710679595632  0.00000764181652594
  0.00000818583130613  0.00000874434354785  0.00000931689735161  0.00000989935593002
  0.00001048982968425  0.00001106124217078  0.00001161736175901  0.00001217781263653
  0.00001276546746176  0.00001334893404103  0.00001394032751048  0.00001451349545317
  0.00001513952377033  0.00001576436011118  0.00001642337460663  0.00001716387234330
  0.00001794746037457  0.00001875624965344  0.00001959324122255  0.00002047194588603
  0.00002137194797358  0.00002228528593564  0.00002322906294278  0.00002422196170813
  0.00002530068456305  0.00002647842390643  0.00002767876449162  0.00002890920378966
  0.00003020942715939  0.00003159334641917  0.00003303680484246  0.00003455864113678
  0.00003619519299763  0.00003791167527945  0.00003968338476121  0.00004184271946377
  0.00004404379517013  0.00004640313269261  0.00004899248718015  0.00005177229804838
  0.00005476426176821  0.00005799014760779  0.00006141650063080  0.00006512151147943
  0.00006924558442026  0.00007399018534956  0.00007945659287792  0.00008601610206473
  0.00009347629249792  0.00010175766309909  0.00011090209469249  0.00012103471713438
  0.00013229423081800  0.00014532675086777  0.00016049753877760  0.00017798935620727
  0.00019816425053269  0.00022140536750719  0.00024781499683304  0.00027818027443349
  0.00031427071666014  0.00035879896073072  0.00041563201620054  0.00048809287786934
  0.00057424525239618  0.00067863450051856  0.00081493413919040  0.00099700733467866
  0.00126408487779194  0.00166335724382305  0.00217336906895843  0.00271035751976489
  0.00344381376689656  0.00448263618882107  0.00576918224355721  0.00726488610033557
  0.00945048283919019  0.01161108344589174  0.01527618713378956  0.01894234137356420
  0.02636359928646796  0.05538002688365292  0.17167214777370152  1.00000000000000000
 -0.00196183399213274  0.00658751358991085  0.01520276482450485  0.02378904440258202
  0.03241817169189759  0.04114698674300200  0.05009779834371029  0.05936820429739247
  0.06885020834208377  0.07837005548557430  0.08775903472193557  0.09686224241344790
  0.10573018157699582  0.11419725926956419  0.12238335922994152  0.13091003053669323
  0.14018758265479772  0.15052659950768996  0.16155390861934471  0.17204095093717567
  0.18211301865629753  0.19254025934174968  0.20195348808736954  0.21058892335835566
  0.21939649353848140  0.22819463506458448  0.23809900167302311  0.24832956583119070
  0.25886721120474260  0.26849075937316214  0.27782369605474710  0.28745876963174316
  0.29751559688934776  0.30748691575142645  0.31796300599541250  0.33012128075044556
  0.34333637159084074  0.35658842812302755  0.36923141431250284  0.38169619561577811
  0.39393815311605934  0.40598391838125497  0.41800322655244443  0.43024287848334281
  0.44210993856929165  0.45359087957795408  0.46476405044597385  0.47597149473652028
  0.48787699153127673  0.50068498663217720  0.51381244307979024  0.52676446430056278
  0.53942317298162690  0.55227927335693350  0.56449445255117658  0.57559228610371327
  0.58635484604488197  0.59801153527532602  0.60995140846205498  0.62144893746943775
  0.63285166489630829  0.64456010158581878  0.65635880984390704  0.66815060557947226
  0.67929442967203446  0.69065780263592325  0.70245416674899941  0.71423889629589388
  0.72605605025577480  0.73654713287016382  0.74708432927223489  0.75748269311319472
  0.76763368113029751  0.77744597347925504  0.78765871056088033  0.79837595655262417
  0.80927526269130046  0.81967709169984981  0.83016948710928073  0.84061629959914130
  0.85161500330707662  0.86264230032329392  0.87348994079335618  0.88350044937681982
  0.89328934523874137  0.90305753542160028  0.91265472754830068  0.92230007354435717
  0.93217149154133394  0.94241344217652590  0.95270712649076827  0.96262720502029342
  0.97210303721997671  0.98132696150407805  0.99075895107957523  1.00000000000000000
 -0.00213296776343616  0.00886810309675973  0.01859701697933979  0.02849369426075568
  0.03874799044843212  0.04878373869709741  0.05851788078061299  0.06788272674062415
  0.07678149650848183  0.08607713752397177  0.09574121629579704  0.10484611941913656
  0.11344907270853333  0.12246362036002791  0.13221925193009831  0.14467858023819227
  0.15530444277819858  0.16564950173061643  0.17605003601776592  0.18697569428632924
  0.19827878820616301  0.20942507163021767  0.22048468481134159  0.23141263029760115
  0.24298735543067049  0.25468382452290567  0.26660329575490438  0.27811951877093122
  0.28911195891480101  0.29982684055850611  0.31073370993046850  0.32217982479019408
  0.33410327921016003  0.34614442053609462  0.35772057870579155  0.36886319986229876
  0.37955307141706918  0.39025419995206501  0.40174896854378239  0.41384870532274992
  0.42477095937249337  0.43406179708000181  0.44288158006224221  0.45173099306926540
  0.46081673618694585  0.47057294854295317  0.48033802682020754  0.49104494728300335
  0.50153191387672891  0.51173775339945304  0.52172576431201545  0.53214942681595234
  0.54317399431412838  0.55470255942192492  0.56612301491095018  0.57752839054186400
  0.58932085052207661  0.60133764183415250  0.61259825882198393  0.62268949631006842
  0.63298278856520385  0.64357194824313890  0.65505015392932153  0.66647141846715230
  0.67775518956014091  0.68855679092913546  0.69933502637597755  0.70985238970582365
  0.72026674586636164  0.73055637234645254  0.74072364273552760  0.75070401886707516
  0.76073713376522800  0.77042482455306227  0.78069898983609542  0.79128324894336033
  0.80222604044707668  0.81314937634586004  0.82332174667391167  0.83288155300757194
  0.84255914751308481  0.85236472967223487  0.86251455980304537  0.87235522324032944
  0.88290955024410034  0.89398841776488280  0.90483093774652412  0.91561238654012600
  0.92611192668311426  0.93656700116884062  0.94683769091285264  0.95754255623010676
  0.96881422576687581  0.97957979375568371  0.99001579070835388  1.00000000000000000
 -0.00210100602778125  0.00827521001512528  0.01833866556791094  0.02816996298027872
  0.03815056886438986  0.04790457543527474  0.05748423434763406  0.06797080933298276
  0.07871996479274662  0.08943381633667934  0.10066984678044404  0.11242880025166083
  0.12387386988911271  0.13449613258108178  0.14522356026700906  0.15584263117034755
  0.16635647179956387  0.17686717086356671  0.18820899440052449  0.19933275014763685
  0.21012595311707624  0.22026568040118155  0.23041865395204938  0.24061835195492831
  0.25173420015185488  0.26338190783879223  0.27489070176259556  0.28587048857302816
  0.29605562842541683  0.30590441362085258  0.31534193642904812  0.32438042993074595
  0.33353414296559974  0.34276629476690684  0.35226462908458095  0.36149004515792255
  0.37107600064200152  0.38103390817433752  0.39170190566577084  0.40190944703999976
  0.41248597147482052  0.42396422702883252  0.43575039804971044  0.44719692757712742
  0.45833592525579997  0.46942625518876196  0.48062834293636691  0.49177803511420609
  0.50228506336265488  0.51187811204126976  0.52158238544514701  0.53245242647328483
  0.54317315849032510  0.55293542844271582  0.56228172923493169  0.57205058325540625
  0.58219921103069694  0.59249889476143847  0.60239408542398065  0.61171214920047123
  0.62067038359399529  0.62945697754218022  0.63819146320411069  0.64765924889232307
  0.65775782194042731  0.66799208719329695  0.67860392237002276  0.68924647429800312
  0.69978038348550109  0.71043865061613598  0.72195465714156437  0.73397294720207196
  0.74550561125498360  0.75640030461623953  0.76743196571821892  0.77812218952790357
  0.78871439920146569  0.79879043265869709  0.80810244583820612  0.81820819633758168
  0.82854707426657848  0.83869543909624922  0.84874897102046853  0.85921538515153106
  0.87058573778544102  0.88210595228948130  0.89317211127783680  0.90401397666409722
  0.91498461139011167  0.92682304865525844  0.93893526419936679  0.95104869989179686
  0.96309043504283853  0.97575775511034690  0.98778725493469377  1.00000000000000000
 -0.00246140673345516  0.00998761108698431  0.01992658759926981  0.02974530557446691
  0.03919076234104215  0.04863160446454639  0.05854236621593503  0.06924244172228101
  0.07981851960648738  0.09000142013957277  0.09962718312133036  0.10886323881173336
  0.11779320423444094  0.12671409452776952  0.13684125069597727  0.14739391250930192
  0.15870647067989246  0.16938333171339243  0.18043162274918592  0.19084687239271439
  0.20186417966888995  0.21295521970745096  0.22465454708932114  0.23592758286900531
  0.24635189931314241  0.25649848113034068  0.26716397143252757  0.27853504552728708
  0.28988050985120611  0.30051006027076260  0.31046574025487822  0.31964596310322996
  0.32897820731374072  0.33834593056224632  0.34836885996988487  0.35972424817210147
  0.37140526773521199  0.38255578248628269  0.39252306161693384  0.40234328619112852
  0.41219687209458733  0.42269878048782739  0.43270819662170451  0.44159568177050534
  0.45079106694708371  0.45991277784561280  0.47002003960640076  0.48036185928674907
  0.49056641774592036  0.50119859440560566  0.51177005953178645  0.52203169417743889
  0.53222375692305779  0.54293877888286968  0.55496488236333275  0.56704886633079565
  0.57832972443153130  0.58979800415140116  0.60115755032429041  0.61259706239141487
  0.62397488955424751  0.63418152523939331  0.64469173401366087  0.65443928652972960
  0.66428368517100611  0.67411232995858950  0.68381897278272508  0.69350322712423607
  0.70274652159417184  0.71166889483930362  0.72028690441198984  0.72903948252489292
  0.73845040776637560  0.74819045114961991  0.75872088834815155  0.76955726565890337
  0.78011878993065631  0.79042829237400580  0.80093766136601674  0.81136950218977277
  0.82187795246389506  0.83322922248273945  0.84581905912877775  0.85858267414210265
  0.87066676806005927  0.88239789073239416  0.89409373694119099  0.90593007442924955
  0.91782480624223539  0.92989468651348861  0.94220929459228642  0.95372921897654350
  0.96518746127592314  0.97636491701696371  0.98811604427866184  1.00000000000000000
 -0.00156978827957094  0.00638547325296663  0.01419311236875626  0.02233573615589126
  0.03109474955135482  0.04001943262424974  0.04987909375545117  0.05972447987659158
  0.06911652158467339  0.07816800883905857  0.08698939564680190  0.09614243929597988
  0.10594344764267898  0.11659756882466756  0.12798803469247064  0.13916160665128127
  0.14970893766395238  0.16003466120589974  0.16998858041017414  0.18122039685384717
  0.19211389144626148  0.20337109629744660  0.21436373859651423  0.22552849447909493
  0.23646895032749840  0.24712418838149311  0.25780515755564343  0.26864598780520543
  0.27922256809927321  0.28982157785348983  0.30122669720094458  0.31180005759427110
  0.32229465512257344  0.33296194812533725  0.34549404473806034  0.35835641073321511
  0.37067622488966939  0.38263297784997657  0.39447919306514945  0.40576094980082983
  0.41677517137445891  0.42809939679165049  0.44001249805745679  0.45261866812537660
  0.46579749657741587  0.47916529407701286  0.49210470028391234  0.50474396532132071
  0.51724108446998207  0.52968371688500837  0.54250690695267145  0.55579442319280703
  0.56884429721662599  0.58123012802117857  0.59325290605309389  0.60514382252636456
  0.61626442768967205  0.62652621557035837  0.63656842377714640  0.64695391148727843
  0.65865645249118576  0.67032055401594726  0.67976154536204170  0.68910396611086255
  0.69862910730354499  0.70876375690629856  0.71949770573136596  0.73039410130254323
  0.74197814549821262  0.75389764737716536  0.76539523578143220  0.77657212170774481
  0.78751157826566232  0.79797809479960324  0.80692035547157581  0.81610078823826959
  0.82530854633331119  0.83517139581100752  0.84487026629790862  0.85401914084778507
  0.86335314635851534  0.87245763694837120  0.88152875953736032  0.89049654481514029
  0.90001747999745518  0.90975193695844092  0.91897603250614546  0.92764191819322395
  0.93636999715181835  0.94533123496263305  0.95430313361767083  0.96331959194531958
  0.97241296452440751  0.98175679071530331  0.99088750932577951  1.00000000000000000
 -0.00251030561504527  0.00914909137308389  0.02003016962640871  0.03136529490393100
  0.04291029184782270  0.05436228676120761  0.06549470470499892  0.07627570765637730
  0.08691401738044163  0.09767631118208106  0.10850074886263618  0.11941170525143124
  0.12997095881546775  0.14029240272828367  0.15077147196411556  0.16145514350814621
  0.17205746118802459  0.18242746327268575  0.19251116282616529  0.20293477717865704
  0.21346684300332297  0.22372688111458128  0.23350490342489369  0.24317501011268444
  0.25330543423762947  0.26317035981145215  0.27251285626120553  0.28184551209936898
  0.29181584263160465  0.30207868209495348  0.31220561439871791  0.32262898004401958
  0.33243059334994352  0.34231727199786560  0.35246334086669773  0.36303360304317939
  0.37413394497245794  0.38534806661558452  0.39661086623296227  0.40779954957325337
  0.41828970297279794  0.42851519752461686  0.43901849475720950  0.45047496547534360
  0.46241000625869622  0.47414488750010597  0.48548020299438188  0.49622079897899068
  0.50584332699935863  0.51536736300833363  0.52509986058117375  0.53510449398906612
  0.54544602581403834  0.55689459324756663  0.56808628561858410  0.57807176086916623
  0.58743572620057161  0.59699576858631209  0.60697287040817183  0.61676914736674926
  0.62616293142673485  0.63588917638637821  0.64596912190626621  0.65646051971306163
  0.66706285408399724  0.67736506774648442  0.68766555435987298  0.69880026018773445
  0.71010593481211892  0.72084938752565852  0.73134736649018239  0.74175503386376929
  0.75224066736608308  0.76258948051384035  0.77255826538206707  0.78203337198331624
  0.79152428840479006  0.80165035669654006  0.81214123369351277  0.82342673497964236
  0.83543750642512460  0.84738395475859318  0.85849317335765329  0.86855323378317706
  0.87838402208134159  0.88914008033558656  0.90078804413155789  0.91222595270719642
  0.92338765714952498  0.93423968029428317  0.94480485528213554  0.95571423195955552
  0.96723422019335370  0.97878495243759867  0.98968875718174798  1.00000000000000000
 -0.00212117149605920  0.00904546329525243  0.01856831167246445  0.02885885594684622
  0.03958383220711819  0.04976848299396121  0.05941710625066481  0.06915614164674463
  0.07944978709053699  0.09021623867178943  0.10134570241527940  0.11249543732735832
  0.12366315340130142  0.13496628996990159  0.14626038298742369  0.15765897999101142
  0.16916509573566227  0.18100314787418934  0.19349085936281427  0.20577457350596262
  0.21776834979628171  0.22918077796217767  0.24054529272878805  0.25139449709730477
  0.26124613280572562  0.27093265901722535  0.28112970281959188  0.29128650427035108
  0.30147636912485326  0.31108094977469924  0.31951450321388153  0.32786548622681788
  0.33628993394624079  0.34543016031831136  0.35510692321913462  0.36462271373112198
  0.37440970056727707  0.38476847760139199  0.39530999324575056  0.40598083940187280
  0.41660293599895015  0.42739865073322603  0.43834383225531770  0.44863307856333345
  0.45822011474606805  0.46766251505269502  0.47759694468704461  0.48904258079358459
  0.50163084404300540  0.51413889460272799  0.52600579996161478  0.53725389425151959
  0.54828383080571896  0.55906022991307336  0.57010553352131788  0.58159585476313636
  0.59356251445238717  0.60523580007694811  0.61635271404052960  0.62756285949035917
  0.63885286959568410  0.65028220961707639  0.66118220841064690  0.67194570827280542
  0.68282245186712121  0.69395847331124871  0.70469222359147754  0.71449476891998953
  0.72369204749568583  0.73423199303541031  0.74584441559755188  0.75662129695391267
  0.76689197134863085  0.77768143819115421  0.78864028054066315  0.79906576353742320
  0.80936678393400663  0.82001307100568810  0.83069896546963873  0.84121397007354448
  0.85116048897182994  0.86094944131241069  0.87091332192152193  0.88029943523983412
  0.89011267422490381  0.89961388352292437  0.90931557783728434  0.91933179920284513
  0.92873111055802915  0.93762195734775866  0.94698912638303756  0.95680661257921196
  0.96702676883391403  0.97786467801302746  0.98886871549399391  1.00000000000000000
  0.00013135875493758  0.00031782484257499  0.00050333851349866  0.00085726504692084
  0.00120035935491747  0.00151872270103726  0.00181218548240713  0.00206805020797074
  0.00235030425060025  0.00264973723815524  0.00297476155769849  0.00331596391245753
  0.00366668410963075  0.00402605105446477  0.00441327822569348  0.00481302250937887
  0.00522826828456479  0.00566661134063324  0.00611232522818861  0.00656916737594084
  0.00703406939361662  0.00751352438993413  0.00802027577001743  0.00853697916169260
  0.00906365856726575  0.00963309145970231  0.01023882121354907  0.01087803446727341
  0.01154254620094363  0.01221864097668111  0.01293393446446799  0.01365392016713309
  0.01440426562363479  0.01517503505963576  0.01596458089746780  0.01670019487707698
  0.01741959319089151  0.01817035624032271  0.01896115932005878  0.01977565953209295
  0.02059713334153544  0.02142994124285587  0.02229696152551069  0.02320259113597469
  0.02410226098703530  0.02500603367185479  0.02586996338655303  0.02667734476383714
  0.02748593329083142  0.02840599470993034  0.02939797547900030  0.03028720336958544
  0.03113885808353972  0.03209968310252007  0.03321248657177495  0.03431300395051970
  0.03541022580244134  0.03645042110480075  0.03745942768599247  0.03857657136159927
  0.03973233640612499  0.04109094817675688  0.04248797403242117  0.04392801200170487
  0.04557015665142498  0.04728153756091594  0.04893719630574931  0.05020935718933362
  0.05126330810587272  0.05225998228311258  0.05332185844014078  0.05476375930910600
  0.05683499600930937  0.05975352429961239  0.06292574176509785  0.06469687053668842
  0.06591094207535758  0.06727364035402782  0.06861699571693773  0.06983295801820361
  0.07087119308272777  0.07298941420075958  0.07514941218665475  0.07773778364507056
  0.08183049723363543  0.08694754330115496  0.09067041161889704  0.09364331977487461
  0.09733476475945789  0.10344400166900181  0.11030175389848282  0.11514286605195406
  0.12034335852701536  0.13980266519718679  0.46308746262838224  1.00000000000000000
 -0.00194582542646317  0.00733096931569904  0.01500302750625519  0.02285304896537725
  0.03095365346466817  0.03937202935137370  0.04819010607516409  0.05708435672687628
  0.06637396685410270  0.07571374201491060  0.08527321107617515  0.09472995848445420
  0.10462448715348036  0.11486009998781097  0.12534378420550801  0.13555136921984465
  0.14534743960427804  0.15491660680095723  0.16467387713955373  0.17493837873966106
  0.18532096931840789  0.19551071990683966  0.20565086238021560  0.21604975279950947
  0.22681947296108534  0.23782520494704934  0.24901803740363723  0.26030728728457420
  0.27179196163688829  0.28364089113371987  0.29500492644450615  0.30596254703002024
  0.31680911126779737  0.32775997615980124  0.33901881672072359  0.35150779771724822
  0.36594292777567106  0.38078978106791306  0.39409893830592996  0.40657290881434732
  0.41888277534726365  0.43169667181704180  0.44513357910920431  0.45875054634492235
  0.47248592858087618  0.48654142994732891  0.50042716653140629  0.51377399996284001
  0.52621141545764516  0.53820342908931373  0.55027877174143136  0.56223457551458433
  0.57491775142245438  0.58714135736861206  0.59925272423803699  0.61171680169863496
  0.62340474328213413  0.63489321910073859  0.64665513848780076  0.65782209128765923
  0.66941468971303675  0.68117747662516881  0.69309684246566450  0.70487674117419696
  0.71666570338245050  0.72803693378610457  0.73848122316791642  0.74888047876898844
  0.75922607056416347  0.76943696782997129  0.77926174160190642  0.78807225505212397
  0.79634346713059700  0.80523533903374001  0.81382863104581582  0.82355768128222451
  0.83362207184066461  0.84352431197864319  0.85286107870007033  0.86155118538872677
  0.86996714615626447  0.87860638274464342  0.88734656015815916  0.89624893112901616
  0.90539850013761713  0.91477427362859665  0.92362982908590441  0.93223861045330259
  0.94076489931342155  0.94934703845517554  0.95809495449633975  0.96661347668710285
  0.97471401878636643  0.98314141738445471  0.99144519724899449  1.00000000000000000
 -0.08210356647059289  0.57387431446484494  0.64923190870967884  0.69291912273479450
  0.72160318428281389  0.74378300637865002  0.76230621524209063  0.77770264980266346
  0.79080860681970455  0.80210298244512268  0.81208995804275952  0.82086785601480627
  0.82890884657548924  0.83617944641416175  0.84289298430303605  0.84931128637473985
  0.85522607935207628  0.86053495614417685  0.86565563252585109  0.87056743211247667
  0.87517410478299695  0.87945073414977704  0.88355528176097808  0.88738235105475582
  0.89097493660332683  0.89441790560711454  0.89772974924976656  0.90090401722611313
  0.90399896665421431  0.90706020615169913  0.91003598624580273  0.91287333277144478
  0.91556628317848554  0.91809820563462685  0.92047594778521757  0.92283216748862540
  0.92511667974163014  0.92731935320439640  0.92946977880162651  0.93157817937041487
  0.93372198467506762  0.93589694643806165  0.93800423380142961  0.93997654405421516
  0.94180701809059875  0.94352532744333883  0.94527012448941083  0.94695171776965081
  0.94859249686384584  0.95013554514169885  0.95165786442833289  0.95312884669966969
  0.95450687200025675  0.95586712869404600  0.95723155475549737  0.95858387659667899
  0.95988328092483666  0.96111662733654202  0.96231636563186795  0.96349572350998935
  0.96466421567499394  0.96583124909937457  0.96698305437300458  0.96814319979601826
  0.96935199030389929  0.97051986732239692  0.97167341941469221  0.97281070430169436
  0.97389956769653196  0.97495394025817206  0.97597245114202946  0.97695663408611022
  0.97791386284646553  0.97880819799589236  0.97968719182428177  0.98054839034881991
  0.98142602002483670  0.98226729913444133  0.98307150904052787  0.98384201408037697
  0.98460060116474202  0.98538565865190442  0.98620092960609718  0.98704397781985920
  0.98790119257336995  0.98877268966007792  0.98964571972878512  0.99053329944145863
  0.99142590960313393  0.99231335228266082  0.99321617556114683  0.99417834502760127
  0.99521779427887458  0.99642050051056263  0.99797630083112199  1.00000000000000000
 -0.02231770772523804  0.10959429281613550  0.14582449606459130  0.16909821349362567
  0.18705817402578934  0.20172497726584951  0.21521918790555619  0.22746869863038732
  0.23871474038950524  0.24951118461591146  0.25870366960988422  0.26774836540613883
  0.27662432750240817  0.28520567707121219  0.29351921505629713  0.30147090421994449
  0.30890128691816765  0.31575836119589135  0.32228157550704961  0.32878756611361709
  0.33546244277198956  0.34228641993611564  0.34905735575474756  0.35575608191891306
  0.36249587759169632  0.36934985039817464  0.37607791690481795  0.38235017244680303
  0.38839307178845967  0.39451231036901269  0.40025530332133319  0.40564724451347989
  0.41100098777975963  0.41648465486010883  0.42214233110563498  0.42810308302186328
  0.43374915466743841  0.43867616009219496  0.44382579295159041  0.44883501921992414
  0.45376093637146137  0.45906131972072661  0.46454447164457391  0.47006138228109473
  0.47581958227236448  0.48170878686907348  0.48741516654398870  0.49304994798559465
  0.49860889179466655  0.50425747544052646  0.51004834041450320  0.51564495068575944
  0.52082675693699243  0.52569159509578389  0.53047985231804484  0.53546034514075092
  0.54085365984904443  0.54679104909181031  0.55290733680703696  0.55898501038721848
  0.56486668911495352  0.57060469262758229  0.57612093636587836  0.58148690159151362
  0.58715844063768319  0.59306670950710916  0.59867012898906957  0.60418153431378474
  0.60993599001171273  0.61576659865391570  0.62211113103735693  0.62919039206072791
  0.63642419226115565  0.64348818425865750  0.65037403278878103  0.65731610224980097
  0.66447688962629381  0.67198948342464304  0.67984107733204169  0.68810482504975590
  0.69638426324665703  0.70484102649497526  0.71305555495215300  0.72145505152701417
  0.73029204773926160  0.73962616299970274  0.74881021091195854  0.75861979972826710
  0.76965953036985779  0.78225197872299912  0.79635614747944472  0.81224905119253299
  0.83091926496658786  0.85319210417395552  0.88920321964531079  1.00000000000000000
   1.5527215417160458E-012  -1.0000000000000000     
 F F F F F F F F F F F F F F F F F F F F F F F F F F F F F F F F F F F F F F F F F F F F F F F F F F F F F F F F F F F F F F F F F F F F F F F F F F F F F F F F F F F F F F F F F F F F F F F F F F F F F F F F F F F F F F F F F F F F F F F F F F F F F F F F F F F F F F F F F F F F F F F F F F F F F F F F F F F F F F F F F F F F F F F F F F F F F F F F F F F F F F F F F F F F F F F F F F F F F F F F F F F F F F F F F F F F F F F F F F F F F F F F F F F F F F F F F F F F F F F F F F F F F F F F F F F F F F F F F F F F F F F F F F F F F F F F F F F F F F F F F F F F F F F F F F F F F F F F F F F F F F F F F F F F F F F F F F F F F F F F F F F F F F F F F F F F F F F F F F F F F F F F F F F F F F F F F F F F F F F F F F F F F F F F F F F F F F F F F F F F F F F F F F F F F F F F F F F F F F F F F F F F F F F F F F F F F F F F F F F F F F F F F F F F F F F F F F F F F F F F F F F F F F F F F F F F F F F F F F F F F F F F F F F F F F F F F F F F F F F F F F F F F F F F F F F F F F F F F F F F F F F F F F F F F F F F
  <DiscreteSampler_grid>
  grouped_processes
  1 # 1 for a reference and 2 for a running grid.
  10 # Attribute 'min_bin_probing_points' of the grid.
  1 # Attribute 'grid_mode' of the grid. 1=='default',2=='initialization'
  0.0000000000000000 # Attribute 'small_contrib_threshold' of the grid.
  0.5000000000000000 # Attribute 'damping_power' of the grid.
 # binID   n_entries weight   weight_sqr   abs_weight
    10   10   1.809905820940694E+002   2.495934771316069E+005   1.809905820940694E+002
    16   10   1.810368828934975E+002   2.498651779171121E+005   1.810368828934975E+002
  </DiscreteSampler_grid>
