  0.00380633056224956  0.01263944648480191  0.02358517773285185  0.03394525238905289
  0.04384106496490836  0.05294576102012662  0.06233063997188824  0.07307469579025722
  0.08246664807799796  0.09184520344937512  0.10204482294583787  0.11110314542036732
  0.12099179224296557  0.13002688370346566  0.13953391445480789  0.15076416060903380
  0.16329107532448306  0.17560232652487540  0.18704784472985719  0.19850203381293324
  0.20935391852632693  0.22015561390564634  0.23123824669106982  0.24099251270126973
  0.25103912844601645  0.26008266674638159  0.26847559493422057  0.27597716537697486
  0.28343555098239215  0.29214034174934350  0.30095147370493586  0.30973198770842136
  0.31863636352895952  0.32737102680717112  0.33692994773533685  0.34920588721113238
  0.36170109584146132  0.37344623769857199  0.38507050310216651  0.39735147127409026
  0.41043001840590737  0.42371408238440988  0.43614351548311003  0.44894334838174854
  0.46226625955919082  0.47516322234969366  0.48808060485021676  0.50180004745378237
  0.51541302461180560  0.52851719109235384  0.54035175657994694  0.55260434079977538
  0.56422628140363029  0.57562354493042300  0.58688477124344773  0.59739188547986299
  0.60816833080144761  0.61861113186076255  0.62793399503799774  0.63696229009458971
  0.64558801031065527  0.65445816268563506  0.66377943016623020  0.67491161577622083
  0.68767596483297089  0.70048210160742219  0.71187910719034753  0.72264227428806393
  0.73219928257473310  0.74267566564253451  0.75346973740593604  0.76408003774126854
  0.77340989579273145  0.78286625676140531  0.79280174404552772  0.80207404697531193
  0.81044559039278663  0.81881039407903378  0.82817951303203285  0.83894587376942176
  0.84986486069489464  0.86212416556195415  0.87414340121477252  0.88600590280702485
  0.89768413027002736  0.90844683686957883  0.91862937965118840  0.92798809664526916
  0.93795040265429208  0.94755386097090499  0.95655164036851115  0.96532350389585497
  0.97369189677509960  0.98232398130768894  0.99145159764849478  1.00000000000000000
  0.00221739685513846  0.01694342054342373  0.03520341653907374  0.05158025432296236
  0.06654359909857621  0.08069335497707757  0.09376313090837901  0.10499517536329454
  0.11487868059642818  0.12462988990773166  0.13520204543686970  0.14620310087021141
  0.15643519426243571  0.16574969486305766  0.17337081099488871  0.18113303743910314
  0.18965090842713428  0.19825225698831941  0.20633753581195136  0.21512326263329223
  0.22493439854987926  0.23495750946519164  0.24442544051899734  0.25385615360905905
  0.26291074513367774  0.27160151630746965  0.28060138144439584  0.28941813195017813
  0.29753980905571903  0.30673117722607945  0.31557516563816362  0.32265824891172795
  0.33142234465151194  0.34066735094041217  0.34999683388787478  0.35910770144816306
  0.36711212738406257  0.37646594377517895  0.38736053162425366  0.39967621777702789
  0.41290764251701451  0.42540952545272026  0.43887064292019579  0.45273431995968788
  0.46580378417060747  0.47796978574940346  0.48952270868984699  0.50187369543529614
  0.51489311590381914  0.52631271034591409  0.53507789911189507  0.54386908875057216
  0.55378816565469491  0.56483369591626653  0.57827239860718926  0.59033848233189889
  0.60289783794480001  0.61454497900282390  0.62545624398298549  0.63630084186511271
  0.64561414880276258  0.65429313356367735  0.66311874690148664  0.67381361291373576
  0.68592305924763941  0.69943508251633646  0.71119587680868313  0.72188104507181139
  0.73265444744729935  0.74312547236813609  0.75360838887533677  0.76488629614535431
  0.77698899822357559  0.78939920122096530  0.80100340606368181  0.81058210753103443
  0.81969051667649173  0.82933802836918136  0.83987626022289197  0.85245431980052322
  0.86627975041958005  0.87901722534324456  0.89033926261200158  0.90112641203415877
  0.91167430592002485  0.92040786284331433  0.92726852327762788  0.93455014837907724
  0.94344631824388958  0.95505867276532819  0.96591858030803834  0.97437804168517828
  0.98146154796028728  0.98762512215871501  0.99216892019986824  1.00000000000000000
  0.00875232171845552  0.01908395087187360  0.03014466615541012  0.04057159485741529
  0.04938041137954147  0.05639360005381262  0.06311117288430544  0.07059244861087161
  0.07896278177592907  0.08691057518073475  0.09514775379238162  0.10484581534192070
  0.11452752006464315  0.12348124125585221  0.13276550246072014  0.14276120540621459
  0.15292503895587237  0.16247790163742171  0.17257280114775514  0.18436186726382123
  0.19689852148843173  0.20852905186255399  0.21828833799596598  0.22693662139213314
  0.23516389539680974  0.24315061721117356  0.25106744796251740  0.25805089299558936
  0.26480831932238602  0.27408559124476145  0.28689673584627612  0.29905592618818766
  0.31002429422031647  0.31951693940666798  0.32923510990451377  0.33919337950785411
  0.34852435650369840  0.35759674331068764  0.36647101302445079  0.37724161447337934
  0.38924765300883268  0.40061115307752115  0.41254312016621342  0.42427632461024228
  0.43618565297197770  0.44799887715019632  0.46015579276179047  0.47181420763832194
  0.48292333833089490  0.49359066665150869  0.50433864062391176  0.51607878000406848
  0.52817074532464170  0.54165920739188744  0.55421670904034726  0.56551948448068423
  0.57614378355470941  0.58638147199810975  0.59694728948286491  0.60744892798049821
  0.61726062215517152  0.62665916218996587  0.63727721208541832  0.64758707117339886
  0.65849428685189371  0.66921732984913396  0.67880759489092057  0.68809995088874820
  0.69627524648704719  0.70384052473177405  0.71063661627001129  0.71744750897903342
  0.72454772927902777  0.73375421326379242  0.74413877033655562  0.75493860248072098
  0.76567723450528535  0.77595584250503946  0.78666568063589082  0.79816300511284477
  0.81022937564010322  0.82238500397710113  0.83386405663893703  0.84527902410583811
  0.85760410467603154  0.87118035635600566  0.88439064732091588  0.89696290619233987
  0.90894301431767444  0.92240451876838347  0.93723444256079869  0.94904546490371078
  0.96121403849193010  0.97279549321807446  0.98552939974227782  1.00000000000000000
  0.00001263066311908  0.00002073943104412  0.00002654208221239  0.00003101778138927
  0.00003558486343837  0.00004046972695119  0.00004590046634051  0.00005118269278344
  0.00005736184314981  0.00006353050633093  0.00006949247578283  0.00007505997178797
  0.00008075399439036  0.00008630658185107  0.00009297357951968  0.00009974737178973
  0.00010691319314578  0.00011441171123428  0.00012257213725678  0.00013229956824205
  0.00014270341290445  0.00015386612365401  0.00016581321997131  0.00017840531770837
  0.00019191751987510  0.00020681203037170  0.00022362298519185  0.00024212829608685
  0.00026176308434165  0.00028256301192442  0.00030520637058916  0.00032868166732673
  0.00035278062339179  0.00037857918519471  0.00040761349727720  0.00044198846087171
  0.00047792329238197  0.00051333837816382  0.00055050152515532  0.00059639802857494
  0.00064518745905816  0.00069740959921987  0.00075664148163165  0.00082392807663000
  0.00089072562160705  0.00096007292136874  0.00102997885553679  0.00112010938468392
  0.00122870994510602  0.00133920978686380  0.00145786068163040  0.00157978040285358
  0.00170103213213521  0.00181144311574183  0.00190600712506751  0.00200806189786451
  0.00215361097452230  0.00230965709992301  0.00248165038655245  0.00267902246420350
  0.00287925805945348  0.00306558627358843  0.00325287506941362  0.00348658230190471
  0.00380638641261644  0.00417099292851991  0.00458867892020002  0.00504736700444196
  0.00543842139054589  0.00574508764927379  0.00594000919221865  0.00615732921628715
  0.00642815371028812  0.00663359037458845  0.00684455196187123  0.00702400155123689
  0.00721075025664855  0.00739513575640839  0.00763027209421696  0.00808924326627514
  0.00912616163657290  0.01123065005227248  0.01235655186019597  0.01334018018174467
  0.01589192134939329  0.01851031212677073  0.02114380858971182  0.02355533915985808
  0.02426443622239513  0.02606711870641065  0.02739656905775854  0.02777582084620731
  0.03305098695096005  0.04356901387387874  0.05455023276240032  1.00000000000000000
  0.00000292062849073  0.00000437002931085  0.00000562354694868  0.00000668889434437
  0.00000762694159435  0.00000850809908890  0.00000937504676934  0.00001028994755129
  0.00001141844236266  0.00001291203414527  0.00001416419980641  0.00001574140254397
  0.00001717237579264  0.00001864312768818  0.00002011945867477  0.00002182464608735
  0.00002386968225414  0.00002637459401984  0.00002880550789087  0.00003147681321754
  0.00003458574884236  0.00003836200002480  0.00004270656927679  0.00004804506269851
  0.00005442026253226  0.00006158231284547  0.00007038038567700  0.00008037596354426
  0.00009071394449297  0.00010012998831515  0.00010965797650859  0.00011924837556862
  0.00012907365552136  0.00013972699109911  0.00015104013693291  0.00016304537283109
  0.00017614344767748  0.00018959212588227  0.00020358365457018  0.00021749740856583
  0.00023194096762952  0.00024777858139857  0.00026492813312306  0.00028511247681799
  0.00030653427529068  0.00032821672546900  0.00034902945995772  0.00037042726214974
  0.00039552589394704  0.00042294586915920  0.00045269938301790  0.00048466476206966
  0.00051719708292105  0.00055253993042772  0.00059081500075617  0.00063319816949853
  0.00067018232419533  0.00070334456793312  0.00073729483109359  0.00077256241764158
  0.00081679927942111  0.00086947224621698  0.00091404254839187  0.00094693698935013
  0.00098648078789062  0.00103704134278749  0.00109270620295677  0.00115002479968947
  0.00121956347403562  0.00129441807643449  0.00138411944005746  0.00148515582625267
  0.00156702247727102  0.00163675727776376  0.00173276238777620  0.00182140952293519
  0.00191739795324943  0.00205189564196910  0.00216623942090995  0.00230391016645680
  0.00254322483240939  0.00291495201052498  0.00336231845803493  0.00365302455926238
  0.00391411087827762  0.00419195955710490  0.00454851597751703  0.00496244651106737
  0.00807396739273230  0.01133074643153894  0.01403191908559659  0.01597730319632539
  0.01904030311026691  0.02970614460115026  0.03767030020471991  1.00000000000000000
 -0.00258350040493981  0.01048878549662288  0.02048804114533649  0.02877114194467241
  0.03732592102945264  0.04602342750598519  0.05508142368434094  0.06419114167284608
  0.07470701524526678  0.08653568412276000  0.09958695257981433  0.11184594502404963
  0.12189475296740875  0.13106068161098017  0.14023490206757289  0.14967036736939632
  0.15932921188256885  0.16918249647637654  0.17958142087446555  0.18997345497285772
  0.20034905221535948  0.20994439439923840  0.21965525801416252  0.23097769872912494
  0.24406639414685999  0.25763775605570399  0.27120763302745676  0.28483996760561636
  0.29836245325434235  0.31195012775578773  0.32506760483895741  0.33680656919045793
  0.34726389047029904  0.35684624020941580  0.36683075061756365  0.37769353698159069
  0.38876595713962536  0.39831916474838319  0.40637714253450918  0.41485074525896354
  0.42407963712438262  0.43310576233052250  0.44135967445960184  0.44974671618169543
  0.45975371697521550  0.47222552921916727  0.48625138892716491  0.49956202517241233
  0.51176350485200572  0.52290043983611989  0.53333560750700559  0.54362933463876539
  0.55382420883850270  0.56376439713999982  0.57259842556017093  0.58070957240171550
  0.58866068337134092  0.59802757489740366  0.60759914889342770  0.61828263901416036
  0.63127679454456842  0.64414381652330288  0.65474055997360503  0.66506892019511232
  0.67602288745663597  0.68763344482658451  0.69835170768780952  0.70823005784603510
  0.71803689005837479  0.72918196743905062  0.74203211178368045  0.75617337549168229
  0.76994511392047593  0.78217609191310156  0.79253532305727481  0.80220417253956811
  0.81166565204046215  0.82031998258351024  0.82894850557603306  0.83786878200396164
  0.84608957602510182  0.85621304433921330  0.86740757345077435  0.87872775137392312
  0.89026242024290969  0.90265481906290390  0.91501996835825072  0.92612236312353224
  0.93658576157143469  0.94675297642730338  0.95586116400030086  0.96359432310873450
  0.97165427021225259  0.98150485670722698  0.99089913076735858  1.00000000000000000
 -0.00232680361544865  0.01009643246184594  0.02087087728420456  0.03092874230407903
  0.04061899822441867  0.05213306955461369  0.06480627880826649  0.07518198104037867
  0.08489709677728705  0.09446586434152816  0.10530811237380359  0.11543091981501304
  0.12458810801654654  0.13318475774503696  0.14164224645399298  0.15042653716962753
  0.15961424460930326  0.16973121314840925  0.18094771917785066  0.19275988434966640
  0.20433339699976955  0.21484693367616783  0.22402265556318060  0.23284619379300756
  0.24243701980823179  0.25349116916533726  0.26505617148176430  0.27594673246749651
  0.28621314063978104  0.29634620063981160  0.30674965525144188  0.31862644094530274
  0.32904141050617408  0.33820291966227445  0.34783412446145290  0.35780609174692735
  0.36878363627857053  0.37934397952430920  0.38879135159330136  0.39788062394155405
  0.40705854700439065  0.41704503903789369  0.42738198983103920  0.43787516269124743
  0.44895720850163606  0.46135126957717670  0.47326823337506863  0.48549487993607665
  0.49636975740755679  0.50762224240206033  0.51814849714283329  0.52829979823579243
  0.53930466965537449  0.55014344955822125  0.56082829593583983  0.57211809856661355
  0.58448672244338451  0.59727817989713128  0.60922603408344500  0.61979525943668856
  0.63025021045751517  0.64078142652954895  0.65149650819518967  0.66255721662813905
  0.67369849516442037  0.68433833746151962  0.69373267796886862  0.70372804832355618
  0.71423947366206952  0.72669165311852491  0.73924601702304349  0.75024373669093136
  0.75810356212447239  0.76594924037882395  0.77457349624098215  0.78270224370975783
  0.79131603640180748  0.80007904013076359  0.80827357586558446  0.82046598332670251
  0.83473104583740665  0.84930999148445663  0.86029758197262007  0.86869881278033800
  0.87712440680710302  0.88657867279559710  0.89655426226224733  0.90616385687438628
  0.91503139414325219  0.92564794594693167  0.93853755880837963  0.95189643204160834
  0.96453252638388154  0.97636702655309415  0.98811914282179814  1.00000000000000000
 -0.00251312823278297  0.01017679931761851  0.02035429446719733  0.03065998611580904
  0.04090701421938243  0.05232082919299075  0.06189515712275876  0.07254592376409905
  0.08416404596935526  0.09846129809118319  0.11225752113936044  0.12383799700175567
  0.13419389874953289  0.14525921707589579  0.15540953663116353  0.16591763738545223
  0.17551599657739775  0.18579907254988928  0.19800569958008193  0.20917188525098904
  0.22036009132949491  0.23134365126033835  0.24104870417377608  0.24999352218651791
  0.26156031801363205  0.27368517916226537  0.28620543893473832  0.29825874257688934
  0.30925476432955668  0.32017870373280682  0.33151427964980928  0.34287731590851434
  0.35427727942208148  0.36482565432539465  0.37489456098858004  0.38348205532385138
  0.39163937816793493  0.40084730726527157  0.41155912539764899  0.42350086054677105
  0.43621561304627271  0.44930485470317000  0.46108672376007082  0.47166095894758170
  0.48213720286797668  0.49291255820162805  0.50357650222049799  0.51349261880834962
  0.52251961258636581  0.53170964885075300  0.54277554191844202  0.55403916388145613
  0.56609427990865735  0.57786386877390616  0.58717866430939936  0.59532981555729036
  0.60386710622122186  0.61306028532546830  0.62205528919287922  0.62938141617899590
  0.63594941670868832  0.64315017050024537  0.65373863729247617  0.66636933870740478
  0.67894630341916640  0.69053488604151469  0.70169736546330508  0.71240966554621166
  0.72265434551360752  0.73211925436526881  0.74112310233337331  0.74952626689983604
  0.75886843876276977  0.76935819286864071  0.78062210717156566  0.79216099829344377
  0.80456712427154242  0.81711405763824607  0.82966027063691727  0.84113343993339973
  0.85121936354484962  0.86024248621261445  0.86879420711005595  0.87868969718767009
  0.88961451058127328  0.90177868113847293  0.91205450991266623  0.92215224287639730
  0.93266594186025109  0.94314624395003777  0.95302234492038829  0.96266394851666925
  0.97224644778758695  0.98220967015420546  0.99147810880970499  1.00000000000000000
 -0.00277923098822506  0.01120346761751304  0.02335189043888862  0.03402212476045807
  0.04454818573576801  0.05498889578639932  0.06554341221951447  0.07629349468372178
  0.08671984031380864  0.09754848651434128  0.10608704843788513  0.11478547988278100
  0.12477294373960664  0.13372276159197236  0.14191262734102836  0.14971787829892630
  0.15808217666473159  0.16726767235813420  0.17728633913608347  0.18536608844939520
  0.19356852730877455  0.20292279648892897  0.21299388935405722  0.22409280827126107
  0.23493585607135853  0.24431906774448148  0.25310862277905405  0.26264432907053009
  0.27377964415175371  0.28426865613153762  0.29390600434127262  0.30267073576528819
  0.31179473741522989  0.32149167874008489  0.33096614450093959  0.34167520136640245
  0.35374858957301686  0.36621048760378322  0.37800225556926886  0.38889331924874776
  0.39900412765125015  0.40883129621325243  0.41914382562147595  0.42932854224079320
  0.43875018505714641  0.44723895171676148  0.45511688972788089  0.46296191533006220
  0.47222497383127038  0.48314501764936801  0.49405943806228819  0.50511239242573114
  0.51705784585497150  0.52899020242688910  0.53997645019265972  0.54980136040931116
  0.55940053939659184  0.56904195250794420  0.57979000116110613  0.59315024741786659
  0.60630494522471456  0.61844239689214109  0.62960915980953069  0.64092485818882150
  0.65338541403137529  0.66563841853772399  0.67758917156061826  0.68985922405231848
  0.70292795372457106  0.71728586128326011  0.73116382414286096  0.74103275479365405
  0.74962443798037426  0.75796266970862802  0.76652705536506172  0.77576013331906957
  0.78776190351882802  0.80130369010131475  0.81340484124516976  0.82516788162051258
  0.83652391575748419  0.84813324395723400  0.85872658385482681  0.86801977955244880
  0.87726591711506241  0.88695658070952144  0.89726507958322699  0.90705761714159339
  0.91622014026620757  0.92655583700504196  0.93770367316043035  0.94915954782048140
  0.96255415435253810  0.97645233644577978  0.98926071828059126  1.00000000000000000
 -0.00271210876412518  0.01093095540739274  0.02230934863246087  0.03357729706430278
  0.04435478555559958  0.05419086340017484  0.06358716704023221  0.07394693338147892
  0.08420022991705238  0.09450410744789407  0.10380465200829682  0.11208190300603296
  0.12078521947356038  0.12946128044583288  0.13779934082513864  0.14719382676022041
  0.15675795792186412  0.16599632959003099  0.17595875053000221  0.18700040060968920
  0.19667209361210564  0.20650299692104659  0.21842485433890990  0.23092671832800113
  0.24339523695229082  0.25533259662583013  0.26694888038170655  0.27837479657470238
  0.29080732704693041  0.30003563812311512  0.31078174654801649  0.32134577240320950
  0.33295928359732946  0.34497718011202277  0.35507056798591280  0.36439414451186719
  0.37348098352224501  0.38416993120726484  0.39532891084541544  0.40601627833307785
  0.41578091426829694  0.42447228478503596  0.43180878119294902  0.43994290040046924
  0.44986494432273255  0.46049750488058694  0.47112724192845501  0.48174426013209226
  0.49219958839412570  0.50245502650758944  0.51525304386602844  0.52705995341246903
  0.53991688572404717  0.55393028184004323  0.56700084274007512  0.57752561607795161
  0.58721916970187904  0.59621959313431161  0.60484417672537827  0.61364395287094142
  0.62324136427179555  0.63188949197452082  0.63961079507348406  0.64747827162583427
  0.65565044719841425  0.66387119916156989  0.67509483690860494  0.68572335895566450
  0.69686875626539546  0.70693856483478623  0.71957935337707413  0.73201330896140571
  0.74323144399066388  0.75360476423246503  0.76337928102483354  0.77359711345822768
  0.78494602193299767  0.79800389720824150  0.81108872697084577  0.82272041654387240
  0.83351710693971537  0.84374137774754310  0.85454777790495928  0.86579523302135608
  0.87706285813434848  0.88802973014422060  0.89879447310097038  0.91021784270482176
  0.92151174032679095  0.93181700908229204  0.94107165682157667  0.95033180871848266
  0.96094310800266503  0.97351779789012760  0.98622834770999179  1.00000000000000000
 -0.00111475157308115  0.00498994442620066  0.01303905425676844  0.02139445946746836
  0.03219279305012988  0.04410870157298068  0.05487622683723171  0.06530956816210687
  0.07702832457978448  0.09025846549460827  0.10325733904205248  0.11532199300820477
  0.12701399693190599  0.13933902338412840  0.15192538711433082  0.16424931752146418
  0.17625700884697360  0.18807313971928141  0.19942372656808141  0.21070315361151451
  0.22262146314079359  0.23489741200265368  0.24650801331019662  0.25674727543501236
  0.26584357784748536  0.27493914467357994  0.28499009647582063  0.29638867474194580
  0.30829360510464288  0.31970319895540300  0.33111171213784335  0.34195299244214217
  0.35222688469149843  0.36062082524841704  0.36832139299518246  0.37596702725298942
  0.38326836114954460  0.39078973150462926  0.39914023459738202  0.40848513617763654
  0.42023596475632141  0.43342034412792346  0.44543287808430720  0.45569668286726650
  0.46537653331770967  0.47516146873675835  0.48572426572003868  0.49615477250593615
  0.50441546137433402  0.51140392512743837  0.51849443222489755  0.52568601479895372
  0.53248625987747644  0.54071064617218823  0.54836148567881249  0.55671685643728519
  0.56443219059891991  0.57193891038233902  0.57913405219342584  0.58712105533458792
  0.59621779432901578  0.60839589039635944  0.62323841457077922  0.63756785994857634
  0.65205911338551314  0.66563717619997054  0.67795552626792643  0.68926337997126130
  0.70086709948497039  0.71239508134333263  0.72312462636120767  0.73389690759293169
  0.74502227852340053  0.75645536677164260  0.76753401995587067  0.77930117578516300
  0.79173753835396521  0.80345986040912187  0.81472924004569858  0.82531575826013703
  0.83506418813182448  0.84344583363132863  0.85169970785576032  0.86029421095558256
  0.87108050764878642  0.88311625216374745  0.89491592306544721  0.90653025839438650
  0.91862550645816787  0.93155015548659437  0.94484723391912473  0.95798292708772392
  0.96936858839212348  0.98007316042334702  0.99037561365762217  1.00000000000000000
 -0.00129462307365966  0.00656981345546807  0.01349885476712540  0.02062681228023273
  0.02841922414247077  0.03674005784679419  0.04615909177396758  0.05634249289857430
  0.06650740856894204  0.07772000170305401  0.09107510242422072  0.10544545176691801
  0.11864998201923579  0.13130403219041825  0.14371570438556205  0.15560582501039708
  0.16704546903218240  0.17828751380716917  0.18948863638865043  0.20172121325787024
  0.21521559977798616  0.22922042870142592  0.24244600766103547  0.25479349409305158
  0.26645105289691168  0.27777533070771498  0.28847515657315714  0.29899594031025678
  0.30967375710349038  0.32001010407045333  0.33098285242997111  0.34086145549517510
  0.34929343361034249  0.35679673168042486  0.36409591779025119  0.37237431585760283
  0.38201012908042348  0.39429985293084618  0.40763980277183337  0.42141680956028732
  0.43428399972053022  0.44584121957857298  0.45662305822619942  0.46783507576223965
  0.47957200176213483  0.49255296145055244  0.50324161204547257  0.51270119564986349
  0.52208869732316199  0.53319149148598655  0.54368281741671809  0.55302818673324539
  0.56200578501458121  0.57113442826729222  0.58124900344260688  0.59191703310099808
  0.60291582977657210  0.61498175089631268  0.62590458773011814  0.63665571663877474
  0.64726806009616578  0.65662961581563384  0.66525752172871033  0.67432180577339540
  0.68318197214544518  0.69261540343345485  0.70154635585263170  0.71050587422784262
  0.72180285480167716  0.73386242485331510  0.74622932556689114  0.75798835090985806
  0.76889209104529732  0.77929582424320487  0.78869239581337880  0.79727115480739641
  0.80573617894445659  0.81386620888699812  0.82259320193444985  0.83294076777278825
  0.84413707821559303  0.85458467986572251  0.86380231819790021  0.87292361071660896
  0.88340117486046799  0.89600082692669691  0.90902209998013728  0.92112574245743006
  0.93155505105037539  0.94190304675901826  0.95268111525304966  0.96329508587757551
  0.97268855973666812  0.98205237888815655  0.99113773382972092  1.00000000000000000
 -0.00000604721137896  0.00034697123278017  0.00066255168634086  0.00091610248333470
  0.00109238307910941  0.00127359637557325  0.00145862130264761  0.00165077148157340
  0.00184801152662173  0.00204784498866700  0.00225333243188004  0.00245693377734709
  0.00265930351081835  0.00286061718745087  0.00306286874757103  0.00327043184027375
  0.00348665924936391  0.00370933047076133  0.00394516551636582  0.00418964455755392
  0.00445518559669052  0.00475516223880171  0.00505989512696842  0.00540363318568108
  0.00572720547045816  0.00603882921960928  0.00633365551099527  0.00662553192281447
  0.00691824129446899  0.00723515359774056  0.00763589821943890  0.00804709182149889
  0.00845669755403616  0.00889502738314012  0.00935471871291190  0.00984993516122079
  0.01034831496272499  0.01074197893994344  0.01109450998246821  0.01143696141569978
  0.01175537426800524  0.01202535754143663  0.01230577248902186  0.01258767921770521
  0.01285771930080882  0.01324003075535923  0.01364242647467416  0.01400745266652689
  0.01434682981116835  0.01469825523713595  0.01505356197991880  0.01543751544937158
  0.01590040317310244  0.01652712672071598  0.01713167447765957  0.01771672579558821
  0.01832388707457538  0.01890585430063369  0.01937191486085901  0.01983799138551820
  0.02032016235904504  0.02088804883483670  0.02123905413089340  0.02154713181461943
  0.02185231619820408  0.02213803179106169  0.02243518273673622  0.02279567177570957
  0.02335866710834087  0.02391923512845291  0.02444635133120762  0.02505974255641502
  0.02578572945742258  0.02648248484135758  0.02736728724912257  0.02832738396340315
  0.02947754575436178  0.03089638175165451  0.03216570926922208  0.03351426297365334
  0.03533863436708942  0.03708514210420212  0.03872460231319875  0.04041411740563498
  0.04203610281414696  0.04520842162991351  0.04879134943546477  0.05201604672453403
  0.05558652599121777  0.05967053010348475  0.06187855736702073  0.06346877365018201
  0.06697578800021205  0.07749440689137529  0.64011643636138871  1.00000000000000000
 -0.00338739247487281  0.00950491112217350  0.02123394128518782  0.03304592226246688
  0.04555276764830418  0.05786801529938000  0.06958398860971821  0.08110333870899551
  0.09268027602327114  0.10387711655025460  0.11412340240825251  0.12487957251903267
  0.13687374360684026  0.15069160092829054  0.16363392969495391  0.17635697376674273
  0.18842995642622673  0.19968218162815801  0.21024768310851522  0.22002671493008485
  0.22901254866142659  0.23784496696280602  0.24770648924084046  0.25848742435873406
  0.27031172922884289  0.28373077248614431  0.29825153323189396  0.31086865769927979
  0.31950849422858285  0.32636491167880760  0.33401984789439665  0.34182478029792845
  0.35004419544180815  0.35976898065759205  0.37023301576873685  0.38219862389474762
  0.39549999254451407  0.40801891900595505  0.41947632613523139  0.43070876121456192
  0.44085936946258958  0.44967294842849598  0.45779879531608431  0.46601628251396415
  0.47479751250164837  0.48434301783819583  0.49375312789964076  0.50219686411990871
  0.50979779244595835  0.51812652169471796  0.52728439621304934  0.53629176883677976
  0.54534225203651432  0.55407555309564493  0.56324952801105599  0.57466107466498972
  0.58646599266905042  0.59804743404651195  0.61084746494012621  0.62597569327527025
  0.64121959722323885  0.65449774806154637  0.66676934401282384  0.67847889110715409
  0.68946959234376104  0.69953931885696574  0.70970740400584753  0.72047632438685794
  0.73190156716077515  0.74422180925009829  0.75713900790473598  0.76956320796945732
  0.78126041992403583  0.79260296799062624  0.80425533228941426  0.81574648506494096
  0.82724522010207546  0.83777683612777021  0.84807437009961917  0.85852041516098354
  0.86894791731877286  0.87904553742184610  0.88969218951701434  0.89984549796998570
  0.90889250329830773  0.91617866816209215  0.92296237243943757  0.92994994486458704
  0.93789928689485447  0.94722216236516998  0.95699784584118663  0.96676844736443313
  0.97579971738715821  0.98442191065209272  0.99249616649166117  1.00000000000000000
  0.21545290964044522  0.50366021933715011  0.56943504534447253  0.60720162377907982
  0.63325832153021955  0.65403580506158188  0.67149780773994250  0.68903035992029527
  0.70693142264579045  0.72051693407386685  0.73165874961763877  0.74114026427249324
  0.74951898520236093  0.75739305686900449  0.76521140706493251  0.77328688077455277
  0.78191435079386595  0.79041870104608880  0.79834791681164186  0.80610622157706868
  0.81282059258449435  0.81891755627756446  0.82478614643756765  0.83047346117257570
  0.83667410904485506  0.84230611730849569  0.84793207643258972  0.85335374864234537
  0.85853301468772336  0.86325009199738789  0.86821637351537162  0.87312690097056045
  0.87773953001432348  0.88199791863602173  0.88592215911611683  0.88967905509804723
  0.89334282507825058  0.89669308718014606  0.89993503262136398  0.90298859690881483
  0.90570176425544580  0.90835558497421187  0.91098481261860242  0.91369904898725651
  0.91634360256254532  0.91960188600711401  0.92277068952262264  0.92564007232081658
  0.92823414673720361  0.93084853008488888  0.93350590412662393  0.93631360387273788
  0.93924343555753609  0.94192412683776605  0.94446497452724942  0.94697335399854499
  0.94930733065962225  0.95173192777244897  0.95397636043679745  0.95637114505813237
  0.95817291247119463  0.95967533581718900  0.96100475560050913  0.96212557100809448
  0.96316096403240181  0.96436245314888747  0.96567602898955396  0.96699226471635158
  0.96829521934190455  0.96964121108911894  0.97093981208747315  0.97214614390128384
  0.97328119534497803  0.97444684718292462  0.97563046635912376  0.97678450825348695
  0.97793290237873742  0.97921508763301646  0.98040902743237335  0.98153085337156687
  0.98264332276080335  0.98375348984676325  0.98486657897383190  0.98586865533565371
  0.98686431779524775  0.98774188402745344  0.98856458118274249  0.98946534461818647
  0.99040572336921373  0.99149204520677836  0.99275118136820462  0.99406861136381330
  0.99533300195677055  0.99657328391776434  0.99813790834779914  1.00000000000000000
 -0.02207171745560221  0.10917405568942874  0.14964864474313286  0.17470694963779795
  0.19222298772215116  0.20503199580289422  0.21492180974228128  0.22494639387037188
  0.23404754897757693  0.24285159513399485  0.25144520187262864  0.25863738130356290
  0.26624198514320369  0.27370703501924193  0.28290908432632328  0.29135477891016492
  0.29953122575408553  0.30789548898673907  0.31691197138976263  0.32603867394446090
  0.33433477713739018  0.34162509044468625  0.34822571120321266  0.35403330006402417
  0.35918524109517619  0.36472227200119728  0.37064681121000453  0.37604595452030248
  0.38215011445787217  0.38895722499060936  0.39620840608948998  0.40314928646985654
  0.40982098006506529  0.41647143430296185  0.42296349059658361  0.42964766676751731
  0.43569869306746756  0.44162508429621117  0.44702151510522259  0.45341497381309603
  0.46060339621294494  0.46866961695368659  0.47524167234946618  0.48074234947819039
  0.48596924582745060  0.49143665797213176  0.49714528389263185  0.50297505475263526
  0.50898647474207037  0.51506556481713417  0.52024594760972842  0.52545850926938475
  0.53100356831110751  0.53650746665094706  0.54154082581106355  0.54649444424454219
  0.55196669238108365  0.55811895946469292  0.56492908569244349  0.57305420349508229
  0.58220025939664410  0.58909965175294099  0.59559292333508462  0.60175596970060119
  0.60834703977421012  0.61535822523538808  0.62184846911947245  0.62645236984268182
  0.63051922440641628  0.63446350663090589  0.63935513428926638  0.64484694879403193
  0.65118528464475189  0.65707583764927469  0.66239718126081693  0.66766350669242969
  0.67282379124006642  0.67756299857766678  0.68249598916595799  0.68829854034828608
  0.69616080227660571  0.70438231606022084  0.71229165086747104  0.72097597187115692
  0.73118051601024814  0.74271090832817688  0.75417076224922663  0.76533129701281122
  0.77720636567850065  0.79036425043657332  0.80562526755755071  0.82129925761666489
  0.84096497314894947  0.86489415575024164  0.89749357501735894  1.00000000000000000
   1.2095982013956385E-012  -1.0000000000000000     
 F F F F F F F F F F F F F F F F F F F F F F F F F F F F F F F F F F F F F F F F F F F F F F F F F F F F F F F F F F F F F F F F F F F F F F F F F F F F F F F F F F F F F F F F F F F F F F F F F F F F F F F F F F F F F F F F F F F F F F F F F F F F F F F F F F F F F F F F F F F F F F F F F F F F F F F F F F F F F F F F F F F F F F F F F F F F F F F F F F F F F F F F F F F F F F F F F F F F F F F F F F F F F F F F F F F F F F F F F F F F F F F F F F F F F F F F F F F F F F F F F F F F F F F F F F F F F F F F F F F F F F F F F F F F F F F F F F F F F F F F F F F F F F F F F F F F F F F F F F F F F F F F F F F F F F F F F F F F F F F F F F F F F F F F F F F F F F F F F F F F F F F F F F F F F F F F F F F F F F F F F F F F F F F F F F F F F F F F F F F F F F F F F F F F F F F F F F F F F F F F F F F F F F F F F F F F F F F F F F F F F F F F F F F F F F F F F F F F F F F F F F F F F F F F F F F F F F F F F F F F F F F F F F F F F F F F F F F F F F F F F F F F F F F F F F F F F F F F F F F F F F F F F F F F F F F F
  <DiscreteSampler_grid>
  grouped_processes
  1 # 1 for a reference and 2 for a running grid.
  10 # Attribute 'min_bin_probing_points' of the grid.
  1 # Attribute 'grid_mode' of the grid. 1=='default',2=='initialization'
  0.0000000000000000 # Attribute 'small_contrib_threshold' of the grid.
  0.5000000000000000 # Attribute 'damping_power' of the grid.
 # binID   n_entries weight   weight_sqr   abs_weight
    10   10   1.215903462912629E+000   5.135913484717736E+000   1.215903462912629E+000
    16   10   1.217949869314622E+000   5.145416827295221E+000   1.217949869314622E+000
  </DiscreteSampler_grid>
