  0.00274106743789253  0.01101813093027216  0.02190869018773678  0.03274824901250282
  0.04404264969561173  0.05915063707124638  0.07356402623231617  0.08652208967962992
  0.09860848395790719  0.11057546054876287  0.12346480530608619  0.13881112662896744
  0.15611165413278330  0.16862139892480868  0.17991066259021035  0.19150977836026686
  0.20430812295869211  0.21685058486004963  0.22860343337465250  0.23926264439340508
  0.24889389181855229  0.25593489471368597  0.26189707381491428  0.26790111049060150
  0.27405928995141587  0.28001102465113120  0.28803276610817652  0.29892185609961036
  0.30839160147606620  0.31681758349140920  0.32712302472450955  0.33919539987515401
  0.35100433503119011  0.36185103293694076  0.37286268106340326  0.38258035606173474
  0.39205066320734938  0.40254497535601830  0.41216440823212241  0.42476575056558519
  0.43764655288808046  0.44923227663356552  0.45812322356488389  0.46749148816311742
  0.47814363242269609  0.49078542498379574  0.50587331746967601  0.52208428082506109
  0.53682420194212488  0.54520364297665769  0.55038061803479776  0.55773314836355092
  0.56525514858144155  0.57296183563506453  0.58204172097339368  0.59184189494731110
  0.60104891637482150  0.61173930312148805  0.62315937940093491  0.63402447022697983
  0.64461927078930015  0.65644438095697399  0.66839080030632492  0.67986065302299103
  0.69000640485270492  0.69714389925566211  0.70493617193725844  0.71350007355450884
  0.72208831111497884  0.73124802876779083  0.74136294868581520  0.75285071128111014
  0.76527467135469196  0.77772390227974975  0.78887695152154547  0.80036240192333163
  0.81135018392901381  0.82232769864752386  0.83368027528097377  0.84408457246651813
  0.85418282815371238  0.86611711421095361  0.87868976169325064  0.89251986775916292
  0.90366680277365175  0.91073604028524746  0.91602562924998199  0.92117479784869660
  0.92735274141442414  0.93530692658811210  0.94456153969873857  0.95280282780646286
  0.96114986077526288  0.97254911135143729  0.98614877645208954  1.00000000000000000
  0.00856384716711611  0.01924032317079752  0.02804303914434328  0.03844109629416554
  0.04870241834751302  0.05975441966976987  0.07146587703962426  0.08412619828019888
  0.09820900174590133  0.11296188772318781  0.12793578250329660  0.14501173941722073
  0.16232475610587294  0.17399757147064118  0.18551083687812936  0.19593562035529388
  0.20606696842514605  0.21652053590805082  0.22546768317381707  0.23341336284196113
  0.24089109000811790  0.24819895707429251  0.25502631374767953  0.26242728879931793
  0.26938682506297934  0.27554811285150288  0.28223011067656595  0.28969427996125513
  0.29777419305947095  0.30687610509194696  0.31705460739040714  0.32640407319338716
  0.33909691950452109  0.34877521551058199  0.35782746657357578  0.36510346883358885
  0.37396776270946741  0.38103951620397786  0.38736136611465638  0.39382411691566133
  0.40100541791869720  0.40998790864474244  0.42038010257232250  0.43241871952395539
  0.44364587475640832  0.45357198606773230  0.46466192448515420  0.47696823777401121
  0.48783382585704338  0.49787143300231657  0.50892698921306989  0.52271351150836920
  0.53646515279405849  0.54854541028470616  0.55957933567866414  0.57045666965979291
  0.57993476410966471  0.58763643981031244  0.59493000348897063  0.60200046839541321
  0.60953275156581876  0.61662791437165043  0.62317596300142442  0.62971584653958357
  0.63827940455962917  0.64802441061974347  0.66087958901301824  0.67431299286361757
  0.68901045032662500  0.70447827885228342  0.72166995414723645  0.74292522737466804
  0.75681085725122044  0.76840451087945483  0.77860601697676779  0.78856459113010169
  0.79961376789662220  0.81054962080380644  0.82081218400218048  0.83218645977000005
  0.84544716153337252  0.85872251919532916  0.86973677431619978  0.88081879088653270
  0.89312469346721568  0.90507363749518510  0.91533432377697721  0.92376513926256887
  0.93332084071555144  0.94407672693229039  0.95433703371767009  0.96529989216362611
  0.97397307083339180  0.98172703279238815  0.99110576223547309  1.00000000000000000
  0.00018762037264054  0.00020112305403011  0.00021462573541969  0.00022884970189415
  0.00024428594422491  0.00025780541675835  0.00026149505571224  0.00026684447618090
  0.00027284685497752  0.00027798529570052  0.00028189496064839  0.00028507375161629
  0.00028765271269531  0.00029129873974636  0.00029547591120457  0.00029997038598401
  0.00030432777067191  0.00030823511780412  0.00031212784354904  0.00031644317046817
  0.00032091068116885  0.00032510067199286  0.00032903704695328  0.00033333416231192
  0.00033916415576093  0.00034429055505702  0.00034866090983544  0.00035283111081206
  0.00035723326165992  0.00036242864987343  0.00036864100310205  0.00037511580031865
  0.00038061933362244  0.00038554248113441  0.00039090766099023  0.00039735998243551
  0.00040444176905301  0.00041089736646618  0.00041819845512313  0.00042625325378838
  0.00043518078278099  0.00044531596481847  0.00045596837120780  0.00046755719901759
  0.00048006406128723  0.00049217278783051  0.00050222606891174  0.00051174357650606
  0.00052169731616260  0.00053238929317580  0.00054413458100440  0.00055947769197387
  0.00057499636686833  0.00059158539154576  0.00060937303379080  0.00062743736496937
  0.00064747013808231  0.00066996411610916  0.00069424347905153  0.00071659619290399
  0.00073484690943531  0.00075399611634582  0.00077224636300414  0.00079009305875314
  0.00081102425658953  0.00083548429149970  0.00086274479752547  0.00089909102303907
  0.00095242295603806  0.00101651765516517  0.00108241730975807  0.00114421205649285
  0.00120229998671063  0.00126129317246028  0.00133038895916483  0.00141757963321624
  0.00149863963799064  0.00156488394375279  0.00164164168944781  0.00172348239150983
  0.00183840754193340  0.00197446081282324  0.00208680109598053  0.00222240746958479
  0.00234733620891491  0.00245226965295291  0.00255687525586865  0.00266377006513220
  0.00287584734966184  0.00331151920099960  0.00395555498715229  0.00460150891266089
  0.00583391670437709  0.01198473135646277  0.11058158849644634  1.00000000000000000
 -0.00130722643100982  0.02850277969012896  0.04553069845502555  0.05963689666319805
  0.07199026149888349  0.08418429630245003  0.09614979539917751  0.10779316102698516
  0.11869820516495998  0.12889786412448181  0.13884410279709031  0.14817042149368395
  0.15640184248067834  0.16526655421630881  0.17530198557889895  0.18480156672793557
  0.19260219898136902  0.20011415946040895  0.20836957043578747  0.21905767209659738
  0.23221895761827263  0.24563118657258365  0.26243332570032257  0.28203361632492790
  0.29903214443710024  0.30951157532585921  0.31605745676280383  0.32145069114090169
  0.32810086273199823  0.33489845194312096  0.33835621231297525  0.34201425118266326
  0.34502236053535740  0.35219354293087840  0.35851466326831588  0.36619583708935444
  0.37662189214787140  0.38713915510957686  0.39581386858143291  0.40363071135936462
  0.41118594011104254  0.42008840787960355  0.42873554409588749  0.43702718146462038
  0.44587192268609871  0.45338490709479923  0.46229147461131298  0.46905654675446834
  0.47713777867538743  0.48526111805160399  0.49343813897661409  0.50238079463383678
  0.51299657608774696  0.52225246957610894  0.53423640352572643  0.54819969362192456
  0.56091785059817212  0.57345714274980042  0.58738026062172033  0.60391198239524835
  0.62195574991241065  0.63714625334897501  0.64828011051714418  0.65757824507142015
  0.66735040226485032  0.67826313571539287  0.68984186236574974  0.70054052158658098
  0.71172344858489112  0.71814983824158418  0.72697225208353844  0.73562444682468542
  0.74373402021747204  0.75227502846308669  0.76192164878874458  0.77499748329632712
  0.79013060566392734  0.80398115842195395  0.81647719286114551  0.82766936291477466
  0.83849465259605982  0.84929884548672907  0.86016252840866447  0.87177190549914618
  0.88085232772419120  0.88834524357056621  0.89629133736538102  0.90335056341369790
  0.91258136908169651  0.92511587310111532  0.93473244562401869  0.94345245606577699
  0.95372830743991832  0.96656415364641080  0.98261205580940925  1.00000000000000000
 -0.00030388617436546  0.00270960448262452  0.00643751437261530  0.01144479257659629
  0.01630254711152904  0.02344651140854788  0.03078826483352075  0.03719635160535679
  0.04398211289843598  0.05174638285437631  0.05959609117836513  0.06828292372443469
  0.07842017337638291  0.08624984291962849  0.09222470145695595  0.09899538001559102
  0.10790208343893389  0.11772391094899497  0.12684030296241108  0.13740988294596909
  0.14867823873695357  0.16133340403631546  0.17253855614319513  0.18257564250482278
  0.19347221914914828  0.20225174017720046  0.21031645897181975  0.21874375182456771
  0.22858005060712952  0.23992462265591702  0.25097281721779452  0.26043694347257579
  0.26999264908756154  0.28084481033196057  0.28901345895317754  0.29449725093960205
  0.30020768102974166  0.30601929809000578  0.31128241694076875  0.31754901482711811
  0.32635206180354892  0.33781973122765585  0.35004077326085842  0.35983281609829526
  0.36816142390300732  0.37712082525229029  0.38755028198215086  0.39917279570968023
  0.40960079502813712  0.41753929720797883  0.42498885052073793  0.43394442991701015
  0.44428268819175792  0.45352643263672560  0.46110461322064566  0.46962012718989488
  0.48124731487944339  0.49810644642262825  0.51580782959698745  0.52888566329207520
  0.54124543252949020  0.55253977803923304  0.56249956309518812  0.57200013735966770
  0.58058703900204389  0.58888092215841337  0.59747493608942337  0.60598524806078780
  0.61549392886673671  0.62618833637217697  0.63717540014942065  0.64774605744571057
  0.65774540190061692  0.66739868017031867  0.67636309786595894  0.68731497800994790
  0.70222872967358807  0.71831955296140892  0.73526602106636108  0.75388944361047838
  0.77211891217789530  0.79020854980606370  0.80810969831660651  0.82541732511175447
  0.84215166278684772  0.85804700942567091  0.87314973005835717  0.88705821740216684
  0.89893802870640682  0.91034984122784512  0.92508221810662539  0.93922408872179819
  0.95358988863177252  0.96845170936184788  0.98388901013214380  1.00000000000000000
 -0.00178664231425056  0.00744248799908569  0.01672995634670081  0.02517701780189937
  0.03813853890379494  0.05152879775684600  0.06295001699355944  0.07228352728546369
  0.08113065983973557  0.09064804857939715  0.10188555591142623  0.11435255427407849
  0.12701973687461987  0.13902973974697685  0.14822353260996327  0.15699185746405681
  0.16482222441483449  0.17137879869515188  0.18081148715291143  0.19157511759238233
  0.20198019255594665  0.21364526906867587  0.22793144406048338  0.24364761480181316
  0.25789589364485732  0.26914734437620685  0.27733119896353159  0.28354729556552599
  0.28949757537253612  0.29822887496541811  0.30890210467687079  0.31986094342310933
  0.33114324923114941  0.34257851100024794  0.35359279976472979  0.36486854625204201
  0.37656257894803352  0.38815379458839594  0.40081146092453407  0.41479648828343324
  0.42767137941358985  0.44127751418035999  0.45580712234572318  0.46943976544699040
  0.48073754691291448  0.49265240454801601  0.50546160945419649  0.51845267862275846
  0.53166016910881064  0.54516675625893551  0.55770525530209936  0.57028147966985177
  0.58319489535215296  0.59536784315903235  0.60725652426841792  0.61823848675666926
  0.62929258528985388  0.64070488458630492  0.65038951997545846  0.65859544660451053
  0.66687508860888589  0.67495546955031882  0.68447712104880087  0.69253560819211102
  0.69892447113086709  0.70487920043891450  0.71058507744018617  0.71557510866995200
  0.72114832282271568  0.72612591693315143  0.73086805359982587  0.73602272805871205
  0.74651466930686827  0.75878450481697435  0.76756476837337284  0.77757345245213683
  0.79039061989300452  0.80345553014176030  0.81411237697486460  0.82305882395495111
  0.83245118253181383  0.84359846077577505  0.85555777729204019  0.86518124060279000
  0.87424346180561663  0.88282642431989544  0.89295134510447449  0.90576856915129256
  0.91936282764252297  0.93131415059149214  0.94176379040134228  0.95303871141032614
  0.96466217908109275  0.97694574305161119  0.98847243399099360  1.00000000000000000
 -0.00256268188465230  0.00993350319704111  0.02065714947196243  0.03261129435493019
  0.04552588103286540  0.05870564635416119  0.07145702099199094  0.08357110607800537
  0.09592902182811242  0.10725484187921025  0.12022316933619633  0.12936240562405854
  0.13805184387661601  0.14764742250017759  0.15618973388849014  0.16513863057809175
  0.17272220723654583  0.17866064319697028  0.18416692627225484  0.18978509324948564
  0.19551843442014893  0.20215002840878282  0.21563615331050517  0.23025565442581686
  0.24228842683417376  0.25226004066773450  0.26103700131305507  0.27001738886082899
  0.27891404378295204  0.28699985431953629  0.29606304146788948  0.30678865793644949
  0.32003773894033760  0.33184937409304366  0.33944169368406474  0.34536589517577082
  0.35220514435408701  0.36037911941689910  0.36767661541572066  0.37470091483865370
  0.38229542850853032  0.38938354934171837  0.39731473303414300  0.40866695358387217
  0.42271632475720533  0.43831924610307216  0.45439555924791430  0.47074051100600012
  0.48749525288495571  0.50208834958788873  0.51342964817967185  0.52310082555530291
  0.53195697029490130  0.54054768887973004  0.55014646082988505  0.56000624326063630
  0.57301758300376360  0.58636543458027712  0.59916240111262653  0.61106743553124332
  0.62257030824526360  0.63395938157687126  0.64480604289975996  0.65748093274151898
  0.66953348494157894  0.68668882636665440  0.69826041294427521  0.70551058620993468
  0.71220463155418257  0.71934261205021488  0.72578857744810343  0.73230005714175972
  0.73885209250770101  0.74615618463428324  0.75594954861005081  0.76858179123850590
  0.78166082195077957  0.79480488425823093  0.80581693864148585  0.81775034416031966
  0.82981803333579740  0.84275127264136795  0.85561043737042286  0.86719864544489544
  0.87753893669246541  0.88592550857156160  0.89481560610112465  0.90573763446002609
  0.91740125256763461  0.92947851786191182  0.94059325415628159  0.95170246094285738
  0.96279901880276775  0.97398131052136849  0.98634475638227881  1.00000000000000000
 -0.00190718631973413  0.00785958076757365  0.01778402738831831  0.02883324124836124
  0.03954332136549311  0.04875640630423665  0.05705785437462006  0.06697481882763433
  0.08202240217099523  0.09655571482291558  0.10907544937919543  0.11934154876517321
  0.12829805376347364  0.13577090905296693  0.14411113908444470  0.15319866911853333
  0.16294261720284714  0.17339845648373867  0.18515526508504029  0.19823762467445027
  0.21269903935696638  0.22866577944413036  0.24270028011497077  0.25638024349234112
  0.26803183031596700  0.27875393640277574  0.29036314152050108  0.30011612215307365
  0.31038130197118641  0.32176904270779855  0.33387745576273603  0.34572587671863081
  0.35686827219620076  0.36843146065586974  0.38048888181902396  0.39257848222344699
  0.40489023398674401  0.41612801239570074  0.42623358917091836  0.43591213280886815
  0.44555189956031677  0.45919919966564354  0.47332902249202186  0.48853618561524509
  0.50547611826075256  0.52293330821184625  0.53880079784695822  0.55227713954902813
  0.56431815540476282  0.57590079187234910  0.58838177436164085  0.59965981321126161
  0.60818499727365916  0.61436235029876562  0.61988025406340364  0.62422927006836681
  0.62861738187348715  0.63480644367759831  0.64093261418855063  0.64806222337392239
  0.65702203854933183  0.66549299488677960  0.67447861925094965  0.68402059542909077
  0.69339021749541174  0.70245119096502251  0.71378263307782375  0.72506935631830205
  0.73722793113861285  0.75262924609492687  0.76574707730124481  0.78155532375905024
  0.79670080845223679  0.80950052835446118  0.81997022656896401  0.82963700715996713
  0.83860137849100569  0.84604510527322141  0.85358088894560424  0.86067822700877827
  0.86816330490923266  0.87551509571503250  0.88537247080966919  0.89598057804252840
  0.90566964611248313  0.91420689084540230  0.92275368209932018  0.93333013839869372
  0.94510961230925372  0.95688159955321361  0.96527380528980034  0.97211947927473130
  0.97923564112777639  0.98697659526799009  0.99389575310807188  1.00000000000000000
 -0.00561718054271712  0.01987796556840011  0.04104455309550852  0.05957589586542324
  0.07607900415064536  0.09138835121245503  0.10602110973890969  0.12028181563841234
  0.13379470979365907  0.14544413253453894  0.15677381561424503  0.16770473157093344
  0.18021697045834945  0.19378961672048822  0.20833747028391963  0.22416213401860924
  0.23714269889674519  0.25027925817102997  0.26102415536619311  0.26991211534316578
  0.27948572422023593  0.28824853854294452  0.30096786158755034  0.31378967272271718
  0.32588817720498969  0.33663011207678029  0.34412763493786153  0.34908308762068263
  0.35489551588268520  0.36083590760760054  0.36643336992685827  0.37196164850556901
  0.37921739024879897  0.38732184097764666  0.39524009408692962  0.40347395862786850
  0.41144526508075124  0.41969762498861907  0.42839171373145563  0.43711586253255702
  0.44463202085345954  0.45195082032775080  0.45897941895749234  0.46486783810610943
  0.47040349248358704  0.47653616328880022  0.48315784182903970  0.48849204566162874
  0.49419138190617706  0.49926488766920679  0.50933169481700113  0.51966261097921873
  0.53020411214980046  0.54111799035189800  0.55170372940953016  0.56158513417331979
  0.57096753308003656  0.58024980728764342  0.58970220617655389  0.59926786921485697
  0.60906647379315193  0.61524672034671490  0.61960928582536634  0.62438062974084996
  0.62965872479611318  0.63418348887423992  0.63998767951584212  0.65087791382748494
  0.66204862757589888  0.67118015677974308  0.67787916646112389  0.68506237728744790
  0.69232396155882603  0.70047686222107286  0.71328506910794243  0.72874779254264577
  0.74425420264425257  0.76005330934965754  0.77434771282927828  0.78702727890057000
  0.79905910740554609  0.81129984494852747  0.82488989986671502  0.83868573995369844
  0.85208111303760847  0.86579128332866828  0.87949799949236684  0.89370226220600835
  0.90590966688682772  0.91904581992839396  0.93157996822391731  0.94151980287062187
  0.95609979655442567  0.97110215737859795  0.98316534434794856  1.00000000000000000
 -0.00303023725107435  0.01184208051309671  0.02662839965769467  0.03796693829289783
  0.04900086559440162  0.05932761209729299  0.06934270547248378  0.08031227281849790
  0.09324333582970738  0.10611916726127166  0.11983970593765240  0.13113773628267839
  0.14177446036260638  0.15295649949440426  0.16293199174298317  0.17213496653547547
  0.18348919759309970  0.19739993379279527  0.21247652197125705  0.22760135458350092
  0.24219837607349670  0.25498950879187637  0.26806843426162658  0.28039641567661555
  0.29228367508110620  0.30542020747189835  0.31834879989686909  0.33100889155139074
  0.34296905374324427  0.35350860780900373  0.36297964101008745  0.37123423822925622
  0.38113743196713684  0.39230523403171241  0.40000092453871577  0.40719885538155470
  0.41648724620729694  0.42545269077334330  0.43457431383692657  0.44244153191835417
  0.44759653554488676  0.45249541258453829  0.45673461502920465  0.46616704459491393
  0.47857166009027263  0.48952388099438721  0.50101614398493466  0.51629211072247438
  0.53238224266089862  0.54546986982472256  0.55627837250056655  0.56658161274089336
  0.57765451588507277  0.58762809703470076  0.59682737402314012  0.60786929319711525
  0.61997219174160267  0.63027409146625091  0.63946474324453362  0.64773193112296190
  0.65540301465801232  0.66530351597245230  0.67723097462406279  0.68973373188825271
  0.70148798348806274  0.71238173086000034  0.72332680900485824  0.73425102277365750
  0.74461289788297902  0.75403054880224196  0.76315151955130633  0.77288719595814748
  0.78435578184340304  0.79702178084052022  0.81026064016129529  0.82256573982472792
  0.83072349816551394  0.83716318693154879  0.84104023171460462  0.84570329933425092
  0.85166049831538992  0.85833943787715705  0.86437932611209967  0.87198409389810205
  0.88339712610401233  0.89617390844942713  0.90981178739422863  0.92447679448879916
  0.93422739288192913  0.94415480044721123  0.95434807049107495  0.96398073865954492
  0.97309791732283546  0.98070922959765383  0.98903446872790446  1.00000000000000000
 -0.00116507391671889  0.00641849135694248  0.01455326684653716  0.02278747474386235
  0.03095503859837459  0.03868004111332518  0.04683530478887236  0.05619359125362032
  0.06582149524170494  0.07479586241121230  0.08463213479022708  0.09576185665142573
  0.10674472058910627  0.11681896514228293  0.12616843963546945  0.13482146064154577
  0.14498861226259377  0.15558906342835405  0.16655501022509386  0.17966741365686656
  0.19190578594110358  0.20327247734143755  0.21396003503181601  0.22538941463929721
  0.23953483600749942  0.25286783312362221  0.26749505790253086  0.28255954852826815
  0.29841548714575589  0.31576611641951813  0.33259212181553505  0.34389060655338033
  0.35318528495516449  0.36304522016165869  0.37289729894136675  0.38149735580011052
  0.39049762761385681  0.40338647353429236  0.41823547505982950  0.43061349391224768
  0.44006113160309118  0.44900792851383581  0.45850495972496769  0.47120601869732598
  0.48804949044656354  0.50644812545313245  0.52087197634967941  0.52980331210166065
  0.53848779494419530  0.54723202083343259  0.55443146292449375  0.56284060014717019
  0.57188858258872832  0.58061735027437456  0.59053829623378085  0.60311161983557826
  0.61623470422910609  0.63198369631112572  0.64840509036721872  0.65952827710181872
  0.66670604173743253  0.67454361539088226  0.68348720949361941  0.69157919369248466
  0.69875564283011626  0.70541797599558742  0.71153730402190907  0.71974289510369971
  0.73077093571808227  0.74317994709713608  0.75551907128508133  0.76607881881586293
  0.77518934120430050  0.78402166299409992  0.79270345756354321  0.80089001971296381
  0.80992988997759663  0.81901703014232841  0.82957928647484358  0.84235878378346085
  0.85468424081497341  0.86401919575790453  0.87247419608696863  0.88198704288014695
  0.89177450805162239  0.90077374152462120  0.91506484052849635  0.92982424189850488
  0.94300934222617561  0.95368272827672640  0.96236444493322326  0.96928464831619154
  0.97538496954899090  0.98189863583015147  0.98859581526198592  1.00000000000000000
 -0.00338451188903781  0.00991992405485761  0.02450705587853798  0.03889742389535454
  0.05324845023679783  0.06652545513039462  0.07817557399997138  0.08991769472058121
  0.10313903660339357  0.11806793700628074  0.13058571166609567  0.14008932138177510
  0.14882744784604551  0.15885960637194735  0.16877929013428744  0.17815620477192404
  0.18705212191096066  0.19511627845666848  0.20297064221964189  0.21076647697282982
  0.21878345538765204  0.22831042640416183  0.23966387286306204  0.24992234564015992
  0.25959822817407080  0.26931299802018299  0.27883809495191897  0.28912302959230179
  0.30027145012169343  0.31301851710032780  0.32556202559106584  0.33472024974624481
  0.34363800331688960  0.35429176260197570  0.36782604417336584  0.38359897832737211
  0.40020099193103981  0.41464604466073662  0.42794884809842865  0.44067790234463555
  0.45396092305339736  0.46756148451125462  0.48193032500144262  0.49651347498210091
  0.50903846573484313  0.51986716126326893  0.53016912010584971  0.54070120291337043
  0.55211386687988373  0.56421854514739633  0.57687348673531769  0.58971257189499837
  0.60212372400726810  0.61272261677837880  0.62277823686303135  0.63543893437087373
  0.64924331215082121  0.65836942086207129  0.66609381875092211  0.67448392376506328
  0.68298026597219264  0.69042672023743212  0.69702850154485441  0.70342046872068187
  0.70982612997186112  0.71849750268065626  0.72618631463768257  0.73370523118342057
  0.74178217447379735  0.74918671843825202  0.75804629984043814  0.76854871878273834
  0.77958004722627749  0.79105282284049061  0.80522895190906330  0.81913932175196225
  0.82910210416130425  0.83757405426924736  0.84617916384432068  0.85601978081513319
  0.86847763976017278  0.88118908123287321  0.88896826589662159  0.89589589040763673
  0.90261693520670094  0.90967096099456235  0.91769191862073762  0.92558221268325447
  0.93160502981588333  0.93832048841233318  0.94925922580988931  0.96273566152114831
  0.97417672138806122  0.98327761409442893  0.99154959349361238  1.00000000000000000
 -0.03904931538603909  0.17862166987609995  0.21805335329616812  0.24256471273561472
  0.26237514300379983  0.27676470732767466  0.28709402656859923  0.29511800531981675
  0.30179247516954488  0.30895487428425106  0.31668153788694470  0.32627288869974003
  0.33622665150701919  0.34482918117094852  0.35193326531991026  0.35792381256223316
  0.36326513415615780  0.36835875275970426  0.37355525079645352  0.37973487126288724
  0.38676921808829506  0.39475507810425076  0.40321532993800480  0.41070281859909552
  0.41655348887836136  0.42170046688411172  0.42656023335053350  0.43137682379263759
  0.43641897432659554  0.44176240457771837  0.44759403866318587  0.45379849139571060
  0.45979104775586038  0.46548351283524592  0.47085668583833118  0.47610200437906131
  0.48129678994916769  0.48648663675709508  0.49195441456541172  0.49740300630563611
  0.50269376352141293  0.50760378270245143  0.51202084548379279  0.51638366918817979
  0.52091070622121127  0.52571455821181923  0.53114526935630857  0.53709181945007978
  0.54263603265296123  0.54663407768120031  0.54921111885175111  0.55110139702759431
  0.55291039897691985  0.55480639307381130  0.55720795373914001  0.55965778109446029
  0.56251047066132565  0.56519800343694615  0.56726499861035584  0.56923187522797325
  0.57207972578114730  0.57584274863077556  0.57970841829621611  0.58425955054106227
  0.58896937183042486  0.59368355478818158  0.59834848451863409  0.60316839406696010
  0.60672766771945985  0.61081406729710819  0.61552723759774641  0.62071708128479464
  0.62599344616875308  0.63140712737945981  0.63626522368446425  0.64044354457522013
  0.64430487487392385  0.64932917603903162  0.65545344087889224  0.66125145790530293
  0.66566241188120867  0.66971368188710989  0.67398456580187116  0.67838033887627402
  0.68202377109986623  0.68605233796661080  0.69165229066309852  0.69847060831403840
  0.70427462800449614  0.71091859019025716  0.71888584844140513  0.73036115495902332
  0.75165090905753007  0.78162479061004997  0.82830137828486194  1.00000000000000000
 -0.00371862202146185  0.01299756099733018  0.02810428292243251  0.03949902386636328
  0.04801535138200753  0.05572308113453291  0.06192753338558928  0.06901193559654575
  0.07827032462020976  0.08735986685220054  0.09475227710857471  0.10282219780292387
  0.11686960759133386  0.12949772472489904  0.14078006342320387  0.15054725327203528
  0.15958155549628469  0.16917622809943991  0.17912892322995139  0.19010759572403824
  0.20117066519506685  0.21063868915403069  0.22400456750555950  0.23600832746869851
  0.24844012411175828  0.26136091220516278  0.27286440262635869  0.28389009983255048
  0.29426495288196630  0.30613783310975595  0.31806938741793367  0.32822562959288060
  0.33633310097196739  0.34386307464138482  0.35145881322069078  0.35990028196182200
  0.37108419141381777  0.38307233814257469  0.39347577174822657  0.40460141382377057
  0.41675814813994755  0.42761905538054396  0.44187061146487155  0.45451027855352544
  0.46429665921775187  0.47102638960644505  0.47580960290348839  0.48173425322351637
  0.48812341411051591  0.49261152231244476  0.49774318084756464  0.50654517295944157
  0.51562248710991920  0.52308829096749554  0.53232073677707425  0.54270386025007233
  0.55438299988711237  0.56585488090335812  0.57704846732952886  0.58752698567503570
  0.59719755506451111  0.60659784878693845  0.61624356758831567  0.62849061033492448
  0.64186617940294688  0.65593172594226090  0.67105055127897972  0.68529582145569745
  0.69743030930447114  0.71028709417225222  0.72389505999391290  0.73785139731985339
  0.75161256236762874  0.76518277668169143  0.77656043716255285  0.78833617614230067
  0.80111411668596377  0.81305223405506721  0.82304244064638488  0.83124614376805006
  0.83944488908925874  0.84634223430618383  0.85273271297026276  0.85891761050446813
  0.86877884992332288  0.87973961975924664  0.89042766750379609  0.90039127335016100
  0.90979330821853965  0.91997497642353421  0.93252775557237777  0.94578619694872901
  0.95988049397472774  0.97373168673319532  0.98713384520373215  1.00000000000000000
  0.11407582456394076  0.62996653326903451  0.73708022699330711  0.78098225565279777
  0.80887121198059020  0.83127122727006542  0.84873503333300526  0.86069846771565361
  0.86997859767271812  0.87720204311263572  0.88336707814132842  0.88852632240602691
  0.89248844842793873  0.89609230576923293  0.90009076268056676  0.90475476669016874
  0.90938101376675695  0.91325892856995317  0.91644729788241808  0.91923553947379910
  0.92196169163087005  0.92480344568233497  0.92725647498350672  0.92915525546973965
  0.93117743710997736  0.93324041402727353  0.93544570043669517  0.93773966666509279
  0.94010494682464307  0.94240743822980344  0.94457167806290254  0.94654642693448932
  0.94836339715508389  0.95009373889309312  0.95180634968895805  0.95346047979730841
  0.95512440311209801  0.95684064113371836  0.95826326639048731  0.95910861230933209
  0.96010830131375458  0.96126443359112990  0.96234234681607955  0.96336179043853432
  0.96464051037688237  0.96576586249350094  0.96685332485561093  0.96802239491648157
  0.96930122776601668  0.97060516019405851  0.97201371384131852  0.97330520507547069
  0.97459105581698113  0.97554729390817640  0.97612803807821491  0.97659864234752836
  0.97715871647391761  0.97780665380604692  0.97843251569950451  0.97891986358139793
  0.97938716203408904  0.97982311348814521  0.98039662869963606  0.98122270479399010
  0.98205371944248265  0.98277326411634147  0.98345174893553966  0.98417209670631800
  0.98485987568031419  0.98550428728235928  0.98612376577568850  0.98672788126996347
  0.98733326913871200  0.98795098646080448  0.98851490259997954  0.98910454960612482
  0.98967345039626997  0.99022907455513620  0.99078431855332494  0.99135329322820298
  0.99192589028695477  0.99237004415273034  0.99271386792689620  0.99308811559316368
  0.99347373513660353  0.99386632886857584  0.99425893601223225  0.99477547039407255
  0.99526921354332110  0.99577236022529769  0.99629693997572233  0.99686330212881058
  0.99753161398589718  0.99828682645054612  0.99912547745111258  1.00000000000000000
 -0.02712878274120849  0.12248296201168590  0.16297783450323144  0.18713357260843919
  0.20451022740774197  0.22014213282730380  0.23646188215984820  0.25180632148992915
  0.26203819898752867  0.27013345149982476  0.27776108347171657  0.28521247594227433
  0.29350188450662545  0.30216925332169570  0.31144565800983409  0.31877313886330993
  0.32588022526256571  0.33310499286214063  0.34134089870606016  0.35076265677922291
  0.35844599786067516  0.36386985188575749  0.36929007680833847  0.37423095394622174
  0.37962124998868130  0.38580725805424898  0.39250268130763394  0.39849225114385967
  0.40356044157171245  0.40762332057616762  0.41133519237901406  0.41510358191980673
  0.41877334279458700  0.42563307544959283  0.43175203149602065  0.43798620082573736
  0.44410080081047176  0.44992740339235010  0.45375587081506163  0.45745537110523099
  0.46084116792406776  0.46429744477437151  0.46798821831296677  0.47254898384248367
  0.47805981304651590  0.48388267596514600  0.48949681026422331  0.49415797074483664
  0.49844674507169778  0.50282537904371138  0.50799010994135119  0.51389089540248711
  0.51957196406889905  0.52485866317511898  0.53054103626909443  0.53572651343798250
  0.54166056685557540  0.54774481057007562  0.55303135817783977  0.56001739015469942
  0.56711249169439892  0.57493210369138148  0.57922575152311684  0.58360335154307275
  0.58700354056919479  0.59063665157478806  0.59463094763281055  0.59837628947533428
  0.60175128197192151  0.60823097968527251  0.61619328994812028  0.62406660250504276
  0.63031575368661807  0.63561257111587777  0.64179046226332859  0.64750712132613075
  0.65326849140518517  0.66370157070085090  0.67201235035366735  0.68004844035466883
  0.68833571717434072  0.69741216684771923  0.70830678463701924  0.72028942746310753
  0.73104681373584279  0.73980859518319741  0.75011843643599641  0.76414099186243434
  0.78178855336118525  0.79560126835799816  0.80531874955774396  0.81450945831201149
  0.82647625447798367  0.84171729345310242  0.87535723536894960  1.00000000000000000
   2.0360806183565902E-015  -1.0000000000000000     
 F F F F F F F F F F F F F F F F F F F F F F F F F F F F F F F F F F F F F F F F F F F F F F F F F F F F F F F F F F F F F F F F F F F F F F F F F F F F F F F F F F F F F F F F F F F F F F F F F F F F F F F F F F F F F F F F F F F F F F F F F F F F F F F F F F F F F F F F F F F F F F F F F F F F F F F F F F F F F F F F F F F F F F F F F F F F F F F F F F F F F F F F F F F F F F F F F F F F F F F F F F F F F F F F F F F F F F F F F F F F F F F F F F F F F F F F F F F F F F F F F F F F F F F F F F F F F F F F F F F F F F F F F F F F F F F F F F F F F F F F F F F F F F F F F F F F F F F F F F F F F F F F F F F F F F F F F F F F F F F F F F F F F F F F F F F F F F F F F F F F F F F F F F F F F F F F F F F F F F F F F F F F F F F F F F F F F F F F F F F F F F F F F F F F F F F F F F F F F F F F F F F F F F F F F F F F F F F F F F F F F F F F F F F F F F F F F F F F F F F F F F F F F F F F F F F F F F F F F F F F F F F F F F F F F F F F F F F F F F F F F F F F F F F F F F F F F F F F F F F F F F F F F F F F F F F F
  <DiscreteSampler_grid>
  grouped_processes
  1 # 1 for a reference and 2 for a running grid.
  10 # Attribute 'min_bin_probing_points' of the grid.
  1 # Attribute 'grid_mode' of the grid. 1=='default',2=='initialization'
  0.0000000000000000 # Attribute 'small_contrib_threshold' of the grid.
  0.5000000000000000 # Attribute 'damping_power' of the grid.
 # binID   n_entries weight   weight_sqr   abs_weight
    10   10   8.094018771413328E-004   5.328692796383473E-006   8.094018771413328E-004
    16   10   8.083897181963270E-004   5.313382200390653E-006   8.083897181963270E-004
  </DiscreteSampler_grid>
