  0.00237269430226589  0.01590968079284671  0.02934586167323548  0.04182247380839540
  0.05337049560648602  0.06485809006533401  0.07674157640419138  0.08910524660314857
  0.10105589065485721  0.11276025919969743  0.12415885354249334  0.13454096063868251
  0.14388503096085420  0.15321315370586860  0.16277916593001276  0.17367918622568598
  0.18519204326977945  0.19701452698229427  0.20891328983516930  0.22076398718219237
  0.23246982115336320  0.24375095372986025  0.25437060820273627  0.26462977380655434
  0.27497435232760925  0.28555450198541771  0.29641258368301004  0.30747536650574997
  0.31933394136149340  0.33212208797496984  0.34493829366481316  0.35639281088455510
  0.36575919494348380  0.37556081550437426  0.38503013280679188  0.39405708376147397
  0.40329762524556434  0.41240981906920626  0.42179401500233682  0.43170756825728412
  0.44166616898179456  0.45153393055378321  0.46135491441936460  0.47128248552162766
  0.48155550936445313  0.49203222453889861  0.50269254673984465  0.51367698332028655
  0.52422470031983803  0.53421812466527807  0.54430999080850795  0.55486016690843187
  0.56529729551168295  0.57525429811850481  0.58546013078868786  0.59631417798097075
  0.60726128692550296  0.61755168785671954  0.62773805585782549  0.63836656239185785
  0.64912408392308418  0.65957717503237023  0.66996492808140118  0.68051934684578530
  0.69079447969019925  0.70096091063922494  0.71161624055051187  0.72250219553695061
  0.73323386684195158  0.74370193411881669  0.75384641795887741  0.76365153457065671
  0.77325326564655550  0.78280714244575600  0.79238346074936128  0.80147847786575954
  0.81070368447231766  0.82031162144143888  0.83021481785134654  0.83975131412549409
  0.84907324201856371  0.85894354502926518  0.87053008904586315  0.88097057041926274
  0.89144825227815960  0.90229782777497036  0.91343908559852149  0.92448708016074033
  0.93534134809445235  0.94595361782777376  0.95587456433667228  0.96502240188194488
  0.97382859114154197  0.98253624717527399  0.99127729035878487  1.00000000000000000
  0.00894778299620618  0.01750282495217572  0.02938187869580457  0.04138188069054751
  0.05280158643831333  0.06443723155734774  0.07627558602691850  0.08747767537532473
  0.09785399342279756  0.10798407380334026  0.11817323218496018  0.12901799712452977
  0.14009700903959141  0.15099876846941671  0.16220066522049612  0.17336391208683455
  0.18455935459984224  0.19409437363219936  0.20276088093574043  0.21145549653698359
  0.22041999509218538  0.22875015854365979  0.23712448855478696  0.24604282641399838
  0.25632212933246235  0.26744962604746803  0.27742840682046987  0.28638874356443939
  0.29598317987950679  0.30524458366777918  0.31414405216245134  0.32236428803027634
  0.33056769139213416  0.34034257514111782  0.35164250771568190  0.36353639533322168
  0.37537848548232006  0.38727606050741054  0.39884334875316924  0.41005021770229660
  0.42069450013566800  0.43097532370841857  0.44121291899380105  0.45177496286570362
  0.46201978344027028  0.47156447630102133  0.48077825155611759  0.49006987421448611
  0.49956612352138108  0.50910149886379852  0.51871593080265987  0.52920982588829502
  0.54046971242529918  0.55208043909278348  0.56412785866469484  0.57645769622279119
  0.58775633687276030  0.59899250830179573  0.60977271802337762  0.62045451867770784
  0.63054195142724345  0.63995931709904796  0.64935839506281545  0.65920997774096490
  0.66901000079228390  0.67956654714331455  0.68940247396174270  0.69936286226490318
  0.70919963195231961  0.71944600790905122  0.72968950251793474  0.73941063654891059
  0.74909448265710454  0.75913802346133352  0.76936493218457003  0.77991892958856701
  0.79020578654286378  0.80043133015427492  0.81064480946587980  0.82093852989357186
  0.83140453809591719  0.84200470460598242  0.85291023114093234  0.86437940037864380
  0.87611046739090437  0.88736444172465079  0.89856248880923051  0.90952491962211979
  0.91995251370252729  0.93036616278291628  0.94101389138701808  0.95230176230266161
  0.96444711272858830  0.97669224219228212  0.98827206571347814  1.00000000000000000
  0.00063101685792463  0.02235313602868519  0.03638197422693826  0.04848966506638193
  0.06019736111844936  0.07198283862280008  0.08392342256467308  0.09393562616764718
  0.10331417315745557  0.11238678341155249  0.12187261106423448  0.13184816207016278
  0.14228098851374857  0.15316543504915675  0.16424021185149590  0.17526720737046750
  0.18642181100042757  0.19738125405389662  0.20872843119493464  0.22129371833280528
  0.23405306067258158  0.24658016580068656  0.25860017606859687  0.27026308171968055
  0.28233612962547311  0.29417818818545249  0.30517344852428535  0.31545836026499369
  0.32639393835480279  0.33688811144350594  0.34770753969938395  0.35846651024385962
  0.36976665037066303  0.38158589930678410  0.39367810555746469  0.40566436857981486
  0.41761426636605709  0.42982763288077813  0.44195389025546600  0.45369458428766740
  0.46439207452969844  0.47400706100711948  0.48342866944672885  0.49313050405203751
  0.50358142789917826  0.51485422538025527  0.52596987724014121  0.53692015424443462
  0.54896364857020341  0.56161901733102693  0.57431183589277945  0.58626912952371268
  0.59788885309094797  0.60875652582735029  0.61868784039361524  0.62906015163426643
  0.63933951579080373  0.64996962958356330  0.65995527243281493  0.66939388493456464
  0.67865129705622229  0.68823622326555045  0.69829146127298780  0.70823262830308498
  0.71718810694183543  0.72595170355510363  0.73460032070703962  0.74308354193684290
  0.75169520176393190  0.76058551370501515  0.76911490325116894  0.78041120626157223
  0.79200688059945379  0.80314453980657163  0.81341821560904060  0.82262029046736340
  0.83151487972454230  0.84041788032722953  0.84924072381383964  0.85856980793884707
  0.86822681403903379  0.87816395536030911  0.88873316665382951  0.89908852186982935
  0.90826248466608406  0.91734829867055367  0.92599672374163344  0.93471442940416005
  0.94379963882683227  0.95340534360327434  0.96200798532309673  0.97031746263680985
  0.97809797131888487  0.98531468571309788  0.99260196616373297  1.00000000000000000
  0.00000433049699782  0.00000457936997437  0.00000474586568252  0.00000491049158314
  0.00000505509687566  0.00000519704605109  0.00000533952134061  0.00000548447246689
  0.00000563601756132  0.00000578075035501  0.00000590849900309  0.00000602980326669
  0.00000614924303349  0.00000627013315450  0.00000639287878170  0.00000651845095757
  0.00000666901090591  0.00000686078694981  0.00000705935798786  0.00000724944978842
  0.00000741909182760  0.00000759129345050  0.00000776795298852  0.00000794082025695
  0.00000811827518729  0.00000832260700710  0.00000853556506780  0.00000875520518679
  0.00000898739580506  0.00000922446906874  0.00000945986791735  0.00000969797501835
  0.00000991331164943  0.00001018057552347  0.00001045682511557  0.00001074366824365
  0.00001103656352977  0.00001133071349375  0.00001160674989836  0.00001186895334105
  0.00001214529052349  0.00001242696874866  0.00001271409621345  0.00001302034281747
  0.00001334750943125  0.00001367185516565  0.00001399902083878  0.00001434153089695
  0.00001469769604989  0.00001507455852975  0.00001549254316719  0.00001588470199039
  0.00001631687968466  0.00001677570714049  0.00001726392268741  0.00001775254031020
  0.00001824659293073  0.00001881971617236  0.00001944696418781  0.00002008404524009
  0.00002075667414241  0.00002148922164025  0.00002225965458255  0.00002306529961125
  0.00002392782529290  0.00002485562591651  0.00002588309718925  0.00002696297798655
  0.00002813331377820  0.00002938365693234  0.00003074927296523  0.00003228330275190
  0.00003400054282282  0.00003587254576061  0.00003785883213268  0.00004002439796822
  0.00004244801023060  0.00004506315405458  0.00004818048871303  0.00005153460833777
  0.00005520274253630  0.00005970404073106  0.00006562600175494  0.00007333057080107
  0.00008377972222609  0.00009742775831360  0.00011595627081120  0.00014318598704717
  0.00018405945943328  0.00025055456956581  0.00037963298300328  0.00062282102373376
  0.00125584135328162  0.00486154774657183  0.48113279585459123  1.00000000000000000
  0.00000194163046200  0.00000285069010065  0.00000343640925619  0.00000398200695656
  0.00000455382716487  0.00000513618727370  0.00000572534017410  0.00000633843583901
  0.00000699613860173  0.00000756407989186  0.00000803425582919  0.00000849605862169
  0.00000896235913809  0.00000944436252700  0.00000996179161684  0.00001045822967263
  0.00001093251682416  0.00001139390754649  0.00001183560319683  0.00001227566644182
  0.00001268921783864  0.00001310668202425  0.00001354933896650  0.00001397760901775
  0.00001448906794269  0.00001507899182334  0.00001568634685787  0.00001629084094505
  0.00001692028994174  0.00001758775020126  0.00001826213225037  0.00001894300196185
  0.00001960193206577  0.00002023315763189  0.00002087854712821  0.00002155835599178
  0.00002227798808983  0.00002304421112646  0.00002382573839421  0.00002466146429500
  0.00002551843984193  0.00002639190429666  0.00002727544875981  0.00002817456944212
  0.00002907950373683  0.00002999536800627  0.00003095987005830  0.00003200885386400
  0.00003311870770853  0.00003423193829758  0.00003540617328495  0.00003665998997169
  0.00003791072118990  0.00003912678206737  0.00004039757846146  0.00004180022717787
  0.00004335047858054  0.00004507925748025  0.00004701593104282  0.00004918061771957
  0.00005156874355557  0.00005427101682896  0.00005706287740835  0.00006008345235695
  0.00006341463690355  0.00006711364888245  0.00007123401816661  0.00007580830386221
  0.00008086361190823  0.00008658581773383  0.00009290423383879  0.00009988612009027
  0.00010763159865794  0.00011621754802499  0.00012566545610135  0.00013606480224472
  0.00014711844872199  0.00015902096312420  0.00017249038731940  0.00018859322336573
  0.00020719344274403  0.00022949657765650  0.00025639659200085  0.00028910577288783
  0.00033038731911502  0.00038147947222893  0.00044644705707917  0.00053409425596960
  0.00066375792038319  0.00087096281656324  0.00120944427760297  0.00183404049591075
  0.00354753735543263  0.01856536513167698  0.10442700744867620  1.00000000000000000
 -0.00153456034198361  0.00605136833553372  0.01318289326285488  0.02174024916580913
  0.02957126864354873  0.03708984707461555  0.04390199747623743  0.05093886270847466
  0.05820212730692516  0.06586678191693528  0.07333181733879277  0.08109490852165663
  0.08890559090571640  0.09679130111043385  0.10516829475414796  0.11457832873263654
  0.12473240336704348  0.13463491011011147  0.14425900904200314  0.15362973840482153
  0.16235281383270864  0.17104987370482846  0.18015932617945130  0.18975745912176681
  0.20031499787573820  0.21024645848475185  0.21884269223356306  0.22744867980750211
  0.23692666880692026  0.24677954387278819  0.25692284690900496  0.26625958893359397
  0.27676711898453266  0.28919861066262176  0.30161709659366720  0.31448771826718575
  0.32817336034240230  0.34175245549353633  0.35547917859625849  0.36959076976886390
  0.38395487379033072  0.39773269377427639  0.41123113947215878  0.42481141337169853
  0.43912308077575951  0.45430330217954806  0.46934171189282559  0.48397878800737598
  0.49818502196941999  0.51175816689694154  0.52494244352401509  0.53825674706545146
  0.55185549179243854  0.56563138957012959  0.57926167340713697  0.59220448498833866
  0.60436254662399713  0.61600790373906533  0.62784377951181181  0.64037128777899910
  0.65331147085047925  0.66587401823549042  0.67771608353491763  0.68950928842815451
  0.70141774902456666  0.71362372214184466  0.72558062597396045  0.73747152074055256
  0.74829724882904525  0.75773319979779075  0.76701510936838624  0.77709148359203717
  0.78702771819989370  0.79676227982839321  0.80616431584322656  0.81588001223100770
  0.82579260656624853  0.83555497024030356  0.84559682182497165  0.85569465241050469
  0.86546122779209855  0.87509293726842297  0.88456758433915939  0.89365038273239272
  0.90232907065196410  0.91086011550843216  0.91967558279436623  0.92891376673304527
  0.93836340456082989  0.94758970187252001  0.95643116711889553  0.96537091917850926
  0.97444293858605524  0.98329755025023424  0.99180512598441306  1.00000000000000000
 -0.00200974879146435  0.00814354668671161  0.01807210797198693  0.02874259860033828
  0.03991474296881325  0.04935063317248525  0.05851243709826461  0.06767986727520992
  0.07682382947938102  0.08611700906989388  0.09580863845770679  0.10527105997009589
  0.11574575870039169  0.12673556003144437  0.13813294743729557  0.14978537991424579
  0.16142743652970215  0.17326058979742268  0.18576235178553552  0.19784100823546052
  0.20927019173085276  0.21916541558272742  0.22855441164747653  0.23835099218943820
  0.24794250294919562  0.25764845557095356  0.26733162915785025  0.27692322438643030
  0.28674222537479127  0.29662092043199728  0.30654689951094283  0.31697509916161665
  0.32780262636074486  0.33891043504719737  0.34974091974574789  0.35918152928692232
  0.36800811555386986  0.37768864780648603  0.38824199639280332  0.39851781366647865
  0.40872600164139639  0.41943993115893929  0.43154413344475667  0.44342688868744279
  0.45362692839124963  0.46460320973965313  0.47506901306994204  0.48494247191462325
  0.49432275114662538  0.50397499233937459  0.51430237502530074  0.52502287179126139
  0.53587389457328682  0.54671812800216713  0.55756251551598279  0.56798038236843373
  0.57810752850185065  0.58856769420092403  0.59893521528838978  0.60933160035152467
  0.62001454354702878  0.63142438348676921  0.64321713537526870  0.65479376232796305
  0.66609073790886264  0.67648606171558145  0.68659467908593208  0.69644240809317781
  0.70630189504882501  0.71633086188887041  0.72686936267254354  0.73808884897855309
  0.74948827626176573  0.76144083186292921  0.77350407031515611  0.78562739438852414
  0.79795160866537940  0.81001440963545690  0.82167585333126947  0.83290603544183239
  0.84434946908843744  0.85600090999529421  0.86780270386234937  0.87938165937135448
  0.89110501513299345  0.90289739212149323  0.91462500457706852  0.92594125723558163
  0.93639564778758233  0.94547453104026902  0.95431338253390274  0.96371710070470817
  0.97318013581104279  0.98210154458955934  0.99076766081483558  1.00000000000000000
 -0.00213984732970236  0.00803197514245385  0.01815461952748311  0.02819055755120465
  0.03849063753068932  0.04905969042680006  0.05965700167670742  0.07003654435661692
  0.08025136328866325  0.09044858342450207  0.10072972131927341  0.11101442555250142
  0.12193109045298678  0.13326155692741043  0.14429007792746393  0.15444282001589393
  0.16433367862990197  0.17502036539036439  0.18648548726854972  0.19802181005601610
  0.20942927110652979  0.22144886614064829  0.23384318572468327  0.24599785353659331
  0.25835931130371198  0.27032734153947974  0.28188810983634749  0.29297285111066435
  0.30326937711217644  0.31330929524324858  0.32275254986012486  0.33240547745536997
  0.34192749590104426  0.35155920350462300  0.36160281200300487  0.37192594465304291
  0.38241079426690028  0.39353538530303045  0.40475958968975506  0.41566747603720666
  0.42617031657161419  0.43621362322503532  0.44640679470194611  0.45730781790428421
  0.46893525040669065  0.48172438143133928  0.49444595940494862  0.50602121859058091
  0.51661812737204793  0.52710698923758381  0.53766074118811424  0.54833286439337114
  0.55987397854863141  0.57085066214365865  0.58124738814279764  0.59105567535629244
  0.60057444390552173  0.61029767230975052  0.61994822837247643  0.63008818188081572
  0.64079125644573398  0.65105354748325728  0.66093619478971433  0.67079988445961769
  0.67975705012525944  0.68834877691990348  0.69720740308379825  0.70645338321304363
  0.71570144736914332  0.72519390509681347  0.73519429517180102  0.74544800151732726
  0.75540883836435135  0.76564119755976467  0.77585013665609992  0.78584802803030840
  0.79712803909560359  0.80777522132835322  0.81844020432409448  0.82836446149502263
  0.83932966899541250  0.85146365775379163  0.86291655683614854  0.87404930563665451
  0.88399985175350160  0.89388806013864863  0.90391806285451781  0.91452814476837463
  0.92594283901373053  0.93700415578005125  0.94834230418701071  0.95888816742793026
  0.96917093240349983  0.97904405480857370  0.98949044884302628  1.00000000000000000
 -0.00231465455713856  0.00984529799614885  0.01864483636862331  0.02851001240317309
  0.03806209874608326  0.04870427263567796  0.05958087169494979  0.06979750371305735
  0.07968571710442438  0.08995187890130532  0.10025522293455046  0.11126834028560897
  0.12261440971377612  0.13344989190859649  0.14399566318318685  0.15498268089483283
  0.16536216615256685  0.17521669122266725  0.18458675456494950  0.19428602648036922
  0.20394793101631420  0.21393262621223999  0.22383327679969495  0.23369786666529549
  0.24478218587388989  0.25618469604096111  0.26758387957505197  0.27945824048081180
  0.29083885046585689  0.30285898890678742  0.31405235070634319  0.32450873017038623
  0.33336522201083640  0.34103909322877818  0.34857467664650577  0.35686733969822149
  0.36571223343437509  0.37476210132120813  0.38496388920791258  0.39588298470453165
  0.40677637952466950  0.41803951724591731  0.42991778032402750  0.44170679591876316
  0.45333768457925677  0.46411418541846977  0.47404144882813348  0.48338035598496476
  0.49253947468369091  0.50194376621261183  0.51202053535594472  0.52224762772322464
  0.53219236990400121  0.54228322080022062  0.55275258912766811  0.56291086355876663
  0.57272253313920141  0.58285505378431468  0.59390053606950688  0.60513686148568235
  0.61726496386127361  0.62827842391714717  0.63867428168776996  0.64915681970773320
  0.65998276309600856  0.67063709855798626  0.68094100915266864  0.69172477270441968
  0.70299700750512373  0.71443454864698974  0.72597608743782172  0.73777241251504522
  0.74970357136983667  0.76125125374185898  0.77210762569873947  0.78192096346352757
  0.79157098616596233  0.80158638967374418  0.81210570623808942  0.82309240990615051
  0.83430769109070924  0.84576726038529948  0.85669337660253786  0.86671943433862253
  0.87710388664310057  0.88691041482846000  0.89678699098702574  0.90670758001235086
  0.91696387383239664  0.92752402263272760  0.93851436896235485  0.95029544176650294
  0.96283994845904552  0.97473937799045784  0.98758895390767198  1.00000000000000000
 -0.00139922955427738  0.00563039667629257  0.01308119977973363  0.02023556651422138
  0.02823706063899626  0.03628313965689105  0.04485201777589994  0.05346758020342349
  0.06184196836643235  0.07046083774593882  0.07920604565637558  0.08801962012261662
  0.09656887770599479  0.10504978892245719  0.11396103609470662  0.12311998060046726
  0.13188065634212887  0.14039546232907177  0.14929033378189402  0.15830520075646520
  0.16708119131558138  0.17596473731949841  0.18424617373633045  0.19458256154477754
  0.20518559712747853  0.21689379153867205  0.22818192269345050  0.24004764190210889
  0.25130530905749837  0.26241872478585682  0.27376518788656934  0.28548480073425914
  0.29750420908377984  0.30990780447947813  0.32254728557393481  0.33524668668119945
  0.34847727943661366  0.36146665381838733  0.37400471060862200  0.38573333794825704
  0.39696976260966282  0.40730301200273455  0.41759378173514355  0.42819437877247490
  0.43865007551646251  0.44917964184214110  0.46008293605630135  0.47329793881155463
  0.48779973883419919  0.50161052583432497  0.51475614475197362  0.52756494829393241
  0.54066442831967498  0.55419923260624493  0.56757628452691922  0.58040584960708808
  0.59254704689836069  0.60390880513030765  0.61499471479087531  0.62649376234540832
  0.63824502390015425  0.64999193595629523  0.66150216032518316  0.67375035323563370
  0.68623477928819965  0.69943888602698456  0.71203383661580477  0.72412422895206052
  0.73603194825423679  0.74786082050333946  0.75948617258684292  0.77091009903003938
  0.78210428323860948  0.79328308353200105  0.80461387181556254  0.81579919097352183
  0.82668441988298746  0.83706832132387399  0.84702342371348882  0.85672709609176001
  0.86615145460819420  0.87541734878370381  0.88453035997733875  0.89387580975746861
  0.90373234918866319  0.91342941995430604  0.92207214664478743  0.93008905183445834
  0.93834884981962696  0.94664528616964816  0.95501005043561482  0.96356558362174827
  0.97223927544029987  0.98120884376617601  0.99057951727606786  1.00000000000000000
 -0.00230774535705982  0.00930390397156275  0.01922080571348842  0.03106111130518655
  0.04177281011062230  0.05264430024453824  0.06323065706662380  0.07437197661836251
  0.08559624892112419  0.09629440727183594  0.10747245541618669  0.11919911652004883
  0.13114255546437648  0.14227377102769551  0.15264703750216035  0.16316840074461322
  0.17294245761188107  0.18268020765461523  0.19170409275626818  0.20160358598193584
  0.21139189201736611  0.22049070983568186  0.23020187151161778  0.24058607341928839
  0.25195434700563402  0.26323189294277688  0.27503309267483056  0.28695159500419520
  0.29815189557389221  0.30916018478103924  0.32047777235016195  0.33162640844967711
  0.34215393147718842  0.35252035969696988  0.36323239511754957  0.37417065399067301
  0.38501702374177255  0.39572297638692683  0.40637829754937382  0.41672373817566905
  0.42667080799058343  0.43660956293865893  0.44678260279499299  0.45737687332775384
  0.46807593920984120  0.47859727111783534  0.48886217636106932  0.49890361053730953
  0.50923544964549505  0.52032887620313717  0.53205011711867045  0.54419472324771745
  0.55628648978569306  0.56795047573857127  0.57994189356828141  0.59229138274994042
  0.60513033545538308  0.61881160557570780  0.63136798290663843  0.64273247796536315
  0.65403428077433790  0.66465448841345154  0.67392551613943608  0.68208968472667553
  0.69098406473344542  0.70020559451928122  0.71023677084828729  0.72013516686873169
  0.72982119948159652  0.74254997795368083  0.75392060754464907  0.76313351617692260
  0.77221576418901106  0.78160881265133253  0.79206973924813528  0.80217529831394330
  0.81138468999541880  0.82090515362088501  0.83015701838348432  0.83868858740392438
  0.84751143812910246  0.85712641487012775  0.86634066039592750  0.87539697860589272
  0.88456435686072354  0.89348728547563216  0.90398607900359329  0.91473843572279034
  0.92531926660335806  0.93628777164788457  0.94729869068271955  0.95794951412656659
  0.96905457465693035  0.97980383062117993  0.98998618992133625  1.00000000000000000
 -0.00171526811241723  0.00745074794290424  0.01575759401344497  0.02499233901798788
  0.03408455642472616  0.04341010102960940  0.05344602922345312  0.06346098317643653
  0.07233844515881997  0.08112423557244941  0.09052750513170432  0.09991783228234499
  0.10899434550651604  0.11762596894239197  0.12664416912819046  0.13595875772204921
  0.14602671416666529  0.15582229917031132  0.16527999434502072  0.17457139814324868
  0.18347778808547063  0.19274448306846836  0.20274119007364852  0.21338715590596571
  0.22431785794285863  0.23512618982401928  0.24572774754535964  0.25670436781331130
  0.26801874656081826  0.27897361885269512  0.28908117904540304  0.29957479001522158
  0.31035157910219680  0.32162229646714552  0.33283987796339826  0.34347994382144337
  0.35440957191187450  0.36488331001746843  0.37604843591448833  0.38697883355489654
  0.39769991403194305  0.40827661224442735  0.41873579037720676  0.43000677990746239
  0.44143380456356635  0.45332887681853595  0.46526769968138437  0.47718236359209065
  0.48856209204838308  0.49934327724075789  0.50981996869585866  0.52035499185404011
  0.53144944404347216  0.54309129784478782  0.55508007821251804  0.56642876560205846
  0.57700819175747553  0.58758386444264044  0.59792319916087078  0.60804561954922964
  0.61793731442685740  0.62858547947120058  0.64023264566038318  0.65196928804791132
  0.66341742175806362  0.67445523613251235  0.68522134994445427  0.69623596669152343
  0.70747445700527334  0.71853353173524981  0.72929655615444966  0.74017032655155679
  0.75143373698776683  0.76243302035993210  0.77290801831152589  0.78339445777088335
  0.79424684660842648  0.80581114432749090  0.81706905698869026  0.82818712296040820
  0.83925714701073817  0.84996519764358180  0.86066074587737929  0.87119563653431364
  0.88233800948459506  0.89362086763728243  0.90446265348401567  0.91439078445890665
  0.92458660337786625  0.93508595547832407  0.94583228863082558  0.95677110818214439
  0.96717771513624107  0.97823308838398915  0.98864026821871420  1.00000000000000000
  0.00012688868765252  0.00024816026238954  0.00038686293120404  0.00054558271513687
  0.00068231923819177  0.00081414892975848  0.00094266185532233  0.00106492078564180
  0.00117740493140625  0.00129628355381161  0.00141845765972800  0.00154468144794196
  0.00167586818165124  0.00181048841180395  0.00194896468181810  0.00209655068182280
  0.00225000937879462  0.00240884725677008  0.00257242731558792  0.00273688710253026
  0.00290560112910740  0.00307851418424017  0.00325590548627617  0.00344145695901554
  0.00363361649538607  0.00383382741103163  0.00404136554226134  0.00425650657410613
  0.00448413767601641  0.00472277165277924  0.00497235656646332  0.00523251559221205
  0.00549249947536317  0.00575443670590421  0.00602313149347946  0.00630411141407471
  0.00660319852484838  0.00691049296558968  0.00721166253428528  0.00752275165345964
  0.00784497301766732  0.00818922313623117  0.00854090780631268  0.00892255503688550
  0.00935154808390709  0.00980215224624751  0.01026839592913906  0.01076174391808511
  0.01127868622787183  0.01179656864884172  0.01231306905105982  0.01279938967634123
  0.01327369119607313  0.01377304477729937  0.01430937977298684  0.01490656709996019
  0.01548405756794224  0.01608672087524099  0.01668098302676323  0.01727605709662393
  0.01785125316051080  0.01840680028634345  0.01895057989927321  0.01950982373060229
  0.02007691823580289  0.02075245362305372  0.02152341143463104  0.02234582167417499
  0.02319444817504605  0.02402145856746855  0.02489075031578432  0.02578288855656585
  0.02669426212232479  0.02764827482287972  0.02870109438440760  0.02986697659319507
  0.03104673810781572  0.03229889974415543  0.03374489757158965  0.03531041975189027
  0.03687184195768527  0.03869495772272250  0.04049067573719888  0.04280359931766200
  0.04635824332378579  0.04942475705352756  0.05275774530319718  0.05655249280587080
  0.06111011811690126  0.06748113990388965  0.07608322206524444  0.08713958952428746
  0.09838941241164219  0.11458931121280032  0.14037126649360473  1.00000000000000000
 -0.00236590386065866  0.00860916012222289  0.01873076809089109  0.02888219523845742
  0.03938175110828708  0.05041690198069908  0.06111966348953632  0.07138166425811440
  0.08150679391529925  0.09168566806401740  0.10113643597746319  0.11129675980025293
  0.12124608857176872  0.13106037584944841  0.14243888867301224  0.15174455488911537
  0.16096934535851640  0.17008431938377594  0.17931279765464575  0.18861195946460085
  0.19808652359692788  0.20666078899873314  0.21671070180040919  0.22729587025788880
  0.23799385034768553  0.24914688949339986  0.26093702217803433  0.27289161709783721
  0.28438765487842638  0.29588694145294436  0.30693738243897151  0.31736812458056834
  0.32729597381799735  0.33759692744812753  0.34907050487447172  0.36019998841576162
  0.37050738637564889  0.38149019670823220  0.39301013415966218  0.40347268980604084
  0.41333822984286206  0.42356598666089201  0.43402545463929765  0.44430862931871334
  0.45464365404420115  0.46538901160115820  0.47663827135464337  0.48785799166423671
  0.49889469907099704  0.50975036588646905  0.52044593697229291  0.53121850103669166
  0.54242868338104899  0.55398900643082738  0.56611183308261204  0.57875652526666688
  0.59082162862313903  0.60205462582462843  0.61276024706530496  0.62324187041340584
  0.63349934191984947  0.64361841774968598  0.65441635112673691  0.66601823990065478
  0.67748334770399798  0.68874705308677053  0.70013902805054917  0.71160834460985034
  0.72328798691298468  0.73491690259960096  0.74754157119562525  0.75903677665966351
  0.76987689861614139  0.78117869448662924  0.79167007243406273  0.80198598146113231
  0.81220921847316363  0.82252001228675886  0.83239108672415230  0.84165057324939307
  0.85073384425731469  0.86026874953489141  0.86992519993946238  0.87941348162742328
  0.88860401072602635  0.89863971149289346  0.90959768017654574  0.92026411351379089
  0.93009479300773068  0.93940729353190822  0.94800110998526732  0.95648460420325032
  0.96547205637487110  0.97562842490113144  0.98673639339504859  1.00000000000000000
  0.06496649298530238  0.56868839767264256  0.64387731134663040  0.68593977212291413
  0.71573378598943216  0.73813644699786929  0.75604889500584826  0.77139866089418518
  0.78460829389570674  0.79636256236423641  0.80714645232411020  0.81687502262579592
  0.82558309389532358  0.83371484159511855  0.84099941207825457  0.84757295698805768
  0.85367343713475519  0.85942204342566286  0.86491168741163704  0.87020752029539183
  0.87511315624541286  0.87955324618614139  0.88376702867545487  0.88783803029537234
  0.89168296740608299  0.89520998124432449  0.89842398657372491  0.90145939283873266
  0.90453219087635084  0.90736072532736967  0.91003770078611823  0.91275809585187972
  0.91536254865882083  0.91799644672842740  0.92062846943383803  0.92311709566048039
  0.92549628064211220  0.92786428419375400  0.93014340739279922  0.93233239863614870
  0.93444982894638995  0.93646737686258241  0.93840158795093687  0.94028510515271235
  0.94207633931305268  0.94378291871617825  0.94544573995849857  0.94702842610469440
  0.94855602785713844  0.95007696171212352  0.95159881382240707  0.95307827672872392
  0.95453559696609791  0.95598962667559872  0.95737360269021254  0.95866321081120420
  0.95987674582514704  0.96106395710005499  0.96225739156884871  0.96343458659853154
  0.96461145377579693  0.96574545974779447  0.96684364023249980  0.96791502324847190
  0.96897695921638083  0.97002621221039131  0.97106526790385272  0.97209970016232350
  0.97311520363885995  0.97413648300778100  0.97518869611928338  0.97623133993327282
  0.97725915174519451  0.97824469062013297  0.97915322456332521  0.98003035783254500
  0.98089384017402381  0.98172443669977982  0.98252229008102521  0.98330948959164288
  0.98412795664775643  0.98496573751583005  0.98579311957764149  0.98660782407973169
  0.98745304076259555  0.98832384450993582  0.98922449498118292  0.99013648488583395
  0.99105299612210840  0.99198229711493835  0.99293955653542476  0.99393967483389134
  0.99496063329708584  0.99613440025453825  0.99773263505955723  1.00000000000000000
 -0.02306518189212297  0.10887316142946560  0.14565223686652684  0.16956177835236977
  0.18909401253642308  0.20506505129169816  0.21915217893154623  0.23215803915882854
  0.24420793481224790  0.25541548979525663  0.26616984490166795  0.27652107732156284
  0.28648013002825262  0.29532655082901227  0.30340736064488050  0.31105575872562907
  0.31815109721920021  0.32487859547898656  0.33127066428792229  0.33713943623799336
  0.34275362335749415  0.34839886824927985  0.35401442853474502  0.35978648071976221
  0.36548323520271631  0.37072728795637455  0.37606770991800131  0.38152529968789733
  0.38695744566065166  0.39254212896871271  0.39851068339989565  0.40483857730355299
  0.41127293159647738  0.41755457039269717  0.42356643509473524  0.42937427655325294
  0.43523674204768226  0.44124613479675384  0.44730990439097501  0.45353322085855818
  0.45994402529162481  0.46646851317878019  0.47287334011499971  0.47875922944403171
  0.48375085274837726  0.48860668061406687  0.49340816084720668  0.49869752882100798
  0.50380883474469362  0.50885923313441317  0.51398714655086586  0.51897773700992433
  0.52380201797788961  0.52852158618646983  0.53309196985683005  0.53752618657281004
  0.54210507896902993  0.54709554494522517  0.55241488168765707  0.55801435775912311
  0.56400755220099263  0.57026020416906453  0.57654665094164348  0.58270264597785504
  0.58872990801940062  0.59474820824375529  0.60074299889400906  0.60653639347179633
  0.61217177452896232  0.61799197701916653  0.62396355878491017  0.63047440757675288
  0.63763653309551627  0.64470063125647670  0.65197285992904930  0.65912264225795436
  0.66672918874041609  0.67446188489150694  0.68256628791383589  0.69042049644625947
  0.69786190215589883  0.70572604213657919  0.71402996802824370  0.72257439895645703
  0.73139491928047562  0.74052553261694876  0.75047613035430316  0.76140987044768937
  0.77311783606537388  0.78577825145558011  0.79986229421141997  0.81568222887057451
  0.83400674485654991  0.85720941961636909  0.89127283463343210  1.00000000000000000
   1.5910450927320280E-012  -1.0000000000000000     
 F F F F F F F F F F F F F F F F F F F F F F F F F F F F F F F F F F F F F F F F F F F F F F F F F F F F F F F F F F F F F F F F F F F F F F F F F F F F F F F F F F F F F F F F F F F F F F F F F F F F F F F F F F F F F F F F F F F F F F F F F F F F F F F F F F F F F F F F F F F F F F F F F F F F F F F F F F F F F F F F F F F F F F F F F F F F F F F F F F F F F F F F F F F F F F F F F F F F F F F F F F F F F F F F F F F F F F F F F F F F F F F F F F F F F F F F F F F F F F F F F F F F F F F F F F F F F F F F F F F F F F F F F F F F F F F F F F F F F F F F F F F F F F F F F F F F F F F F F F F F F F F F F F F F F F F F F F F F F F F F F F F F F F F F F F F F F F F F F F F F F F F F F F F F F F F F F F F F F F F F F F F F F F F F F F F F F F F F F F F F F F F F F F F F F F F F F F F F F F F F F F F F F F F F F F F F F F F F F F F F F F F F F F F F F F F F F F F F F F F F F F F F F F F F F F F F F F F F F F F F F F F F F F F F F F F F F F F F F F F F F F F F F F F F F F F F F F F F F F F F F F F F F F F F F F F F
  <DiscreteSampler_grid>
  grouped_processes
  1 # 1 for a reference and 2 for a running grid.
  10 # Attribute 'min_bin_probing_points' of the grid.
  1 # Attribute 'grid_mode' of the grid. 1=='default',2=='initialization'
  0.0000000000000000 # Attribute 'small_contrib_threshold' of the grid.
  0.5000000000000000 # Attribute 'damping_power' of the grid.
 # binID   n_entries weight   weight_sqr   abs_weight
    10   10   1.470437998653189E+002   1.526967575993319E+005   1.470437998653189E+002
    16   10   1.475147583231512E+002   1.537061720332756E+005   1.475147583231512E+002
  </DiscreteSampler_grid>
