  0.00198408391366374  0.01744243342751297  0.03259428774874068  0.04614494297418175
  0.05856400392987127  0.07052035524024966  0.08186586130723296  0.09300854341880291
  0.10408389920126986  0.11505446740447563  0.12617844013648502  0.13698951809205168
  0.14814763224963520  0.16005009098710324  0.17225497364041711  0.18456862596841725
  0.19587363795845975  0.20642429088137584  0.21668759374607741  0.22681234096481884
  0.23724379457147687  0.24803421009379856  0.25918290338747113  0.27052638443961818
  0.28187779897625276  0.29376373793726579  0.30598220621283595  0.31755200149430696
  0.32835816136935753  0.33874450744181045  0.34906738051176744  0.35955323759199997
  0.37033580717954434  0.38111853005867807  0.39111113707568129  0.40036808718562200
  0.40936256956906170  0.41915512952563161  0.42959139308884520  0.43990323824751804
  0.45038919591704912  0.46107822106688839  0.47216630210261484  0.48310255928469448
  0.49380295948226777  0.50459951888488797  0.51583896329359058  0.52776355003800279
  0.53951461738761675  0.54955362669636221  0.55846055807924400  0.56780331545661955
  0.57750948034037719  0.58727426331081534  0.59655874551662369  0.60569552757118506
  0.61527443353926747  0.62518514616473964  0.63480290193342803  0.64430471945793677
  0.65376435636986119  0.66394702130387551  0.67389111100188726  0.68331423582736850
  0.69313310705837972  0.70335398438911101  0.71388883067253872  0.72455201613207709
  0.73558912141370203  0.74660776639314352  0.75659307643039408  0.76655341861702109
  0.77688016882258093  0.78736182156465695  0.79812910456594144  0.80944347242222503
  0.81939186418338961  0.82894520489347789  0.83826151857454079  0.84757710234560180
  0.85733774111002381  0.86715871820719459  0.87721039743230456  0.88777954249847080
  0.89784581979740696  0.90783486394470303  0.91777814773960631  0.92756579413352702
  0.93724945690450201  0.94678457086207302  0.95625262558255764  0.96571160541032686
  0.97513850839423999  0.98402760921375199  0.99276017564454977  1.00000000000000000
  0.00934326840084181  0.01678342974819497  0.02666176041401384  0.03605742122427600
  0.04474427358298139  0.05305661123738187  0.06145594176613101  0.06986990335138847
  0.07841450183005903  0.08736791770301977  0.09600512546665396  0.10447572913327929
  0.11362365836095499  0.12257413135986998  0.13198131453692177  0.14217855469408952
  0.15360893731889491  0.16561734515309473  0.17779788727439266  0.18978940164217439
  0.20125753880826305  0.21242173969582384  0.22313704615938534  0.23355112366597219
  0.24392697068569727  0.25440449269545845  0.26491799676246963  0.27592487364078216
  0.28592183932931481  0.29565141923928945  0.30485842473501840  0.31424249581264840
  0.32429815415293128  0.33460069183940422  0.34509039714501005  0.35582749539892983
  0.36675034238265813  0.37773976308113671  0.38878162558763169  0.39963652885008516
  0.41042802311975873  0.42161308970723449  0.43286426240475412  0.44391224828813419
  0.45448064545678729  0.46485039253523180  0.47511995388053252  0.48532334862384663
  0.49556384127606523  0.50570467741936997  0.51573867361706849  0.52593808955101151
  0.53634427113878258  0.54682724437781582  0.55718593218073642  0.56769416189104616
  0.57872246097368929  0.58979694602958277  0.60130695884561081  0.61301014560832312
  0.62450573774691842  0.63467708009192525  0.64469683872567485  0.65490832908114727
  0.66561450105905406  0.67621292244905973  0.68647106576118599  0.69707581781883976
  0.70784561836687554  0.71933406621086127  0.73116538105880347  0.74258124352224675
  0.75371490619405201  0.76479109196496986  0.77575798794101969  0.78626376017866806
  0.79617240593212890  0.80551032789307597  0.81496369073088581  0.82458710959758685
  0.83464160836886969  0.84449982793777845  0.85459895520455731  0.86459288272423407
  0.87428235279178501  0.88379065675874213  0.89362308451318073  0.90408080429598903
  0.91460118770512455  0.92523128845473623  0.93634921694370787  0.94829425737845907
  0.96059026781553902  0.97164703722568746  0.98265141916307175  1.00000000000000000
  0.00060270054951721  0.02106693634743837  0.03721734780398404  0.05025167536933822
  0.06230092457491284  0.07101744068566322  0.08100140114204392  0.09188510425946651
  0.10313503754023377  0.11407522371165028  0.12504340981419365  0.13643858541234274
  0.14817203965512843  0.15993336999575083  0.17187382203966761  0.18373034416968478
  0.19526225718743781  0.20672570859834138  0.21845848353232053  0.22982131830890415
  0.24036741800101499  0.25100384634845629  0.26273112686928163  0.27496711841671273
  0.28659884456817863  0.29773726707545389  0.30792210279118915  0.31759271794619648
  0.32685398970999308  0.33705246966884372  0.34795503172608394  0.35910701564884479
  0.37020587052862991  0.38139453576387389  0.39221645250331749  0.40269104762850366
  0.41327972813087338  0.42367646501570061  0.43451943892190925  0.44588693952049913
  0.45755178564639343  0.46978505852890157  0.48182479871783562  0.49360841991915588
  0.50516012520394060  0.51616242483398411  0.52630953132344038  0.53585130664850167
  0.54519839755118893  0.55427963514986689  0.56362028798036368  0.57324290671589739
  0.58237825027641421  0.59114013824447320  0.60000441472480948  0.60934782366430973
  0.62059216559442076  0.63223887360830622  0.64314880458133816  0.65311133364950669
  0.66288967264337895  0.67255518945792359  0.68229483512896649  0.69219165211119627
  0.70268296599213420  0.71254403692304846  0.72158628343353770  0.73044977817017620
  0.73994489065236313  0.74967764191120845  0.75946231788553564  0.76907461226063789
  0.77928041411553806  0.79011812390022551  0.80120059776818542  0.81231703565926516
  0.82278059362705391  0.83297886645754649  0.84338380821713776  0.85387454315110556
  0.86395359003523631  0.87376770106418356  0.88326070127001310  0.89281746610504897
  0.90208253410543682  0.91141725592774003  0.92060536117021752  0.92967197974668836
  0.93888166021856534  0.94840598839704826  0.95763924324586847  0.96721859362919216
  0.97653705005562585  0.98508066718542331  0.99270106156365312  1.00000000000000000
  0.00000461294313427  0.00000486965633682  0.00000503919067603  0.00000522595431849
  0.00000544257791195  0.00000566355376327  0.00000586426790410  0.00000606638484372
  0.00000628406743691  0.00000650560754732  0.00000672647869714  0.00000693696887419
  0.00000712239242916  0.00000731801044831  0.00000752078385914  0.00000772081311143
  0.00000793169102583  0.00000814817236651  0.00000836139838050  0.00000856728034758
  0.00000877067098666  0.00000898002018287  0.00000919968536947  0.00000943018741648
  0.00000967376623482  0.00000992765959422  0.00001017393203216  0.00001041308652345
  0.00001066347034593  0.00001092003349269  0.00001118399422381  0.00001145257275513
  0.00001172969222040  0.00001201768079423  0.00001232571728928  0.00001263800987574
  0.00001294099505643  0.00001324110148491  0.00001354584986038  0.00001385624011481
  0.00001417374140623  0.00001450631387932  0.00001484554336988  0.00001519132247786
  0.00001553725761014  0.00001587922122127  0.00001623096651731  0.00001661323574696
  0.00001702281248711  0.00001744354614937  0.00001788513603969  0.00001833794900571
  0.00001885744832055  0.00001938880620558  0.00001991312774164  0.00002042968626976
  0.00002098961312225  0.00002160770556304  0.00002226580287517  0.00002296552085852
  0.00002369922827854  0.00002448434213510  0.00002531298536276  0.00002618524211339
  0.00002711850395459  0.00002816716566523  0.00002925300002572  0.00003037323345730
  0.00003155901940829  0.00003290070596197  0.00003440042649060  0.00003596909059881
  0.00003763860547514  0.00003941460750481  0.00004141557238583  0.00004375336966792
  0.00004635460457383  0.00004923391797013  0.00005253569944565  0.00005654874755518
  0.00006108563120557  0.00006624213324636  0.00007282672889014  0.00008171951302546
  0.00009444300020600  0.00011183741849733  0.00013477070822837  0.00016783622080540
  0.00021717568161543  0.00029600599722788  0.00042481852778865  0.00067691561260893
  0.00127505603825950  0.00397632496471613  0.26508651940169742  1.00000000000000000
  0.00000005673447830  0.00000066892994059  0.00000104052678204  0.00000143180006822
  0.00000194031350440  0.00000241980859234  0.00000287653198516  0.00000330068931709
  0.00000372563489990  0.00000419390751130  0.00000465703021190  0.00000510265466887
  0.00000555426377909  0.00000599070006750  0.00000640979075294  0.00000680296812036
  0.00000720593447818  0.00000765292281078  0.00000815994241184  0.00000868581624432
  0.00000918060205147  0.00000968061747559  0.00001019341157824  0.00001071962903050
  0.00001127505373458  0.00001184375703407  0.00001239308091703  0.00001297541237094
  0.00001354791179120  0.00001411788039576  0.00001467646501625  0.00001523034644606
  0.00001580310208638  0.00001644156510500  0.00001716688158089  0.00001788660534253
  0.00001859011658969  0.00001928910093120  0.00001998616319422  0.00002066769058777
  0.00002138939626210  0.00002215897105465  0.00002296808602792  0.00002383678894869
  0.00002478466984894  0.00002578590137827  0.00002679691702158  0.00002786711068414
  0.00002900271988923  0.00003017652450929  0.00003140730755876  0.00003274034653668
  0.00003408669328058  0.00003541051609227  0.00003678804554718  0.00003829969783875
  0.00003995883575103  0.00004173528399686  0.00004363860031061  0.00004569162517866
  0.00004790889772490  0.00005033162472147  0.00005303718986568  0.00005606845028343
  0.00005940892935410  0.00006308825216952  0.00006704894119070  0.00007138174705544
  0.00007621079561166  0.00008158111492871  0.00008745591960292  0.00009395624675088
  0.00010120564101494  0.00010928131757172  0.00011838020548337  0.00012867241901798
  0.00014017749166110  0.00015374154172473  0.00016949964266398  0.00018753909832678
  0.00020815263448001  0.00023180400332231  0.00026045330310134  0.00029644518068911
  0.00033859308017158  0.00038819956124062  0.00045007303123936  0.00053528342802386
  0.00065024383585770  0.00082275466644843  0.00108484572954088  0.00160757053860919
  0.00282202878973670  0.00655676696270037  0.13486685635205944  1.00000000000000000
 -0.00199905363135744  0.00687094966856272  0.01486128612111436  0.02317453615984168
  0.03165883784695212  0.04025333387021644  0.04866479076855154  0.05697296774635419
  0.06562383083803254  0.07487005785176466  0.08418370539527947  0.09258288009173321
  0.10113954402944743  0.10995550487400199  0.11911406010245619  0.12864768436948523
  0.13863294314804495  0.14900498826157971  0.16026824602303422  0.17154330670634907
  0.18305537573309527  0.19363153894075744  0.20394444413280227  0.21451161825340315
  0.22463428946877639  0.23424324147415035  0.24346805963322576  0.25266567421473840
  0.26254977836166909  0.27324479494062504  0.28476513976528217  0.29627857303764382
  0.30765797352890012  0.31943255367291518  0.33179674789539426  0.34376142095155127
  0.35512378265616268  0.36591138077580027  0.37630977126750959  0.38663041917736546
  0.39721545489924376  0.40803196269280656  0.41918673108032833  0.43206731971750201
  0.44373161669859279  0.45454973657243303  0.46630599842357562  0.47870052618314229
  0.49007176013642834  0.50131624381841111  0.51423571272540447  0.52836042847310161
  0.54252988965764959  0.55645923190713553  0.57039274528939921  0.58414250409137425
  0.59708966301650601  0.60924330251981840  0.62137304696541928  0.63424802879830067
  0.64710885790842387  0.65970766165450700  0.67241491510859119  0.68549608587091271
  0.69854051201910750  0.71168922738538509  0.72455847493518999  0.73609286867463142
  0.74662512146584570  0.75717804907248509  0.76784640714937291  0.77784337280304172
  0.78720493360212462  0.79666589317017145  0.80698028396859223  0.81764915673599015
  0.82831343718258676  0.83878330490317099  0.84894574991760074  0.85876147063671493
  0.86790824470141081  0.87679507614911256  0.88607335448709401  0.89600563267182365
  0.90627125958382326  0.91633640330411237  0.92641634598682254  0.93617272342543167
  0.94517014306323599  0.95357046355844355  0.96166622127284496  0.96957213792698338
  0.97730376570488264  0.98485306288042873  0.99232778117555742  1.00000000000000000
 -0.00210216285795809  0.00840435760781701  0.01872083187070890  0.02957333884503423
  0.04122100162209072  0.05288319007414857  0.06424096907552296  0.07570582562351523
  0.08684897882275015  0.09797277392197609  0.10855700211378937  0.11807202006787361
  0.12715395333161733  0.13594470383597662  0.14531532005698872  0.15475342774300907
  0.16411652159829815  0.17390539805006577  0.18383445229394160  0.19416701762301822
  0.20488292350320772  0.21523241058802570  0.22573391286630159  0.23736354910942720
  0.24895650973874381  0.26023244253705718  0.27111837815304041  0.28232195358654888
  0.29370921857253734  0.30469509254035365  0.31543861897758779  0.32594231453415295
  0.33639580525556123  0.34722589126463543  0.35823625158069439  0.36911063100878833
  0.37976069054975820  0.39023772945136487  0.40075256605113901  0.41108031371500853
  0.42142195183741887  0.43193138933065939  0.44250245696068558  0.45286765023138026
  0.46350370934128077  0.47471750120395112  0.48630852477754777  0.49760617254298989
  0.50865272670626882  0.51945343926173737  0.53052789312079307  0.54131591056633210
  0.55157503776739658  0.56121125685043083  0.56963052387579260  0.57789213671964590
  0.58642601608465239  0.59583532008823314  0.60485503938491414  0.61418647142175997
  0.62374387711787360  0.63385983226222853  0.64449959930111700  0.65532651852059420
  0.66662785378517231  0.67821857810258057  0.68910203797960135  0.69903153051648592
  0.70838251954636799  0.71831800525687295  0.72941071051465789  0.74091428729850772
  0.75168444277381063  0.76220012395358860  0.77318124323633275  0.78483059101051877
  0.79661171643990969  0.80802431957130427  0.81915740856193853  0.83005870524035708
  0.84040232971525719  0.85055145484800043  0.86115882708653257  0.87225736467957737
  0.88359897167789658  0.89494551651051812  0.90514896522685040  0.91521826070127166
  0.92498915047839936  0.93558719350351638  0.94544327569114683  0.95565804183059899
  0.96569756959579334  0.97667387690985052  0.98801659322121715  1.00000000000000000
 -0.00282427575571832  0.01111239553166283  0.02289927563132722  0.03479812590269989
  0.04575359238387371  0.05623863073478722  0.06662820630940797  0.07759076424969850
  0.08824449164459604  0.09861462245567171  0.10920766606608508  0.11999386654821043
  0.13088245321295727  0.14172825723977514  0.15288153422354922  0.16408781030640207
  0.17486711113987272  0.18535922048525280  0.19593743641429490  0.20660037870957559
  0.21738210272624467  0.22859343119335418  0.24052232327043130  0.25318676179347771
  0.26627872195675295  0.27951542798753282  0.29213388244348931  0.30317589432882586
  0.31399322414322750  0.32434405011237916  0.33506594093834219  0.34474965285176934
  0.35466968535889493  0.36479196131613312  0.37550068898056466  0.38582193668095327
  0.39615894146375180  0.40636655459930499  0.41630441358374404  0.42609984731471195
  0.43576091325787691  0.44567008556299265  0.45571735726785995  0.46613638667397805
  0.47652351167687079  0.48677257063935053  0.49699938707781227  0.50734541845774983
  0.51769015739212065  0.52801497596076763  0.53870831181221124  0.54998570807867564
  0.56178609341347874  0.57365174583902379  0.58506123343665517  0.59557723698522513
  0.60603249183164332  0.61656277574743934  0.62665104408156058  0.63635955594841109
  0.64602316984768093  0.65561740090020515  0.66534228003008955  0.67544586352906000
  0.68550980229794212  0.69491584211308699  0.70375113635225217  0.71265524685625492
  0.72198594792360549  0.73166526438486668  0.74153263819179371  0.75108358641183603
  0.76144596149651200  0.77179420246397168  0.78154007058247277  0.79153067054751092
  0.80018837146105481  0.80989002203189553  0.82013401272348374  0.83032817820359184
  0.84014256027482281  0.84961403904634913  0.85954497795112006  0.86993381743931886
  0.88052878210796792  0.89104555997806523  0.90325750126678905  0.91409305047644895
  0.92643464294266242  0.93828471060872543  0.95087512516776151  0.96230105009897937
  0.97214922099434165  0.98155823766074002  0.99073286605067445  1.00000000000000000
 -0.00197829004032849  0.00819670755647938  0.01809881666205779  0.02801493162603814
  0.03865789827064076  0.04890145068212130  0.05865203223763008  0.06877760903182546
  0.07909021291407099  0.08915616313029026  0.09904733968969864  0.10951445903357615
  0.12100260403460572  0.13295880026903462  0.14459094011703350  0.15605275760874029
  0.16731277921141846  0.17830938140552879  0.18931403088889828  0.20081988862713779
  0.21123096068279268  0.22066021517634224  0.22966818861413804  0.23879195345088022
  0.24786187921405151  0.25700069986845336  0.26652817190988787  0.27727162735103744
  0.28865927106697920  0.29958377044778783  0.31011903596131241  0.32000648777247698
  0.32969710027871152  0.33966979754836424  0.34992695128908163  0.35997114345359554
  0.36965930014588877  0.37949782058376608  0.39002111802508005  0.40129212482751664
  0.41312001380622998  0.42521300587757888  0.43694155544175511  0.44802989480722494
  0.45875243638720564  0.46879378468600885  0.47854935445310809  0.48801980514550475
  0.49765955138379930  0.50760770985479564  0.51755212345636659  0.52767023057218809
  0.53809564870101545  0.54909120322849037  0.56039471700086341  0.57154021906073138
  0.58265296474171868  0.59383392759171438  0.60539722366846871  0.61710617416980007
  0.62932614635746542  0.64123602691555415  0.65266542492327562  0.66339823273321619
  0.67392995069713169  0.68467032262346827  0.69513217492225698  0.70562842590747088
  0.71552241962873753  0.72516072319887548  0.73494323024768382  0.74471662448064724
  0.75479088957274054  0.76482849242299711  0.77545898700885008  0.78704958067630160
  0.79819400960540943  0.80829616461554177  0.81787752713275197  0.82734809673926579
  0.83722014005992740  0.84735348882447448  0.85802524085857512  0.86921701576916766
  0.88003803895437283  0.89038759586863681  0.90098559680137413  0.91180902863550206
  0.92269223294366687  0.93332056640767569  0.94386548610398657  0.95471971859068450
  0.96503073723809174  0.97633868108461896  0.98760397281065904  1.00000000000000000
 -0.00207598182990054  0.00784797217145079  0.01638954914985641  0.02429732962140051
  0.03199999857979206  0.03967110597275301  0.04731666686206303  0.05524112450827179
  0.06374377512326114  0.07287144181040689  0.08207458595878366  0.09107502850192256
  0.09976197262688724  0.10826561675381766  0.11730691749594770  0.12713810114239490
  0.13766119024605072  0.14815361296304275  0.15781277390307283  0.16742167071264269
  0.17659797578484770  0.18602422399500609  0.19558656907369745  0.20527549409613646
  0.21500705884418386  0.22482850536942392  0.23519864155481843  0.24656241814443894
  0.25839700056923215  0.26997148341277138  0.28134873975942171  0.29346311967476402
  0.30583959491283075  0.31785554537281502  0.33022655237810267  0.34336824621788348
  0.35769087115615922  0.37247328927840101  0.38703096365211509  0.40140124847680270
  0.41509199712760908  0.42810864498442680  0.44122039249353245  0.45443833306124076
  0.46737918265662076  0.47974026233727057  0.49249742144820713  0.50545525561038873
  0.51803107643633151  0.53048586684002830  0.54322165890169327  0.55669587209899862
  0.57044268823465272  0.58400466449168886  0.59748239685043125  0.61093489691936187
  0.62391800064341219  0.63618348076657394  0.64788066919373277  0.65931630454687939
  0.67029150069893717  0.68055948587733495  0.69043504373250109  0.70007787713341774
  0.70970275823459616  0.71970368014168995  0.72998290681894717  0.74073546280420122
  0.75112671637771244  0.76203384312731015  0.77291032050471831  0.78384227937835127
  0.79506330336362718  0.80567566002379642  0.81589873590343498  0.82586588342524059
  0.83570649362011284  0.84574300114620771  0.85534577487376107  0.86435566367352390
  0.87291077917614890  0.88082416728074131  0.88871197383914891  0.89721518512872689
  0.90587695771184784  0.91434754976414601  0.92336046126080706  0.93316220313469989
  0.94253345808887701  0.95109409392160882  0.95935960973066037  0.96736346426173858
  0.97505291331607635  0.98326662135969223  0.99092856190998735  1.00000000000000000
 -0.00238608584845260  0.00982052791389187  0.01961896425052407  0.02919044708609263
  0.03799578435784291  0.04661834522502051  0.05561919283771426  0.06530719553507437
  0.07660854257487967  0.08840331176040947  0.10007077064342651  0.11174710500799526
  0.12278245858106901  0.13392243394611308  0.14486590154962703  0.15557391468535980
  0.16614595777896987  0.17665901922317387  0.18748547359609921  0.19818983877008595
  0.20956767922540104  0.22129170553359595  0.23250623766794340  0.24305877085424846
  0.25336242885740479  0.26368821740703652  0.27462616188754152  0.28502368961436636
  0.29586266595100752  0.30672188505431508  0.31715736866334615  0.32685629211691969
  0.33751088185612416  0.34844219187588321  0.35966138128936220  0.37010266655754387
  0.38178223616253765  0.39334670885385775  0.40455978237794310  0.41542993048384369
  0.42603311324105247  0.43615747210848388  0.44585599646627977  0.45560069755584864
  0.46442814298881913  0.47306264672651055  0.48135553648513230  0.48946708816343398
  0.49779788441602085  0.50702800613140198  0.51674810424016004  0.52746060721913057
  0.53924489889226634  0.55069564344144672  0.56222832216306151  0.57412358858966583
  0.58577549924015937  0.59672684995930247  0.60738534312246895  0.61808720638310255
  0.62886392374689604  0.63959036206741382  0.65098925398225360  0.66303082959594373
  0.67427054008208309  0.68463291564239515  0.69431023855496654  0.70364600274948530
  0.71288259337577020  0.72213730776990359  0.73106648890960968  0.74004063713715407
  0.74925684904152456  0.75977164967633282  0.77037100535739877  0.78035438688116376
  0.79007576871308405  0.80024870105158341  0.81104142292727333  0.82190128733169887
  0.83311557163329708  0.84475235852155339  0.85610115343431747  0.86704858783885308
  0.87770138129746600  0.88817308214262958  0.89887196047777895  0.90964314638897303
  0.92028564455190986  0.93100838490381443  0.94208995527959583  0.95361858771429830
  0.96550031370835021  0.97705501538685702  0.98864723456575099  1.00000000000000000
 -0.00239083606507843  0.00882018043936935  0.01901112494419753  0.02887745917232594
  0.03945168921459687  0.05074497610749910  0.06270049510693848  0.07429069144109517
  0.08594885721827235  0.09771030595848075  0.10925884080260180  0.12046562250385918
  0.13119017719147766  0.14161124409751147  0.15243036717869612  0.16337066097796640
  0.17374003483161202  0.18327687920283217  0.19231569005570143  0.20128016657161216
  0.21086531045304355  0.21995514818083689  0.22865713970307364  0.23783720540960512
  0.24752570621539516  0.25857556953395439  0.27077022851527921  0.28266057162130082
  0.29382859224326058  0.30456087574750484  0.31446423916970495  0.32404525342194174
  0.33444813490056385  0.34604254573839588  0.35802356185035550  0.36987860813604140
  0.38138645688144862  0.39275243755410044  0.40402185734532864  0.41467472418995394
  0.42506554061281765  0.43556801471723067  0.44617543218899175  0.45659852632531706
  0.46702265751751765  0.47744365135712535  0.48759788405277116  0.49801601466091538
  0.50883440355836340  0.52004006844460993  0.53080284740250061  0.54173431532220939
  0.55330587918379992  0.56497020774918594  0.57647148496855893  0.58693796745056626
  0.59763465621775225  0.60831676803978307  0.61901864932732797  0.62960066411517335
  0.63954972846358704  0.65004322067870379  0.66150781256549818  0.67368966230695149
  0.68521873052230486  0.69646970024039800  0.70709560997487841  0.71742285601257583
  0.72773968112520782  0.73740442925518879  0.74681227369044134  0.75689288005985000
  0.76657910122920370  0.77619125758280261  0.78624163611378517  0.79682702535976890
  0.80814621390058494  0.81793334122961514  0.82730798291390806  0.83700841188599417
  0.84630076485067374  0.85543518005942665  0.86457808019953608  0.87407030275734898
  0.88411380271309770  0.89507377397079713  0.90550039371043123  0.91586744238090356
  0.92599510723931644  0.93650507398942384  0.94745142357328227  0.95820136069941242
  0.96847322174651707  0.97860651794083964  0.98914949269195773  1.00000000000000000
  0.00009824602193285  0.00027991337840358  0.00046880459277249  0.00069132100469533
  0.00088286605988515  0.00103026103870459  0.00118666263832460  0.00134691566179291
  0.00150316505063148  0.00166453718457388  0.00183040780394325  0.00200322993975068
  0.00218171280370638  0.00236398360953444  0.00254973368523511  0.00274083502699173
  0.00293658778448524  0.00313757779364350  0.00334452373483708  0.00355993853499524
  0.00378605367396239  0.00402471071634743  0.00427541653581663  0.00453267381646577
  0.00479380558917203  0.00505619172625546  0.00532366066544543  0.00560049203905065
  0.00588643700924975  0.00618489563718414  0.00648358178363616  0.00678851455175112
  0.00710116014872412  0.00742365494576227  0.00775666038723757  0.00809990658360709
  0.00846211450126681  0.00883359369027417  0.00923033922506012  0.00962967952591167
  0.01005022030105020  0.01047611003277512  0.01091196487150303  0.01136345152876916
  0.01181605392931535  0.01227422137788473  0.01274004093155014  0.01324050245943321
  0.01378502369904638  0.01435202602605690  0.01492493126537437  0.01549215372928915
  0.01605030849668822  0.01662404067212150  0.01724250761948238  0.01787567843118192
  0.01850755138451825  0.01914226798945489  0.01977601785548701  0.02039939771719934
  0.02103200196695321  0.02175820915276145  0.02252575619361411  0.02319619395477134
  0.02392533757243562  0.02470997808031091  0.02552976353196856  0.02636980961129736
  0.02723065966399261  0.02813547650158343  0.02915551202966591  0.03031216873139471
  0.03126443837025551  0.03225333073560459  0.03338503768520342  0.03472457406821925
  0.03614318554376897  0.03762541581350176  0.03892967105782427  0.04015722949370074
  0.04163089139372683  0.04365551557433592  0.04620058799041562  0.04878313135181224
  0.05140021837202512  0.05465685413221057  0.05830035170732718  0.06082246027760374
  0.06416386756382904  0.06966425122952918  0.07593347446969327  0.08646200418210401
  0.10389237906696215  0.13217361762661392  0.53179027109042065  1.00000000000000000
 -0.00210894372603122  0.00822221882407613  0.01773858303979380  0.02824120356403998
  0.03839548339279039  0.04731309234355797  0.05660844176485896  0.06580297925945622
  0.07671452994616880  0.08810628074509580  0.09873860803708677  0.10937594519124295
  0.11981575154699982  0.13037692970551237  0.14112001640792410  0.15201096467644803
  0.16277660825443702  0.17331908113485894  0.18346436784813455  0.19333966765912311
  0.20311059320522071  0.21299000950027899  0.22310890159976329  0.23316958456308021
  0.24338962501454073  0.25371464563859508  0.26373228347756389  0.27345017186684323
  0.28288610337693154  0.29233575244985993  0.30211893642300164  0.31235831121995217
  0.32330507334052805  0.33509970411975215  0.34740948981228303  0.35913349182834220
  0.37019749605284219  0.38112133827709471  0.39162577738440024  0.40159988451190620
  0.41158822194462552  0.42257609763565424  0.43353345278049454  0.44416896312364873
  0.45466248457667197  0.46615313057606578  0.47867937214134032  0.49147502038652557
  0.50487631653195009  0.51772732726256443  0.53088325810916892  0.54319590268985740
  0.55416021337439714  0.56495926471692115  0.57540831841301088  0.58628604830368536
  0.59698434439920645  0.60896341294234169  0.62128308471475491  0.63390610588374585
  0.64630999804651668  0.65821504419816956  0.66963439109769574  0.68064133662808857
  0.69101592763028075  0.70096626448238708  0.71140120800617390  0.72230120380613960
  0.73239747250101761  0.74133498235899753  0.74983248313976003  0.75851897476457431
  0.76729636039388827  0.77592022483979539  0.78494645864340340  0.79437230332169684
  0.80512285175461706  0.81585901339006639  0.82503022682268268  0.83515035949954353
  0.84462758979455876  0.85434179381614817  0.86386604007532719  0.87375424034428928
  0.88402850692257007  0.89400421262364738  0.90406064378254170  0.91440769211280315
  0.92490372278381716  0.93541355190353970  0.94629151500711683  0.95700147939795621
  0.96773361436211525  0.97818235546036292  0.98887412617990189  1.00000000000000000
  0.01154745979665732  0.57367505810151898  0.64451445210284952  0.68580924043451952
  0.71490896293077755  0.73686210785511519  0.75408280441765485  0.76974808168657760
  0.78308677195783938  0.79494860302886616  0.80533127178462049  0.81464919391869206
  0.82293821645701437  0.83043138819652496  0.83731519547777378  0.84364936017295844
  0.84955084219358556  0.85498528511277949  0.86003547383738277  0.86489078444394762
  0.86952233864727591  0.87392576083953843  0.87798429677725842  0.88192897587004071
  0.88589749771515514  0.88972144456733482  0.89351985036839099  0.89706270195723437
  0.90023788720910747  0.90320474197347000  0.90611011703163669  0.90894614052340850
  0.91178363230785087  0.91451956939717827  0.91714537731686729  0.91957071519782574
  0.92189851095211872  0.92409410683667692  0.92616658799498452  0.92820950957564885
  0.93024714452310320  0.93227194182825457  0.93425437128819255  0.93616695565587282
  0.93797169145172388  0.93971781754861139  0.94143998852263699  0.94311834007771267
  0.94475560488337162  0.94634900146555023  0.94795600824065884  0.94953640845604581
  0.95107697234110478  0.95262029715768715  0.95420533282804598  0.95572229917345186
  0.95719712032817683  0.95859366349482134  0.95988097638484327  0.96112580428186123
  0.96238050548847442  0.96364926430905429  0.96492416936326075  0.96620239820971221
  0.96749057771920532  0.96874019619171892  0.96994709637180032  0.97112602727266539
  0.97230669580952001  0.97341135288596292  0.97449615520933397  0.97554602545041591
  0.97656484571337032  0.97756358107635188  0.97853383945720307  0.97945519300894746
  0.98035738075809187  0.98124136477282498  0.98209841055067992  0.98295315928307081
  0.98378642625168644  0.98464781364267029  0.98556158715557385  0.98650797056580730
  0.98747178861411389  0.98845987626833087  0.98943538574375056  0.99040972776567160
  0.99136294473730502  0.99229897721081073  0.99324375575513435  0.99421181459890096
  0.99520214057324063  0.99636655894341242  0.99791549212569186  1.00000000000000000
 -0.02364697612690875  0.11214714861023592  0.15077173182364470  0.17454601473178685
  0.19343956722036079  0.20931694729621744  0.22287551895427393  0.23477042942972731
  0.24564668120451028  0.25550906560926212  0.26485935009291406  0.27370223717199260
  0.28225405790809177  0.29068943961571542  0.29940568608334583  0.30861950350221246
  0.31774136359261307  0.32617150409328738  0.33376556961601794  0.34094417469596455
  0.34814276735565480  0.35484991367678376  0.36112820841158161  0.36721883691379398
  0.37306183103294915  0.37878349559022351  0.38457994308088495  0.39062534065854215
  0.39663260275086670  0.40235301413017027  0.40794264175848427  0.41341957394906204
  0.41891063804438028  0.42442193206598694  0.43009789690111833  0.43588953180618373
  0.44163609203421278  0.44725848871704704  0.45279738390148500  0.45833706205583602
  0.46373915715017927  0.46906856792429291  0.47434329563731398  0.47954540619055930
  0.48467438950536473  0.48966655539929937  0.49457167815904773  0.49943144456284755
  0.50429482947910897  0.50907381662350126  0.51377875641960635  0.51870165866895079
  0.52403906453534921  0.52972152821156315  0.53552889389085445  0.54134282297684766
  0.54717003430302547  0.55308369813168456  0.55903847098786108  0.56484228197689634
  0.57061687488258450  0.57655876372131531  0.58271553666688169  0.58919848646403150
  0.59593020250458362  0.60262339490492245  0.60904596106526754  0.61530377034311490
  0.62132632991216208  0.62720430957918361  0.63347663100697738  0.63999652306665533
  0.64659077258459818  0.65311935655091757  0.65955361884527874  0.66626926244220130
  0.67342277164513986  0.68093478104311833  0.68888923999742768  0.69746468524593930
  0.70637397524968792  0.71476693423895055  0.72270764284005440  0.73066584656496003
  0.73894021913594732  0.74757422787372418  0.75617493435959282  0.76462149007792579
  0.77433210128771091  0.78554615195467314  0.79775373762024127  0.81168981633001336
  0.82905097765875213  0.85390000395862897  0.89250062475961622  1.00000000000000000
   1.6214086740867677E-012  -1.0000000000000000     
 F F F F F F F F F F F F F F F F F F F F F F F F F F F F F F F F F F F F F F F F F F F F F F F F F F F F F F F F F F F F F F F F F F F F F F F F F F F F F F F F F F F F F F F F F F F F F F F F F F F F F F F F F F F F F F F F F F F F F F F F F F F F F F F F F F F F F F F F F F F F F F F F F F F F F F F F F F F F F F F F F F F F F F F F F F F F F F F F F F F F F F F F F F F F F F F F F F F F F F F F F F F F F F F F F F F F F F F F F F F F F F F F F F F F F F F F F F F F F F F F F F F F F F F F F F F F F F F F F F F F F F F F F F F F F F F F F F F F F F F F F F F F F F F F F F F F F F F F F F F F F F F F F F F F F F F F F F F F F F F F F F F F F F F F F F F F F F F F F F F F F F F F F F F F F F F F F F F F F F F F F F F F F F F F F F F F F F F F F F F F F F F F F F F F F F F F F F F F F F F F F F F F F F F F F F F F F F F F F F F F F F F F F F F F F F F F F F F F F F F F F F F F F F F F F F F F F F F F F F F F F F F F F F F F F F F F F F F F F F F F F F F F F F F F F F F F F F F F F F F F F F F F F F F F F F F F
  <DiscreteSampler_grid>
  grouped_processes
  1 # 1 for a reference and 2 for a running grid.
  10 # Attribute 'min_bin_probing_points' of the grid.
  1 # Attribute 'grid_mode' of the grid. 1=='default',2=='initialization'
  0.0000000000000000 # Attribute 'small_contrib_threshold' of the grid.
  0.5000000000000000 # Attribute 'damping_power' of the grid.
 # binID   n_entries weight   weight_sqr   abs_weight
    10   10   1.169705008325308E+001   5.594359000505924E+002   1.169705008325308E+001
    16   10   1.177814131961958E+001   5.689142878768555E+002   1.177814131961958E+001
  </DiscreteSampler_grid>
