  0.00237939928387598  0.01501349862819466  0.02818733845513744  0.03549327370168595
  0.04320900018535529  0.05083825090290391  0.05803099271407220  0.06579598419145449
  0.07620823952545912  0.08671019032732567  0.09740159795418503  0.10886595902426961
  0.12088128270009380  0.13218601707913907  0.14297605303840608  0.15365441448813166
  0.16395841938367497  0.17411121046132472  0.18427622142293412  0.19513555133317673
  0.20630516049238459  0.21686526468408560  0.22760415810327975  0.23892180376559802
  0.25103312228717628  0.26298102549737179  0.27459711382572927  0.28604716735624980
  0.29771652849756863  0.30986132576668712  0.32141333179743597  0.33208969167162694
  0.34228054388926893  0.35223083807498151  0.36211203205928888  0.37194975484610143
  0.38219988907712821  0.39318885126209119  0.40393707704747250  0.41443692914625657
  0.42462451747711055  0.43493053215399230  0.44494932556497785  0.45474846146045211
  0.46434212609387299  0.47441869046809082  0.48492696340000285  0.49580903813639499
  0.50590073743853281  0.51550729447395705  0.52511697333882423  0.53533021209645082
  0.54576005360860713  0.55594273689276452  0.56613108479653929  0.57632392078753303
  0.58684050040866798  0.59715406695550799  0.60718388088005115  0.61836811050074014
  0.62937115151328149  0.64021635855532266  0.65180118484701244  0.66303420977103489
  0.67422904817608642  0.68481504965420259  0.69590587616058597  0.70731692184388606
  0.71961649856318521  0.73082068497902042  0.74202805608528610  0.75280128220016340
  0.76370789329381661  0.77344115994280560  0.78266016142198436  0.79235878352928468
  0.80285118899808472  0.81344612015795748  0.82369238040788750  0.83387505809677931
  0.84445648033886012  0.85542390065546936  0.86647315141522885  0.87731058604914536
  0.88816503687060289  0.89925481120068795  0.91004177610595260  0.92074970498180353
  0.93177965141204311  0.94327388811852575  0.95423781380414052  0.96474785289544596
  0.97537833582991595  0.98477628254311378  0.99276597484386320  1.00000000000000000
  0.00296543813198960  0.01398764279080972  0.02615567438440321  0.03759521470997718
  0.04858840165400920  0.06003235411980746  0.07185276228091260  0.08308471904871723
  0.09439505781356107  0.10536132806702157  0.11673134640168387  0.12870563803265700
  0.14133823104359020  0.15345204564372358  0.16514907740704046  0.17683595226240009
  0.18849911228571939  0.19972166976291630  0.21067320481837148  0.22133391159649191
  0.23187869599200037  0.24288827858811324  0.25429670364120405  0.26561363599718030
  0.27665071834369603  0.28769599342334151  0.29884888598284221  0.30966609016801405
  0.32059761859849284  0.33190851907992608  0.34396383547930653  0.35558167476697916
  0.36642036489049773  0.37682140973676731  0.38771297302428298  0.39882766435627331
  0.41031220952512576  0.42034429375263199  0.42997463971545835  0.43979112322754327
  0.45007732520155763  0.46006447869490619  0.46995768598842436  0.48024866322688076
  0.49123883957850739  0.50276872357089331  0.51387992776394209  0.52439521128956523
  0.53461589591799197  0.54544870744447416  0.55718439647755391  0.56887477980618051
  0.57661771212624435  0.58357476549695197  0.59025345403401530  0.59667712817583773
  0.60359865568180282  0.61301216639527345  0.62386063969038263  0.63432994726489023
  0.64489243370151250  0.65615805745222699  0.66751440152996966  0.67784472955297603
  0.68770655492594668  0.69839395075491562  0.70964004701713090  0.72087647016991641
  0.73201016617808401  0.74318261487005843  0.75417214478241057  0.76500792427710418
  0.77556254130030500  0.78600951438446187  0.79666560098896111  0.80756478076843352
  0.81823258415082978  0.82810039367913935  0.83836040320729155  0.84913095074399836
  0.86030737031301086  0.87132959086698136  0.88127848111087637  0.89111502128906184
  0.90043781359428776  0.90960235687138591  0.92006747728001215  0.93107714565952859
  0.94245501554253486  0.95298634302406560  0.96298039741544073  0.97261766485191536
  0.98122911419220582  0.98787788309580615  0.99192798755984790  1.00000000000000000
  0.00903076396030900  0.01777859332094416  0.02800367554492162  0.03913300443175124
  0.04962764934620605  0.06048112413589973  0.07136260989117917  0.08221249983134288
  0.09288093592629452  0.10340619111249544  0.11415286162423244  0.12523256234643951
  0.13595880582106898  0.14652245904291436  0.15699109455051610  0.16751158637339758
  0.17833677899914305  0.18930674712921455  0.20067449791442760  0.21196978479605036
  0.22295838529560472  0.23414194193509849  0.24532668516637218  0.25604597024999126
  0.26588063981570209  0.27495505652585195  0.28370561240748404  0.29243236464808664
  0.30124444694995312  0.31020574695140141  0.31946903520371078  0.32897902914112281
  0.33893855105983417  0.34929886868269583  0.36022305939540450  0.36977085638660645
  0.37687134847866555  0.38369267039785510  0.39041796975043386  0.39722978064964853
  0.40550707308759837  0.41642990217864445  0.42766461502059794  0.43894655764750551
  0.45065682399277596  0.46252226305441491  0.47386093808687613  0.48474519829589380
  0.49547064538716962  0.50656179892890041  0.51814749312361474  0.52967440104780639
  0.54067631814013595  0.55120199974139339  0.56188746117966815  0.57326506266095878
  0.58453799993718369  0.59454826669488525  0.60442335153134163  0.61427805017257564
  0.62405240587080368  0.63296957272407939  0.64158887442327139  0.65072259685295386
  0.66092142771469065  0.67177617386430322  0.68300472226248987  0.69456832220431652
  0.70644172814912676  0.71834006438752918  0.73008600158569781  0.74149314080923356
  0.75240509637583330  0.76293954726257895  0.77334911291466957  0.78364300915746898
  0.79404864043476819  0.80468999818155085  0.81518377263985708  0.82532413382294445
  0.83562884056650544  0.84580641156003644  0.85667500205685820  0.86677693471571748
  0.87714533399422345  0.88750081121596580  0.89801032006776282  0.90861785443230714
  0.91926621633148742  0.92967775001176189  0.93996604971916642  0.95057393272233848
  0.96142406922421375  0.97200386469098121  0.98365061516942232  1.00000000000000000
  0.00000806358662595  0.00001495462191135  0.00002027289257593  0.00002680360159284
  0.00003394540352087  0.00004111239750638  0.00004812016638566  0.00005538163558889
  0.00006303874576946  0.00007101661882225  0.00007986612494355  0.00008955089054764
  0.00010033810817566  0.00011231721836961  0.00012550647203152  0.00014023684278830
  0.00015685051384952  0.00017520264188877  0.00019532945297589  0.00021719453915023
  0.00024081893489125  0.00026685327744806  0.00029559547133963  0.00032728556551602
  0.00036249476399479  0.00040180042716637  0.00044542963247614  0.00049311559303478
  0.00054363883470163  0.00059830383549509  0.00066097785672997  0.00073405371605132
  0.00081072404783162  0.00089024216224483  0.00097264120969824  0.00106428057737491
  0.00116685826700557  0.00127717057415041  0.00139743471835158  0.00153326046771184
  0.00168067624399606  0.00180732087993377  0.00191510964952503  0.00203746756330241
  0.00218099386936195  0.00230955124609431  0.00242029122193075  0.00253527321481234
  0.00267366608491002  0.00284604554259378  0.00305928187215373  0.00331182878839266
  0.00358954945908608  0.00388163601644042  0.00417249071705250  0.00446487445905511
  0.00474717609834147  0.00501637883549250  0.00532688872835703  0.00565150874915253
  0.00597994032856306  0.00629666298226546  0.00657944606111587  0.00683114115923791
  0.00711906777824233  0.00746649228146392  0.00789483778863107  0.00836373585732472
  0.00878124785986864  0.00918799749778354  0.00969668112926149  0.01061029306969892
  0.01180021793008252  0.01302830360669009  0.01450382594943101  0.01629359818112308
  0.01850340484118258  0.02045677882493982  0.02270612091843922  0.02457645558977568
  0.02614995425843496  0.02782688879882163  0.03001628770672079  0.03263188451216525
  0.03542694847774517  0.03766263983739257  0.03927789758511650  0.04122201427324757
  0.04343888952553154  0.04545790484757654  0.05461019832117943  0.09148534107308215
  0.14701604838422877  0.24359826939483856  0.81637090916234945  1.00000000000000000
  0.00000162327868948  0.00000235928701373  0.00000288294889181  0.00000341454265815
  0.00000400917666185  0.00000466271609579  0.00000539297198151  0.00000616819083375
  0.00000694743655922  0.00000774860639011  0.00000863347193129  0.00000960870444023
  0.00001069534318784  0.00001184576148267  0.00001299770786868  0.00001420306409276
  0.00001550455224148  0.00001700373933830  0.00001881567616743  0.00002090714091823
  0.00002320461981503  0.00002571113528257  0.00002864327359841  0.00003212368901615
  0.00003619999785785  0.00004092089460942  0.00004651589016856  0.00005299839149727
  0.00006052830339463  0.00006924979249218  0.00007983734011103  0.00009152443502368
  0.00010420091695987  0.00011751519736916  0.00013133632733500  0.00014585489853339
  0.00016078509020782  0.00017520677949079  0.00019136937241868  0.00020734801008137
  0.00022601209684915  0.00024497243749516  0.00026442702582690  0.00028508714978843
  0.00030753366501613  0.00033137651149309  0.00035686937579101  0.00038417214821675
  0.00041265200179977  0.00044182184217374  0.00047196345853759  0.00050407684197417
  0.00053912233620772  0.00057623836036154  0.00061581589607603  0.00065784963051310
  0.00070282242509341  0.00074992759327878  0.00079872553671633  0.00085023347041299
  0.00090716128722699  0.00097236956491922  0.00104094487426189  0.00111672916253323
  0.00119603336492856  0.00127675836947547  0.00136788500388055  0.00146349770773872
  0.00155919195051101  0.00165625414114805  0.00178183183058186  0.00193964908637874
  0.00206576667621142  0.00216731707291674  0.00226591583670871  0.00237049254358548
  0.00248174590363434  0.00264400997822803  0.00292436098898491  0.00326695067246505
  0.00363573823486904  0.00401983907170808  0.00442468338707939  0.00488979356609242
  0.00554247259577098  0.00658565419767823  0.00805786783219493  0.00976223840881936
  0.01136064977595409  0.01275664331316406  0.01406481270725487  0.01614345584118954
  0.01915669388253981  0.02601893489460477  0.15413221362097485  1.00000000000000000
 -0.00109279928694374  0.00413988058977047  0.01080920816949517  0.01695889342840332
  0.02523192949038990  0.03585814132537286  0.04684677471383886  0.05828751741805683
  0.06963200590869253  0.08081836788513259  0.09212094732409003  0.10371141780616332
  0.11531328499442599  0.12644140394667558  0.13705166681780059  0.14785235024323523
  0.15900566512316991  0.17067117053600447  0.18226159345309592  0.19324434788281136
  0.20374067705979801  0.21366882942007129  0.22348125407656974  0.23274687413280742
  0.24182375111339907  0.25131180196281699  0.26101226493439877  0.27099179718618072
  0.28076965646727287  0.29019976259116020  0.30052123059752239  0.31169526606778242
  0.32282919415897349  0.33383212836004961  0.34543511135742683  0.35737651721803970
  0.36965697331264791  0.38096682338818316  0.39131814676505033  0.40151384376332339
  0.41175092212209696  0.42214373640359470  0.43279454211912605  0.44321610240636972
  0.45380675261715170  0.46400128029040777  0.47435490338057024  0.48567650317299321
  0.49775252841524781  0.50900034761330248  0.51948244997522697  0.52957364472993151
  0.54003375293691924  0.55083193866998703  0.56164975524470273  0.57237299353920523
  0.58304282057375745  0.59340807771782744  0.60322281065936789  0.61287136632043115
  0.62289297796759036  0.63349313095615090  0.64458446143675396  0.65531994232377822
  0.66521819623095790  0.67451659974564249  0.68380394406729472  0.69379298871042894
  0.70433182506335146  0.71494195236408342  0.72557812516493336  0.73603291788546654
  0.74639074031262054  0.75693069020333414  0.76815146582684657  0.77976652928435830
  0.79121330773242071  0.80245205964710531  0.81368115380003014  0.82496252243957136
  0.83624101626314873  0.84759008237204270  0.85894630231928615  0.86995139970286195
  0.88090527561314069  0.89227229890717008  0.90394777470719079  0.91532037721842752
  0.92595778057165368  0.93574098677030471  0.94597157753157446  0.95557285253357094
  0.96685919267119114  0.97794929601792069  0.98895931555650296  1.00000000000000000
 -0.00240324484492596  0.00975642963206392  0.02035182314957368  0.03252375956313003
  0.04371212746699436  0.05425324696013448  0.06463396752494648  0.07463620683122758
  0.08458837695743585  0.09434528967890893  0.10490546984079599  0.11609503102277310
  0.12788956938451820  0.13901593018440872  0.14978832793855829  0.16014420069572263
  0.17034693811518820  0.18069314799920724  0.19094172540380031  0.20126748185516888
  0.21142078022907990  0.22121824810702403  0.23097114650552963  0.24063753557920531
  0.25086088815938218  0.26128297359606384  0.27123346082417787  0.28100817878060758
  0.29094012919343565  0.30137071970770818  0.31219052469494196  0.32261117098387493
  0.33298792807783967  0.34346891838578186  0.35438862563022333  0.36530390402243063
  0.37571658041809908  0.38594867775752778  0.39621600237932064  0.40697618772277139
  0.41813675889178736  0.42950667824159094  0.44050794328448389  0.45142956091318126
  0.46261261757681060  0.47399347247225587  0.48472833871170729  0.49483452623029756
  0.50451637013841688  0.51440702568604524  0.52448900173104362  0.53479594849022938
  0.54564017950472199  0.55630837208591166  0.56720964201696467  0.57802968154944989
  0.58884022920105272  0.59959541096983815  0.61085886285405455  0.62140734815535481
  0.62883445840725338  0.63543134058977968  0.64195895959687277  0.64854587820965270
  0.65683363522946914  0.66850417063574541  0.67911738947037203  0.68978724844211403
  0.70086927243540553  0.71192439862678780  0.72266168880911452  0.73403000330835011
  0.74626239906371739  0.75847614387457829  0.77010914696166111  0.78156553470964851
  0.79288948808288717  0.80404502390355670  0.81516855651765208  0.82583056435978686
  0.83667127999281710  0.84763500398115910  0.85904692388958104  0.87009720990294004
  0.88082574667692615  0.89157553369241793  0.90308646141603621  0.91467064268337794
  0.92596589724874545  0.93725977189815857  0.94928269892402495  0.96091440433102271
  0.97133021544831011  0.98129238349228420  0.99067581339720645  1.00000000000000000
 -0.00242399311413243  0.01089941146807982  0.02240728313625345  0.03340603972037127
  0.04405039911880405  0.05454506162306708  0.06547986342215639  0.07690375193157277
  0.08845955511630660  0.09990701299237600  0.11105379045514799  0.12227431053188149
  0.13361361443874431  0.14468785265406928  0.15542277518859116  0.16623188713879641
  0.17737626371007711  0.18862298361131133  0.19990512965288174  0.21109447449895408
  0.22213408387927136  0.23285494726673067  0.24324022669214906  0.25375129393822593
  0.26434245783562937  0.27539487827425829  0.28703380248153770  0.29889028964792153
  0.31071101181624361  0.31703621742285731  0.32398421690196888  0.33102814904480821
  0.33772029494077294  0.34580981628386587  0.35642284934829160  0.36679118620297241
  0.37744644486719536  0.38863406210839802  0.39944150044086757  0.41011096110028905
  0.42079673617556806  0.43198276852092643  0.44272275933220034  0.45336656149576771
  0.46367039419153078  0.47384677747968912  0.48376135607914100  0.49350855187358394
  0.50393474358693147  0.51502570339043230  0.52561229812669930  0.53507312428178289
  0.54398009209520592  0.55273374700306321  0.56226888037278955  0.57177765539090353
  0.58122257981143921  0.59119858647382062  0.60064051502890725  0.61085757524929329
  0.62137021496999678  0.63166828890367333  0.64189446117777293  0.65214964159485589
  0.66226401588144723  0.67208979180272044  0.68191158055747747  0.69217373829272055
  0.70308087663081842  0.71335460647717741  0.72339932717791089  0.73353717752574887
  0.74415882228917829  0.75488007056309070  0.76573626679836426  0.77616651671352199
  0.78639563772893528  0.79641084716215738  0.80716783590620766  0.81855627413836562
  0.83029419640947311  0.84158484329300332  0.85274201871736333  0.86392174053756665
  0.87522812359971081  0.88657862440764501  0.89830827115594203  0.91075785120262298
  0.92254630430738405  0.93396372496862623  0.94502480585579651  0.95623552733479589
  0.96665113386587476  0.97750409905074820  0.98813243892885783  1.00000000000000000
 -0.00225518251384581  0.00868580927307206  0.01920316045275014  0.02874379564898511
  0.03899307391808854  0.04895211994469650  0.05911018283538605  0.06804897140098497
  0.07697651401195732  0.08709134009243498  0.09874037391401959  0.11073450102098199
  0.12220858142362356  0.13384292054804492  0.14553885506049097  0.15702547226230848
  0.16779633681730438  0.17824870380507768  0.18910505014513948  0.19621713232017890
  0.20334628879101124  0.21080629511028068  0.21816500611602521  0.22640503802545664
  0.23695126594074162  0.24779255598637881  0.25889048753235328  0.27013667705820460
  0.28132330126182475  0.29246492948958841  0.30382119762485715  0.31491794750173957
  0.32555337147944979  0.33518810039894598  0.34445607789819399  0.35396063007693790
  0.36453237959112872  0.37570428196188627  0.38673507240995053  0.39757948189032766
  0.40876513952424720  0.41999995152577135  0.43032689774004190  0.43989608169957672
  0.44946994677338098  0.45979729483619292  0.47103464316399590  0.48268410210477336
  0.49417151829741496  0.50538094712676329  0.51614104489715251  0.52675872289963743
  0.53751531253915952  0.54859449294679286  0.55970731360424608  0.57071421137455258
  0.58213755557562663  0.59407309820442389  0.60591428951552617  0.61776183088064829
  0.62908899987763855  0.64062693069199350  0.65231101616454590  0.66407015723541407
  0.67555366677842843  0.68646972131305872  0.69748309735763525  0.70896961292238481
  0.72056153667840572  0.73176054505925248  0.74284840327489854  0.75419552412175550
  0.76547429766300412  0.77617949251250440  0.78642829793017255  0.79610868292433534
  0.80582940100927292  0.81560214572413192  0.82737912519550938  0.83836116478694167
  0.84939477162288402  0.85951491889822007  0.86926048810342493  0.87895482274726988
  0.88891686209396426  0.89928254868349600  0.90951051479681333  0.91910478447776833
  0.92955617779672117  0.93993499111581291  0.95117298948099893  0.96233679308825437
  0.97200034340305830  0.98121780137353098  0.98951451706907390  1.00000000000000000
 -0.00228033545743149  0.00925786417053504  0.01609017280883061  0.02305484405976918
  0.03000589210503923  0.03685039826225174  0.04384266613587402  0.05419738759299233
  0.06402944453445630  0.07384513626845138  0.08414021643767951  0.09496821438164700
  0.10548970163159625  0.11618966554432769  0.12717792398037736  0.13876388181639646
  0.15007913037572138  0.16053535910506470  0.17063943301648035  0.18076562868099086
  0.19120533001654669  0.20200553907417299  0.21299505396539942  0.22435132823502160
  0.23618326939539092  0.24789695139607268  0.25934145830370625  0.26997498199063569
  0.28091027563292442  0.29175033945065970  0.30308069118471648  0.31422636056765996
  0.32455662396165991  0.33457042952635790  0.34477350492479397  0.35565011756414916
  0.36679715392319590  0.37744991416582785  0.38780852718848080  0.39797087962941508
  0.40811234363729448  0.41826216628516777  0.42839277678062826  0.43896471102530582
  0.44990573424469887  0.46086498458382846  0.47175753580516638  0.48256896475916322
  0.49367958030186759  0.50499985907267320  0.51679979773366080  0.52892362579629515
  0.54065392092929943  0.55190620025674042  0.56313365532890247  0.57479308378205329
  0.58702987155786446  0.59915014778053910  0.61095776243920763  0.62244956780183758
  0.63471475666484234  0.64664613772826318  0.65750499386868433  0.66822583895352150
  0.67953716162796518  0.69059096630023786  0.70110122742500514  0.71148934893267979
  0.72339804760386484  0.73462195048777124  0.74533652333432399  0.75577471286955100
  0.76690417924685927  0.77788873368563227  0.78807995196258507  0.79805436815866526
  0.80737654237945644  0.81730570965631710  0.82783801190254180  0.83884526281372718
  0.84918839751123276  0.85905450996452704  0.86888102671096645  0.87895112307052781
  0.88974986929291278  0.90026168500748915  0.91013084702818914  0.91924859197889175
  0.92795141919921997  0.93713201400500723  0.94702938593928609  0.95704154455982460
  0.96810313906230472  0.97892932900056095  0.98956820994813499  1.00000000000000000
 -0.00255077711914096  0.00933841072642265  0.01971223625746348  0.03064239954739685
  0.04102521476157293  0.05211341450230302  0.06281853378349653  0.07454679474350172
  0.08615186917345616  0.09692318781409651  0.10692502724022560  0.11692793622129266
  0.12777836950435204  0.13930664730931824  0.15125549160581656  0.16320589242953004
  0.17481459013339176  0.18607536293350399  0.19716889325320314  0.20823783979353069
  0.21917809136625141  0.23051190181821860  0.24256383546119106  0.25464305190808539
  0.26570501097789101  0.27580943526614904  0.28575590008785640  0.29584842518745280
  0.30649969688053680  0.31776282847513204  0.32926477816841637  0.34060264918080918
  0.35142801174938221  0.36211268828263515  0.37283630778067589  0.38346448929946347
  0.39415871081718423  0.40499559364631188  0.41550192286837101  0.42525091718503832
  0.43486008891983569  0.44466521794876906  0.45411372069462691  0.46382412917402926
  0.47366614148445652  0.48441357770656895  0.49534906001777601  0.50571798131875023
  0.51573833966349758  0.52586269393722163  0.53599869940518918  0.54547955362165346
  0.55213538617439772  0.55849481167871173  0.56494519432571111  0.57099731717614000
  0.57752884168200680  0.58577906028282178  0.59488971768346444  0.60470578482326331
  0.61516214821789117  0.62597762737857288  0.63691755166857189  0.64760697504183407
  0.65819726994234251  0.66918102606993790  0.68039677477636518  0.69097235625410958
  0.70128034019097862  0.71204974666230880  0.72342504358049942  0.73488513347765760
  0.74627274272285771  0.75759188886821915  0.76869518510332768  0.77975482951462838
  0.79084180927236414  0.80188204431385157  0.81289441726170919  0.82399537094880237
  0.83528636039754955  0.84677884005622683  0.85815194985519472  0.86921426322512629
  0.88007210963215476  0.89095119296636960  0.90212426547808489  0.91364437585272407
  0.92532303636053814  0.93703519594355644  0.94827762246301772  0.95927911785672071
  0.96989694377935931  0.98005037764714864  0.99004373656540845  1.00000000000000000
 -0.00279824954241602  0.01000287882310822  0.02082936288537388  0.03158150130768326
  0.04240783970978344  0.05338075477246172  0.06448870481392636  0.07614478501435641
  0.08826898040445862  0.10041103403054373  0.11237570954526963  0.12400702801673733
  0.13543263136066749  0.14716148065211226  0.15938430049242938  0.17231259876020436
  0.18509576151014051  0.19743665352348616  0.20929963972892987  0.22124427674587160
  0.23291971985300980  0.24395706531223896  0.25465214222829791  0.26513168757549521
  0.27538917958145548  0.28483946989467102  0.29430395495569878  0.30383900736640707
  0.31338317170057117  0.32326926360566421  0.33386362685174287  0.34454559194469769
  0.35317988959306240  0.35946583625660372  0.36569875165782817  0.37224330670838057
  0.37963921413601587  0.38938978968224131  0.40042023655574766  0.41085556360071762
  0.42149353957632546  0.43253045246944966  0.44399397770109783  0.45528216647433883
  0.46576934383588536  0.47567160181821699  0.48555796359070241  0.49569180212838304
  0.50639757059527002  0.51750444290563113  0.52863421253307818  0.54006949901181600
  0.55174170668389089  0.56362223921193277  0.57525489220627002  0.58668046861862189
  0.59814422527496314  0.60926927234587591  0.62003716843369638  0.63053558184312164
  0.64119631741473038  0.65219803248476471  0.66349037797420707  0.67354434712858080
  0.68301850159420097  0.69320026428053849  0.70304622091947166  0.71259737382711408
  0.72192184662539050  0.73163088801118414  0.74147778744734838  0.75113474959331095
  0.76092205448183847  0.77166075412296131  0.78294653021182592  0.79405021604477544
  0.80490308949646994  0.81530252977434159  0.82540825833552633  0.83509077439850921
  0.84427459804642790  0.85329898005052784  0.86275871887571864  0.87288001734621701
  0.88342927669796889  0.89438393223643653  0.90540041305119001  0.91615198002609866
  0.92644277392050667  0.93649123048224059  0.94657034308804766  0.95683076893369867
  0.96729399071180622  0.97825113700835120  0.98909721420997143  1.00000000000000000
  0.00000983709403146  0.00008002892225125  0.00035454457626825  0.00077000374900208
  0.00119231163827653  0.00151939155106885  0.00177613133383205  0.00205445620600555
  0.00233161437216618  0.00261571032683900  0.00291412712547917  0.00321891127478614
  0.00352759527763047  0.00383803111381441  0.00414573267573264  0.00444795483319217
  0.00475117145362387  0.00505678328507906  0.00536693058842503  0.00569191076833145
  0.00602226839844468  0.00635554119682556  0.00669075503879542  0.00700966592061571
  0.00733157228519241  0.00765992780130786  0.00799752378316296  0.00834709238345626
  0.00873933146558587  0.00913586556714023  0.00954727415980571  0.00996559952890697
  0.01038088708172127  0.01081508476051570  0.01121732643820820  0.01162806045950019
  0.01203295537827848  0.01243479792948062  0.01285613260804908  0.01331443683598177
  0.01381063971915516  0.01433308221745874  0.01491816020270970  0.01551716474996197
  0.01614116413298205  0.01678931815685572  0.01740544441612889  0.01800241517648874
  0.01858343825525690  0.01915656886811443  0.01975591526776495  0.02039197289018091
  0.02110678696352385  0.02181938866764096  0.02260945254806953  0.02343124012576386
  0.02423670992514133  0.02512179402379041  0.02603072632698289  0.02696116512323990
  0.02796210917318225  0.02896582783449065  0.03002780822816125  0.03101301971820210
  0.03202615474283357  0.03305578537263066  0.03428490194080452  0.03541281742017358
  0.03639124689484223  0.03739717509871772  0.03848598530777657  0.03985027058461832
  0.04107108945396747  0.04230965579877598  0.04367755615550471  0.04547782567435280
  0.04756329419344189  0.04993126367295408  0.05208362782943338  0.05358210651274933
  0.05496970651155714  0.05644950962553012  0.05850511840011644  0.06147207548406837
  0.06529028614503096  0.06833892781081907  0.07152494014573629  0.07607450134836342
  0.08035485148339069  0.08573035329225022  0.09216780995975724  0.09756822675479515
  0.10596140847204102  0.11639309470930899  0.14459072509541193  1.00000000000000000
 -0.00115257398360310  0.00397040266044598  0.01075506427303425  0.01732551457304559
  0.02511793025261721  0.03523859612965299  0.04574782207108583  0.05611414741712813
  0.06617850128746844  0.07588436464252807  0.08535750362821758  0.09472513421410987
  0.10395439005786830  0.11262487955600610  0.12141107077656976  0.13087757187288071
  0.14056456351809787  0.14994334575350807  0.15939924043790185  0.16936033268300360
  0.18095616822841282  0.19326874913378245  0.20613525764178500  0.21898161305342681
  0.23212809628287512  0.24525837644655935  0.25852864913719625  0.27109454923048920
  0.28368170073989557  0.29474849053314239  0.30567670528883423  0.31645025766731194
  0.32748913082830006  0.33820019004178981  0.34829024174493939  0.35826583143821678
  0.36856704515016209  0.37910117220619988  0.38913469200961415  0.39859326931838679
  0.40827521579852988  0.41830733685572286  0.42894466208650550  0.43980960503232641
  0.45056884474014908  0.46110705144511038  0.47148643131070594  0.48204908247721218
  0.49283094727902799  0.50302964575324949  0.51304788843881155  0.52320169449183940
  0.53322520123629324  0.54364990693489534  0.55363093098853600  0.56342854142317766
  0.57311764272576815  0.58295145358227729  0.59305795775717163  0.60326091841356733
  0.61358103961737820  0.62426879409545089  0.63536468450821304  0.64646591010253973
  0.65756025329358492  0.66856955648928884  0.67943731119767936  0.69018652576274608
  0.70118797761523810  0.71248322152842058  0.72377553567036479  0.73506082497834613
  0.74697701461951049  0.75970667303209438  0.77270652201878098  0.78529218200033946
  0.79743311086123070  0.80912489686779498  0.82070830587593901  0.83248698686247147
  0.84422568225077432  0.85554766129306004  0.86627563998835722  0.87668189334835467
  0.88711402372330983  0.89765708876541006  0.90864240761574011  0.92004649856552168
  0.93172274155671386  0.94240369008459679  0.95204918466992638  0.96160759840715793
  0.97102507555690643  0.98053465743689350  0.99031134649237285  1.00000000000000000
  0.20660291808696876  0.49084305684500651  0.55992082437528279  0.59965859873889171
  0.62937503410350815  0.65273910789924727  0.67197057638427493  0.68829021849520555
  0.70321067159029416  0.71656355410341099  0.72862367723135035  0.73941121979565183
  0.74921712083848346  0.75858149491605975  0.76763614111722800  0.77568878167311672
  0.78304512992212527  0.79029703390263806  0.79724163480162502  0.80390791690891261
  0.81024243811214269  0.81635210923249457  0.82207073801464925  0.82768051328691927
  0.83324181479908865  0.83869192806216231  0.84383819268380345  0.84875047227654066
  0.85354404084007907  0.85824157423513836  0.86278864060812388  0.86714157439744144
  0.87133319609935367  0.87538483385204102  0.87924380944442537  0.88294761759486784
  0.88660815908434776  0.89022633330607170  0.89372089475499594  0.89706014251807598
  0.90022128225310638  0.90325134625037307  0.90628365243629339  0.90926385883161698
  0.91211011534798936  0.91486865316872634  0.91756427315163613  0.92020561084067276
  0.92282925031726959  0.92536170815503949  0.92785296924426364  0.93030366393141672
  0.93273206560403032  0.93518547738762681  0.93756517946422324  0.93985431148007759
  0.94203636700121207  0.94410962556771105  0.94607317563389792  0.94797050998631172
  0.94984261025929673  0.95176583986654162  0.95372146595331564  0.95564342976271821
  0.95750957504553791  0.95930021398802612  0.96100260567528395  0.96264933389230567
  0.96428290715944132  0.96597131015419879  0.96764525906759846  0.96932768156979054
  0.97098575567438750  0.97259768991227247  0.97416356752551059  0.97566461029220586
  0.97705951953535586  0.97843147837504296  0.97975583312535264  0.98106153146525277
  0.98231505274279174  0.98351600062499045  0.98471413093045346  0.98590824389755705
  0.98708728971738358  0.98827331497621895  0.98946987301520395  0.99067685617264312
  0.99191365713928492  0.99316063622421580  0.99438935580741405  0.99551903958485399
  0.99652429361883621  0.99748398669150018  0.99860365262620809  1.00000000000000000
 -0.02286406444127957  0.10834877875207982  0.14557738501243817  0.16762494959026736
  0.18457151204619038  0.20027744727784777  0.21429107154829061  0.22639163255370681
  0.23742532677246458  0.24771494697956106  0.25785766337647692  0.26722878753154883
  0.27615170796519378  0.28444209462531084  0.29256323607164131  0.30100132127477336
  0.30935838043030428  0.31737145101884517  0.32498788084350633  0.33220415581604984
  0.33921818414983868  0.34628416252518363  0.35297141608738286  0.35987748878550840
  0.36380704655604673  0.36825672221863559  0.37265188422926659  0.37677044201471965
  0.38090535711015416  0.38650031693365122  0.39267307133821266  0.39852056228195970
  0.40429386455765837  0.41004281623681721  0.41580353785747626  0.42180160341881767
  0.42795967928863765  0.43416576525153294  0.44014138582242351  0.44585305796201591
  0.45177358847122256  0.45783975058913123  0.46395160123358448  0.46999144752342475
  0.47556865611112203  0.48088538002784625  0.48619657983449893  0.49170815887163305
  0.49754480229811882  0.50305757356794689  0.50797555278067852  0.51289709207978251
  0.51813249753029311  0.52340887083451149  0.52862374516780197  0.53358983384467773
  0.53858870960087135  0.54394098304170613  0.54932299065334378  0.55494020840886416
  0.56073262157640380  0.56683356826539688  0.57283593691403067  0.57867661022727124
  0.58446284997595066  0.59034432847115437  0.59642427971276601  0.60275135843503114
  0.60918398543750218  0.61557329910940883  0.62207430589587376  0.62873621276263580
  0.63548956656174849  0.64197742986244943  0.64859473358838138  0.65535278430126298
  0.66269894999359658  0.67051641779276649  0.67863051223421700  0.68706686049263155
  0.69590039382197855  0.70484449309558483  0.71406104282594351  0.72320392503246977
  0.73221711078750362  0.74143162694537124  0.75093115130993138  0.76140607004937222
  0.77261326216976423  0.78450982291099114  0.79798496532290986  0.81321928522148745
  0.83180356726847693  0.85463205183182822  0.89106669319100340  1.00000000000000000
   1.5443202370186851E-013  -1.0000000000000000     
 F F F F F F F F F F F F F F F F F F F F F F F F F F F F F F F F F F F F F F F F F F F F F F F F F F F F F F F F F F F F F F F F F F F F F F F F F F F F F F F F F F F F F F F F F F F F F F F F F F F F F F F F F F F F F F F F F F F F F F F F F F F F F F F F F F F F F F F F F F F F F F F F F F F F F F F F F F F F F F F F F F F F F F F F F F F F F F F F F F F F F F F F F F F F F F F F F F F F F F F F F F F F F F F F F F F F F F F F F F F F F F F F F F F F F F F F F F F F F F F F F F F F F F F F F F F F F F F F F F F F F F F F F F F F F F F F F F F F F F F F F F F F F F F F F F F F F F F F F F F F F F F F F F F F F F F F F F F F F F F F F F F F F F F F F F F F F F F F F F F F F F F F F F F F F F F F F F F F F F F F F F F F F F F F F F F F F F F F F F F F F F F F F F F F F F F F F F F F F F F F F F F F F F F F F F F F F F F F F F F F F F F F F F F F F F F F F F F F F F F F F F F F F F F F F F F F F F F F F F F F F F F F F F F F F F F F F F F F F F F F F F F F F F F F F F F F F F F F F F F F F F F F F F F F F F F F
  <DiscreteSampler_grid>
  grouped_processes
  1 # 1 for a reference and 2 for a running grid.
  10 # Attribute 'min_bin_probing_points' of the grid.
  1 # Attribute 'grid_mode' of the grid. 1=='default',2=='initialization'
  0.0000000000000000 # Attribute 'small_contrib_threshold' of the grid.
  0.5000000000000000 # Attribute 'damping_power' of the grid.
 # binID   n_entries weight   weight_sqr   abs_weight
    10   10   7.524254319309549E-001   2.762644315172821E+000   7.524254319309549E-001
    16   10   7.525136580917277E-001   2.765711746753087E+000   7.525136580917277E-001
  </DiscreteSampler_grid>
