  0.00220058770105882  0.01590282495394718  0.03020599898977755  0.04398880280158604
  0.05680239419709900  0.06994908999492003  0.08216524763262202  0.09382466089600686
  0.10550493866344846  0.11623816826340254  0.12743845665601675  0.13855709882380968
  0.14917484343932672  0.15985561177955351  0.17061982809157494  0.18245102623062312
  0.19369330079250799  0.20470603851468594  0.21615990605011282  0.22797430318311154
  0.23956718595481322  0.25073402834178798  0.26187373985567514  0.27329183426975617
  0.28491407937202146  0.29663306687299884  0.30827521487804221  0.31962183792312715
  0.33030656425331972  0.34024759988151387  0.34972490476189283  0.35933686190124164
  0.36891898219667718  0.37980173968231118  0.39116613985368504  0.40244976753590395
  0.41342983233799796  0.42417428494214698  0.43467064688354401  0.44484333783307800
  0.45514366494377784  0.46592801726201855  0.47680032774324388  0.48720935868326898
  0.49713293280820248  0.50688414294296502  0.51672257049714065  0.52693008780529960
  0.53745427329469586  0.54777595333478235  0.55788453301164020  0.56749291135490698
  0.57672155264681269  0.58566480594276160  0.59546027449739014  0.60565540338738133
  0.61549688293039617  0.62477525647290577  0.63434759967819865  0.64396781817698334
  0.65346825367681249  0.66299759184045270  0.67281685327425444  0.68273451459839607
  0.69251439901230250  0.70220078444806122  0.71203799356033770  0.72231635037179465
  0.73291048887879107  0.74397844807324642  0.75541883412186717  0.76709694051454280
  0.77872025732659256  0.78982445368609089  0.80039470035285742  0.81068504113832673
  0.82138031888529539  0.83192452989694132  0.84158453030234004  0.85034527196447873
  0.85905007765929720  0.86833763162506705  0.87810018465609752  0.88880261440181618
  0.89920844259425858  0.90959092542328523  0.91971805164313580  0.92995475687192208
  0.93977656441571733  0.94917220694938675  0.95820375590163764  0.96748718983819060
  0.97660597020064965  0.98489575178683153  0.99282028548115731  1.00000000000000000
  0.00895578087360622  0.01785537381603560  0.02855632986885092  0.04006345822127137
  0.05119748553189950  0.06228150725634584  0.07371229652641101  0.08513657583602732
  0.09692053327319489  0.10848825417409075  0.12052521766990043  0.13201611887729753
  0.14335576765703839  0.15394165935930576  0.16504720103396292  0.17514175276343652
  0.18548163940009543  0.19545584627563947  0.20554093636368551  0.21566708689785913
  0.22488493387610622  0.23415224796949249  0.24415557972737403  0.25437930967445860
  0.26501786400153299  0.27548594155025485  0.28694112873576144  0.29644366062182825
  0.30565532166221709  0.31519663827589967  0.32527393717662351  0.33509037642799477
  0.34453704383615691  0.35397914301872124  0.36400912342113900  0.37387088168058380
  0.38321709171417934  0.39232161562253665  0.40190016725566347  0.41186020115328037
  0.42159163568488806  0.43088931785252227  0.44046980426633320  0.45058551232706884
  0.46084586707819986  0.47084517664635800  0.48079448437159611  0.49101438717686019
  0.50125463942369708  0.51150906055995171  0.52207338867726327  0.53268214436522476
  0.54349485461208069  0.55458404396990579  0.56570507828238592  0.57715305745771250
  0.58878610080984684  0.60075811671048696  0.61242665905944016  0.62353843252288743
  0.63405043576566311  0.64417352020533580  0.65454498373161318  0.66529621333061351
  0.67578038121576778  0.68654482271864570  0.69781256096132405  0.70922846665708206
  0.71996500841595878  0.73046478242357316  0.74161907532395077  0.75269255258841161
  0.76327912705985690  0.77324211114402042  0.78317893127725369  0.79334511759295967
  0.80345019980651011  0.81436262928337588  0.82539302388983427  0.83698219360815751
  0.84812485112153124  0.85838577950892347  0.86836914280903510  0.87819645987349160
  0.88822879959092094  0.89803897747196970  0.90840957566775771  0.91887241041269230
  0.92917745870678248  0.93935589724814517  0.94962649512131403  0.95964519068061505
  0.96963886835465263  0.97961234512437378  0.99149528658249186  1.00000000000000000
  0.00188531527934677  0.01805233781456180  0.03315091572802303  0.04570704606402707
  0.05691011830691921  0.06834442183986621  0.07914570736307851  0.08809002499002633
  0.09682340436445594  0.10600621294137422  0.11571895627219977  0.12558923287798757
  0.13555501048499824  0.14596483098109950  0.15747855170597977  0.16962948436917588
  0.18225942412035159  0.19533729525945487  0.20811390835168037  0.21979075668894110
  0.23091535191584392  0.24236532369220984  0.25433793488532896  0.26580034121722690
  0.27669063819830070  0.28770081000426961  0.29882041286198990  0.30965727265251075
  0.31978139896895447  0.32951781592654755  0.33875454099913904  0.34732305386969764
  0.35568241843700804  0.36446311656955771  0.37389767422562931  0.38444050325759527
  0.39558398069610418  0.40660849534088633  0.41791887595932975  0.42851265845327124
  0.43923337338408275  0.44966408170759764  0.45960298962383156  0.47026027120440017
  0.48068149230838791  0.49243918718590551  0.50400820476379893  0.51569332616376140
  0.52703068030523181  0.53789004673511709  0.54867461005989382  0.55960855727471071
  0.57020811683755301  0.58021818386801338  0.59001825295198462  0.60001221845009400
  0.61033567569666602  0.62094499796772951  0.63167085262264222  0.64202510691720471
  0.65174399739766220  0.66129601387581161  0.67081388554709920  0.68044288705236355
  0.69021016430912152  0.70031618856807909  0.71070352201991316  0.72103534632662125
  0.73112564183996553  0.74132057450673228  0.75211290330130753  0.76353148249044278
  0.77514967944035185  0.78648483294850291  0.79756576306197469  0.80873538346952745
  0.81975995213362907  0.83078700812748507  0.84162012471011449  0.85204509438707676
  0.86261733249075245  0.87327625284819255  0.88467317863105466  0.89535217800447509
  0.90580147139518385  0.91585565902330213  0.92600556547567037  0.93599347978005909
  0.94588839297154015  0.95616807677291704  0.96432058566553136  0.97252013645463020
  0.98018797714461436  0.98715425895178377  0.99212116544215700  1.00000000000000000
  0.00000407397281402  0.00000431391136195  0.00000448201881568  0.00000464484792421
  0.00000480952740738  0.00000497640587206  0.00000514336944688  0.00000529882987841
  0.00000544088295915  0.00000559395212958  0.00000574182985234  0.00000589753933715
  0.00000605054763649  0.00000620259802888  0.00000637214735663  0.00000655827752104
  0.00000675041682571  0.00000694563497549  0.00000715120438476  0.00000736718539440
  0.00000758775727990  0.00000781316052820  0.00000804729067954  0.00000828232225065
  0.00000851686972215  0.00000874394531995  0.00000897548892198  0.00000921897537603
  0.00000949114114408  0.00000977404602665  0.00001005366964525  0.00001033113215030
  0.00001060609684853  0.00001088827181928  0.00001117473509890  0.00001146479014326
  0.00001176452473649  0.00001208142986985  0.00001241291448218  0.00001279566302807
  0.00001317298347391  0.00001353399855719  0.00001389472391939  0.00001426626961124
  0.00001465546234457  0.00001506738068284  0.00001548415305348  0.00001590831842286
  0.00001636834594523  0.00001689009486201  0.00001744039813980  0.00001798785050030
  0.00001855780880651  0.00001914374721658  0.00001975551244578  0.00002038253999231
  0.00002104014330319  0.00002175533837885  0.00002250578829005  0.00002326474426056
  0.00002413561467149  0.00002519769624094  0.00002628408879050  0.00002742781308491
  0.00002864638131098  0.00002998444547475  0.00003147911980497  0.00003310845115255
  0.00003485619469832  0.00003674711663946  0.00003878301057360  0.00004109808118180
  0.00004369212135633  0.00004652192282627  0.00005022605468609  0.00005481703934951
  0.00006036984761386  0.00006699124932739  0.00007554557678240  0.00008731970600091
  0.00010508711714323  0.00012968969859996  0.00016180119712228  0.00020986048457495
  0.00028332267358602  0.00040537222400886  0.00062638563470379  0.00101661906807720
  0.00166593221542310  0.00264260340182634  0.00427438671670325  0.00710016830447544
  0.00939134564561254  0.02994066150738234  0.22602534574348002  1.00000000000000000
  0.00000038307560405  0.00000112109702017  0.00000186837962508  0.00000222972031249
  0.00000262968699160  0.00000306728995298  0.00000353100208171  0.00000395960006899
  0.00000435859118157  0.00000474968718879  0.00000514256421023  0.00000554503116937
  0.00000600699934093  0.00000648453087706  0.00000697057607311  0.00000747628307032
  0.00000799887411407  0.00000853969914138  0.00000906506489317  0.00000956683327260
  0.00001015103107714  0.00001079913300985  0.00001149330173262  0.00001222540076338
  0.00001282517124470  0.00001345629424028  0.00001407090350192  0.00001467995700513
  0.00001532705354350  0.00001601100299701  0.00001671269829648  0.00001743797585080
  0.00001815752733820  0.00001895661349487  0.00001986385855698  0.00002075254152566
  0.00002166070762309  0.00002262478956846  0.00002364001110299  0.00002472096936508
  0.00002586116063942  0.00002705790008185  0.00002832161861242  0.00002963529710210
  0.00003102604541539  0.00003249465652787  0.00003399054349457  0.00003553722620762
  0.00003720076144966  0.00003902403663553  0.00004102854512463  0.00004322276583176
  0.00004568508902966  0.00004843275400708  0.00005143292791505  0.00005466176510160
  0.00005815704633333  0.00006201541876616  0.00006635210997607  0.00007113146100568
  0.00007701978940243  0.00008389167320133  0.00009176993057938  0.00010073254477050
  0.00011087629956720  0.00012215254330956  0.00013435117994473  0.00014834697566546
  0.00016430768664140  0.00018378696202903  0.00020817794054208  0.00023676440895615
  0.00026944601434264  0.00030742701431778  0.00035418753998337  0.00041109406656584
  0.00048454583574391  0.00057948469269666  0.00070339546580719  0.00086017019091745
  0.00106961658976937  0.00133215166449569  0.00169449561479904  0.00218245927977199
  0.00290056552899662  0.00395024033457025  0.00523509338930880  0.00700568584114380
  0.00950437427387798  0.01253287030102570  0.01594902650760229  0.02143365257661938
  0.03553741738346131  0.05042219529358330  0.13900054572842613  1.00000000000000000
 -0.00164358385626983  0.00658337695623523  0.01350502733488515  0.02063544933518950
  0.02783485585540654  0.03535182598944128  0.04338468339069131  0.05242120944467580
  0.06070957751230940  0.07018664857074804  0.07953636335407099  0.08953421214924383
  0.09983357170446530  0.11002758130387935  0.12052636413363813  0.13145196209967194
  0.14265664633458353  0.15380129433609835  0.16459433570401674  0.17522492559660174
  0.18603935926345441  0.19664236762294801  0.20698139802149104  0.21772717388824023
  0.22892356399347244  0.24085913186060010  0.25268940572882309  0.26387542793880453
  0.27415309683237443  0.28437118998960548  0.29500807717126304  0.30634834760658219
  0.31802436254275829  0.32977201289483543  0.34150341036897525  0.35280532438246592
  0.36348609274062943  0.37422101961967269  0.38569591840162998  0.39798285903558039
  0.41052836062479997  0.42354925087615453  0.43720316028662548  0.45051678200400153
  0.46297591201194410  0.47501311053860157  0.48741227882578436  0.50029294252300560
  0.51331197151095720  0.52552788795263394  0.53720060010557780  0.54808565044252977
  0.55838748162333141  0.56874980406827280  0.58002380354818117  0.59211875968509875
  0.60352346669881973  0.61491896851478633  0.62648397733612904  0.63872210476414193
  0.65092407426378585  0.66326398102880690  0.67459430446088520  0.68493166622198176
  0.69552823770775052  0.70672217898626954  0.71785340569829281  0.72909079770476137
  0.74083071529984124  0.75264797290054353  0.76409205491084831  0.77536221473024358
  0.78669906826982516  0.79759996334420613  0.80798397025133517  0.81810042783479564
  0.82776430057362571  0.83725402043566766  0.84680737506942938  0.85639546852357573
  0.86594063109900676  0.87528482113485728  0.88460494032591364  0.89424976250557942
  0.90396875067964144  0.91330061310141053  0.92220146111460621  0.93073932601686105
  0.93927494709518333  0.94805692239322670  0.95652481607978990  0.96494277020166619
  0.97330239475404967  0.98189405283007791  0.99103789054527935  1.00000000000000000
 -0.00254188014935133  0.00924880730215496  0.02039022495236554  0.03108866652991443
  0.04116129913498964  0.05099314724541069  0.06102996439175876  0.07183260899172506
  0.08351909232797142  0.09535594661166202  0.10758903036153050  0.11978904435384860
  0.13170423157670280  0.14283806306294383  0.15329542727394238  0.16342656091560889
  0.17294623390085073  0.18214716547568544  0.19150366640133298  0.20105832207346799
  0.21112917227603670  0.22135789531824854  0.23187769208359929  0.24174006936451917
  0.25113119502193965  0.26082515794126870  0.27061769797889318  0.28059177643859873
  0.29087373548927770  0.30152889900618390  0.31233857341563853  0.32306642110328349
  0.33322644670936680  0.34274030101160319  0.35245858191393836  0.36239104472508676
  0.37255210896800039  0.38207097756518349  0.39166357180835060  0.40184103773849322
  0.41322198546398170  0.42451739479067990  0.43573516472239787  0.44686120966036497
  0.45794008394250407  0.46883962808765062  0.47972452499627011  0.49054761714358736
  0.50116396236651495  0.51185698742957797  0.52172660106361246  0.53170919225878688
  0.54139819517028842  0.55148258243332782  0.56241464199558588  0.57402895841802770
  0.58655025701361330  0.59974285597346766  0.61277299494089921  0.62516164254753537
  0.63701940228923370  0.64845366634099710  0.65938848466842193  0.67031203295883246
  0.68192255704139937  0.69353893699128943  0.70440854919873797  0.71563845450635954
  0.72654316190227064  0.73612313876208291  0.74505221482668593  0.75403184497455589
  0.76327725905258959  0.77280627935458301  0.78287764752563371  0.79322470529312716
  0.80324278277370198  0.81261844901082947  0.82185981721641199  0.83138568691769832
  0.84136974518687835  0.85162777291181391  0.86232020165768053  0.87297112555668621
  0.88316007835564014  0.89333457029643593  0.90389461278728100  0.91417715777195363
  0.92420321632263813  0.93423618037088185  0.94492582438008377  0.95598881090694765
  0.96722920381564437  0.97854162760204244  0.98937816862612105  1.00000000000000000
 -0.00256451353796245  0.01027832625101247  0.02061205186490182  0.03020213382769432
  0.03958417615587573  0.04966760206043744  0.06094162226247416  0.07229233139362022
  0.08318825655014678  0.09429391952095642  0.10547681928599660  0.11740956069143543
  0.12849914138259036  0.13902286541934597  0.14948083369445606  0.15940429257732097
  0.16927674208061980  0.17879429511654435  0.18795338000789327  0.19735345609231844
  0.20700624976566595  0.21676436316895134  0.22734627379354982  0.23751440091933654
  0.24871486559387829  0.25889995783540143  0.26946953874282120  0.27931620153128395
  0.28952033481934009  0.29932507206382503  0.30905657827987892  0.31938964914532680
  0.33029025815810520  0.34194512601544230  0.35403811791455753  0.36597415868494065
  0.37733034629837059  0.38802480253079719  0.39786656104920076  0.40757507924947156
  0.41768012521592557  0.42702923575639223  0.43786784262191214  0.44783608026743410
  0.45812202118799344  0.46811787682081835  0.47889432691163852  0.49055042121174952
  0.50249364056206269  0.51382064161413288  0.52492323565803944  0.53605738063645170
  0.54664152271718713  0.55654832751725325  0.56628948119253186  0.57614683710996295
  0.58686229108612942  0.59751994591681545  0.60856819507290816  0.62008079187925202
  0.63114076936939811  0.64122753131828614  0.65132499316292358  0.66150394078142882
  0.67177932570079457  0.68235633202898405  0.69308564860567301  0.70346446345218538
  0.71363633591262010  0.72369052728173566  0.73314515343080444  0.74266228281015412
  0.75208255334158391  0.76389691615929634  0.77568209784061215  0.78721390127391577
  0.79896735336742886  0.81069093910570467  0.82166976165463279  0.83269580640789320
  0.84345801052542413  0.85401072552050739  0.86480273311184952  0.87565287109996626
  0.88709977587679922  0.89711210675525077  0.90651081019313240  0.91568079210922293
  0.92452467564596896  0.93517889777221808  0.94699706452132515  0.95860280569783285
  0.96923226581987487  0.97954875612002679  0.98984009197922063  1.00000000000000000
 -0.00302262742002731  0.01049750244221146  0.02221993308035679  0.03397387426532787
  0.04564921713769812  0.05718891354047854  0.06763520955803404  0.07691072800804312
  0.08618802420888770  0.09528469099338080  0.10385773646250587  0.11242351315558910
  0.12131889344557792  0.13207937062216765  0.14316831249472178  0.15386292940638507
  0.16467850933536599  0.17602771078724777  0.18783348680115974  0.20011061467783542
  0.21215379749361810  0.22389109418240055  0.23566855683896926  0.24718102116629864
  0.25801818498800749  0.26872656404514106  0.27988381818638508  0.29071185569366181
  0.30077026153740810  0.31054344891339636  0.31978369632173742  0.32883824492962632
  0.33800756812102967  0.34699083340451670  0.35653244933465617  0.36623130952408200
  0.37642745640206654  0.38815659426798288  0.39991375088880149  0.40988889844924120
  0.41981532850637404  0.42985310994778669  0.44037192793402136  0.45009466311171620
  0.45978356717638724  0.46991874166851144  0.48067054790961744  0.49146378556397807
  0.50237194984342426  0.51320090944405672  0.52341556308943904  0.53332315328657243
  0.54311862178437331  0.55283226010746656  0.56262115667484447  0.57248386366748971
  0.58263287813816245  0.59312992640785811  0.60401512544465097  0.61574108916393722
  0.62825811041609503  0.64054005860145968  0.65243814431399016  0.66345201033842971
  0.67456975287785426  0.68498767088754331  0.69489699897431745  0.70484168897260613
  0.71466069017328693  0.72541360720863446  0.73590832174914378  0.74631966332190280
  0.75727040308561555  0.76748073984788623  0.77715554802071540  0.78661919408476999
  0.79671347001821879  0.80765218614140910  0.81785460127921228  0.82792353210176861
  0.83797125103161452  0.84876386674264193  0.86005729343109349  0.87117769644211307
  0.88243797704516025  0.89326274039871711  0.90323987505713466  0.91271214711161841
  0.92279509924265857  0.93398857352185682  0.94494851365393051  0.95538629383106477
  0.96567755624548302  0.97687010100304728  0.98809929812887720  1.00000000000000000
 -0.00176580705614973  0.00688909700706112  0.01414340970721873  0.02179637936254129
  0.02919627133864089  0.03661728466210928  0.04450362521526489  0.05344933087434842
  0.06289214716137059  0.07238092855980230  0.08128962811458876  0.08955753038402059
  0.09826945327260463  0.10684394072603294  0.11597614800718586  0.12544687697613055
  0.13542179780144337  0.14473974295431505  0.15381971953375392  0.16318770722890591
  0.17243646107028682  0.18215258044353899  0.19154896077891126  0.20120667989281027
  0.21100231854789275  0.22073523369658929  0.22998626807292374  0.23982814592838217
  0.24991919125796261  0.25990043675215191  0.27011428354287148  0.28105829018827239
  0.29210386429643048  0.30328540464946130  0.31488470278316888  0.32740999642948487
  0.34017786894085950  0.35243308501188808  0.36377758922539810  0.37516456918834062
  0.38677635836822810  0.39890041255691344  0.41115708661863215  0.42355399755999873
  0.43620150886559472  0.44789825959616492  0.45952044837299677  0.47143860135152271
  0.48351373582584473  0.49599991479021072  0.50961812329718181  0.52414229259720746
  0.53822458121175099  0.55121739286797244  0.56363284774745515  0.57642493362571900
  0.58946236580772338  0.60245692023161845  0.61505242969416407  0.62724875389889789
  0.63900323465317022  0.65063073611669697  0.66255290469431571  0.67495015613664067
  0.68729995010184897  0.69948182761822797  0.71074952170045524  0.72121219962239402
  0.73116011121652169  0.74135748854119576  0.75137395974796195  0.76150070613538490
  0.77174882882876294  0.78263672776829329  0.79431785444125413  0.80600264415932199
  0.81786556380420750  0.82939713939235238  0.84041185795002205  0.85030543935613456
  0.85977876948606036  0.86952906008576325  0.87935188023463273  0.88997597337597611
  0.90012987716745763  0.90983479150756419  0.91958666128017508  0.92923150804497612
  0.93854537042997521  0.94737204380020357  0.95579777690275025  0.96421319168360231
  0.97292520051865650  0.98197460042216811  0.99124400536040980  1.00000000000000000
 -0.00229547822113521  0.00914511731525604  0.01845116599671655  0.02858740604941981
  0.03889309707663603  0.04919138524970420  0.05946876183396822  0.06943213945864347
  0.07910512641236322  0.08823661429184212  0.09745394064197102  0.10705616848941690
  0.11705473634789666  0.12754322956187389  0.13787516509136882  0.14754699214650410
  0.15695837545910574  0.16647564142286200  0.17670234914284808  0.18738499850521409
  0.19784614202948961  0.20776081084664616  0.21774072180199838  0.22801705483529167
  0.23853365919606345  0.24918767103619274  0.25937205192682194  0.26985358761344003
  0.28020837035472801  0.28986070639083622  0.29925389673975328  0.30901994543571509
  0.31977525151680519  0.33086507327060122  0.34144395850988962  0.35138109394541589
  0.36094679698996390  0.37042183878548474  0.37985710765704234  0.38960715046218791
  0.39991345846733589  0.41082881959371270  0.42181550169376009  0.43274621674625785
  0.44377907220524943  0.45472550125381950  0.46576885281627034  0.47706021868030968
  0.48842605655327032  0.49985337268002783  0.51140161854505306  0.52328580098816602
  0.53558780021847197  0.54782454737497610  0.56050781537884964  0.57265945258827877
  0.58419269649826344  0.59473789408049305  0.60524404586497382  0.61604382669631286
  0.62611587426096804  0.63536842415462857  0.64477532069204491  0.65471127472065149
  0.66472791866292369  0.67421653871608256  0.68435054632049996  0.69538931467149823
  0.70711482762703559  0.71821983425810643  0.72915540903636433  0.73987480533280414
  0.75025214786160221  0.76027750922981863  0.77042382512885077  0.78086849321515950
  0.79131442081680048  0.80228188331422889  0.81311136355639235  0.82347873795984428
  0.83396965038990833  0.84507640988449839  0.85653067118991977  0.86711135903749703
  0.87728162471587845  0.88836943021734716  0.90006542370730380  0.91144265131666102
  0.92237443359790072  0.93320038200872002  0.94400635959125589  0.95471543435083406
  0.96544223880652169  0.97652535346934144  0.98812723955182369  1.00000000000000000
 -0.00268796338361283  0.01033442639310862  0.02111528335084915  0.03180498510896402
  0.04210916755843452  0.05369123537391231  0.06480526896777707  0.07523005441707560
  0.08537807364711654  0.09579533085104640  0.10574628926481693  0.11501372949901285
  0.12428248514857761  0.13389096840888229  0.14342671825282774  0.15259970425528349
  0.16201670864567427  0.17250213851531615  0.18361366450831390  0.19476916580456641
  0.20572381166048981  0.21693561175297407  0.22870252091557031  0.24002431357896969
  0.25160669609318365  0.26378406096802398  0.27543219897909171  0.28677168395929908
  0.29720878680084467  0.30750242705395675  0.31734945727143932  0.32724882483312556
  0.33733801041173045  0.34714437495660372  0.35703385384315378  0.36675319224692537
  0.37727638571498473  0.38895061747682314  0.40123951659236501  0.41394804475531555
  0.42504679916875465  0.43528468995285963  0.44522786109942097  0.45495257782757070
  0.46507527642829366  0.47529446209442577  0.48608758158507709  0.49739610777284582
  0.50942985425937037  0.52167812536996594  0.53345961041852452  0.54456455632866818
  0.55525646461107270  0.56557714938475834  0.57550485043852806  0.58560420345466735
  0.59575947633259085  0.60609942374822090  0.61643444831214800  0.62676806020245379
  0.63703371569042611  0.64730676889189065  0.65746055737119213  0.66767261583373849
  0.67767105481400580  0.68741971660634205  0.69723603329083816  0.70720325598168321
  0.71806931203223612  0.72902009123322287  0.73983209235221037  0.75084056538541089
  0.76184756857723723  0.77228472140918381  0.78195083720024838  0.79204242864705066
  0.80223731224720074  0.81363445229742482  0.82494116334142542  0.83605079404467353
  0.84744200584002483  0.85897270338647480  0.87067897881627876  0.88207740552066549
  0.89290303726453479  0.90313881423799203  0.91299732795219046  0.92298709065912021
  0.93309544508705322  0.94294022282447709  0.95240683593878017  0.96189794268186712
  0.97158948185126148  0.98117504526187638  0.99043508629389443  1.00000000000000000
  0.00005541302789509  0.00032148526541857  0.00059089282565321  0.00087526196843300
  0.00116506102143786  0.00146353967462259  0.00177908147576890  0.00210429729177844
  0.00244961935034910  0.00279815017721932  0.00315052491435884  0.00351862460316822
  0.00388637234968456  0.00425280994817729  0.00461691696313392  0.00500288324769374
  0.00540072219804843  0.00581004450955066  0.00623104337658182  0.00665489123720192
  0.00712448013990893  0.00762264732469727  0.00814745680833198  0.00869621197903597
  0.00924343911318530  0.00978531638096342  0.01033215517529845  0.01089201857808147
  0.01145601306542340  0.01202105547615833  0.01259839942413007  0.01320882532785652
  0.01386508589272829  0.01455853245213940  0.01526852688393906  0.01597224441361211
  0.01670740830619347  0.01746623093333392  0.01827002211134076  0.01906701139378797
  0.01986058188534876  0.02077067422302881  0.02170141893233408  0.02264479764811596
  0.02362418416474608  0.02459422480980587  0.02558646377264925  0.02664340216017189
  0.02772438910388533  0.02883238078541329  0.02983675032893639  0.03089212249590536
  0.03193237302253875  0.03299555710217886  0.03412605031644977  0.03529807739113752
  0.03662851013606246  0.03797049947817975  0.03932792566050621  0.04067948118754915
  0.04211948865554180  0.04359457898615673  0.04496134486483009  0.04607775742516909
  0.04728877760970353  0.04853596574506851  0.04992023150710531  0.05155365178751953
  0.05347143856510300  0.05536229828627202  0.05754969295214367  0.06010816595305905
  0.06283453582075940  0.06677961989695849  0.07093526162477347  0.07492185558073193
  0.07900308750163218  0.08245279348074569  0.08577804171162824  0.08915086578949397
  0.09290950293396648  0.09700087719452839  0.10111188359706333  0.10522117914646933
  0.10962709400293678  0.11466885757994313  0.12012572673058765  0.12747088087233596
  0.14189641433608469  0.16144097779780750  0.17032074790058663  0.17735428122842301
  0.19531777779307588  0.21371118863364513  0.73054361238964949  1.00000000000000000
 -0.00213973753727902  0.00880005099585381  0.01777616724025831  0.02651447643404745
  0.03516927382863218  0.04387344561151032  0.05328275030615792  0.06229848057457687
  0.07144797031350485  0.08060075912401493  0.09001001156977077  0.09901993917530996
  0.10779565308123751  0.11675571036863956  0.12608937946930601  0.13612670429464444
  0.14621363064676166  0.15585805836480926  0.16523407515611224  0.17447877583306642
  0.18380661987239752  0.19356361580653358  0.20335499127184509  0.21323677287357429
  0.22290951728621630  0.23282827667055297  0.24291155732293632  0.25297110091627151
  0.26317552841207908  0.27362930797405305  0.28413284311198067  0.29476070412906563
  0.30579216171893830  0.31749835322533637  0.32933540374475184  0.34095544524849930
  0.35286824884454665  0.36554492985785919  0.37862781751745517  0.39185472740305333
  0.40406338102406375  0.41544577273770295  0.42687091563440610  0.43886370116268597
  0.45159393372549295  0.46434173224481667  0.47673807179226307  0.48838979139821576
  0.49955412111855840  0.51073509652540650  0.52243339027836122  0.53503443613620338
  0.54617387504222359  0.55695770474786299  0.56886555786272852  0.58240425082775060
  0.59534960194258568  0.60845577105111570  0.62092657476450919  0.63190549849141520
  0.64263988435704378  0.65386982140038385  0.66556132002911639  0.67776079912461118
  0.68996779320376689  0.70187341858976682  0.71359200293284686  0.72488758136500642
  0.73576383492596331  0.74640897778187132  0.75686978321585507  0.76791155597246841
  0.77925853418528257  0.79048644255629597  0.80106565981761979  0.81123757628889526
  0.82136125017206041  0.83106332639197300  0.84032177125809371  0.84998832905092936
  0.86063408135775810  0.87144049752361730  0.88169427577902248  0.89127971199818823
  0.90073731037453553  0.91058380503816705  0.92006785519666823  0.92934085610421924
  0.93855846991610881  0.94779502430323592  0.95718870717282667  0.96611764503746611
  0.97487311419461520  0.98358328104920356  0.99189567279151891  1.00000000000000000
 -0.03300501886766050  0.58125058917504446  0.65465543821970551  0.69800668884996797
  0.72549560535768165  0.74684826339025523  0.76484164986680236  0.77929218121742749
  0.79164907419237540  0.80261513045316191  0.81248558488272571  0.82138368778695647
  0.82950339856518285  0.83671623727971511  0.84336349134285549  0.84967835217927001
  0.85548762648612831  0.86086133222075123  0.86598324114790304  0.87086176840862384
  0.87540185342448584  0.87964006081804580  0.88361697396408234  0.88749668405697690
  0.89125656676319787  0.89484947333832976  0.89811190346976011  0.90116646322885552
  0.90409224085039552  0.90695474228236583  0.90972588816506550  0.91250379567608098
  0.91517810225965268  0.91780490031627393  0.92023771808184196  0.92259298860383865
  0.92492694983421986  0.92711858798743774  0.92924245899875813  0.93131271196616860
  0.93339729264132032  0.93545899620825479  0.93736789811619603  0.93909301778623888
  0.94068552772044556  0.94224059578303776  0.94387139408009113  0.94549450915188560
  0.94715600642879005  0.94873896666232127  0.95026590104727249  0.95175081254548621
  0.95319286480257848  0.95461053738226642  0.95601927449923352  0.95744079048882658
  0.95886650122784922  0.96023434368295868  0.96157731235546351  0.96286201653597048
  0.96410082666077235  0.96531131335936504  0.96649461994073649  0.96763522958015047
  0.96874307336083765  0.96985105992105280  0.97093530856617971  0.97201103646477860
  0.97306726716709369  0.97407868447997004  0.97502640812575536  0.97594764720541716
  0.97684263883081290  0.97771688247159094  0.97860640370218877  0.97953115503310317
  0.98048956209624949  0.98146444091338980  0.98245635555519217  0.98343845375831374
  0.98440053650391834  0.98532726992535891  0.98621808218046614  0.98710278965951248
  0.98798157486619920  0.98879610813492069  0.98964087773746023  0.99048469911719406
  0.99134006999163182  0.99220277122240741  0.99307580546746244  0.99399433943433613
  0.99502219381161783  0.99617888809200006  0.99776932885979885  1.00000000000000000
 -0.02199601076573845  0.10751246717044591  0.14505926339092345  0.16898973101852832
  0.18816718655692649  0.20393230099650314  0.21737301407245621  0.22933523259046379
  0.23998576927943424  0.25000809591202383  0.25999297899976714  0.26953987960282150
  0.27807821916915182  0.28616967233767276  0.29431555609440113  0.30254636289107245
  0.31071253450965330  0.31850995401750032  0.32588285177092158  0.33321101562626981
  0.34095837287976094  0.34860402554079223  0.35575550807197320  0.36249947781950348
  0.36938843727624782  0.37623111017024868  0.38323482407856252  0.39011677678918072
  0.39641292723008587  0.40219972753437749  0.40775000104279802  0.41321237759288115
  0.41865763584557913  0.42400904937974493  0.42912257578960117  0.43474727099816246
  0.44019849012184237  0.44559698395627667  0.45142513628044167  0.45746896194171266
  0.46335803565154032  0.46892218579452433  0.47432862124841163  0.47987573676072165
  0.48592348660927609  0.49199514529785576  0.49800295713878234  0.50385534486295369
  0.50960982494237583  0.51529269192149707  0.52089475764295579  0.52644902452208142
  0.53189137470884584  0.53752439338160196  0.54326017991483266  0.54867466584389346
  0.55416692518352972  0.55954585169550519  0.56517529499586350  0.57095148049285627
  0.57670140375399859  0.58231198000390882  0.58784970738650577  0.59343182182960563
  0.59917757938659777  0.60508969006009117  0.61085269367425687  0.61621734413728502
  0.62133521280575066  0.62651886541495228  0.63197445728778279  0.63794399238252675
  0.64400006695218948  0.65050842867459890  0.65729176959416702  0.66396620904980130
  0.67088926202559862  0.67814596066424615  0.68568794814088574  0.69365880255168211
  0.70214371093687122  0.71115877550599071  0.72048020703347881  0.72960914266755827
  0.73864241082206294  0.74783371046193925  0.75680909135693653  0.76604810364114517
  0.77611498059625894  0.78689250556956614  0.79858157697372611  0.81229924613406079
  0.83034944576263048  0.85331404831968860  0.89018344813492079  1.00000000000000000
   1.6034556944587357E-012  -1.0000000000000000     
 F F F F F F F F F F F F F F F F F F F F F F F F F F F F F F F F F F F F F F F F F F F F F F F F F F F F F F F F F F F F F F F F F F F F F F F F F F F F F F F F F F F F F F F F F F F F F F F F F F F F F F F F F F F F F F F F F F F F F F F F F F F F F F F F F F F F F F F F F F F F F F F F F F F F F F F F F F F F F F F F F F F F F F F F F F F F F F F F F F F F F F F F F F F F F F F F F F F F F F F F F F F F F F F F F F F F F F F F F F F F F F F F F F F F F F F F F F F F F F F F F F F F F F F F F F F F F F F F F F F F F F F F F F F F F F F F F F F F F F F F F F F F F F F F F F F F F F F F F F F F F F F F F F F F F F F F F F F F F F F F F F F F F F F F F F F F F F F F F F F F F F F F F F F F F F F F F F F F F F F F F F F F F F F F F F F F F F F F F F F F F F F F F F F F F F F F F F F F F F F F F F F F F F F F F F F F F F F F F F F F F F F F F F F F F F F F F F F F F F F F F F F F F F F F F F F F F F F F F F F F F F F F F F F F F F F F F F F F F F F F F F F F F F F F F F F F F F F F F F F F F F F F F F F F F F F F
  <DiscreteSampler_grid>
  grouped_processes
  1 # 1 for a reference and 2 for a running grid.
  10 # Attribute 'min_bin_probing_points' of the grid.
  1 # Attribute 'grid_mode' of the grid. 1=='default',2=='initialization'
  0.0000000000000000 # Attribute 'small_contrib_threshold' of the grid.
  0.5000000000000000 # Attribute 'damping_power' of the grid.
 # binID   n_entries weight   weight_sqr   abs_weight
    10   10   6.507373844062021E+000   1.863414275051690E+002   6.507373844062021E+000
    16   10   6.586469702980116E+000   1.925549789991512E+002   6.586469702980116E+000
  </DiscreteSampler_grid>
