  0.00205686266089591  0.01683725655665731  0.03154528725468611  0.04460149214577907
  0.05652746948130514  0.06841299039086804  0.08039645709676253  0.09170581988342978
  0.10208549078756413  0.11202226979372400  0.12205382100110071  0.13199198092260570
  0.14148413191584097  0.15105898661939446  0.16116182244623220  0.17166198601499011
  0.18204949463686451  0.19205016285533127  0.20197202098992451  0.21224718325605460
  0.22255914764945064  0.23289641872015304  0.24339880926494245  0.25438721853688395
  0.26637692913793271  0.27771947105764416  0.28856395822901187  0.29922710019655702
  0.30940928798420975  0.31932038712264899  0.32915364964042337  0.33882022590876787
  0.34815046256648186  0.35842512695137629  0.36952969973869154  0.38102276788131217
  0.39216517980224902  0.40286550735008758  0.41329537066799216  0.42355143184815641
  0.43413823478522690  0.44519299563107051  0.45629715907472251  0.46643462919496703
  0.47576169702060606  0.48521817877284473  0.49564863589212393  0.50682362142157877
  0.51829264498658112  0.52947929778397695  0.54026884150934940  0.55050855086655959
  0.56079595812812433  0.57166899076534405  0.58294835569455350  0.59425441151237823
  0.60590674031731528  0.61751663028609827  0.62879686640054444  0.63978856615391966
  0.65113001530191272  0.66312986147490816  0.67192764580247000  0.68111958640999815
  0.69021493923041743  0.69966207102145273  0.70993099701416129  0.72023747241214942
  0.73049625606668522  0.74072205978350136  0.75094330808864351  0.76155518680946532
  0.77252542015425718  0.78337313302381628  0.79394652410825672  0.80438228610381224
  0.81481033297027172  0.82497974950409092  0.83540937807426718  0.84643379011304631
  0.85757737729673500  0.86847169354774578  0.87923317803343204  0.88998481512723671
  0.90084088024849496  0.91154378286548021  0.92198920413837981  0.93239124491572689
  0.94292990819072808  0.95366311929684566  0.96388145911098144  0.97328248332293321
  0.98157244558161050  0.98834524613613162  0.99222884464050087  1.00000000000000000
  0.00945011895930173  0.01683038360940976  0.02628491583593646  0.03632282684321188
  0.04668842323417157  0.05863942928736678  0.06901682249239183  0.07948996677823404
  0.08939939723565149  0.10019796847061904  0.11140612318195471  0.12252795982993353
  0.13438968636978499  0.14626598852410749  0.15836809322988826  0.16970639672580043
  0.17942701792584173  0.18952002737518697  0.19878273895825130  0.20848403129256488
  0.21870377535297317  0.22932817488123780  0.24050493825926153  0.25120882341895756
  0.26179172314949872  0.27180818935877166  0.28180089077219173  0.29209499234845193
  0.30380463020017373  0.31549117484146727  0.32640075056643514  0.33731371497852153
  0.34757932353034893  0.35781157178773970  0.36688099592645296  0.37630204864684613
  0.38620680224538523  0.39677180172034243  0.40797040686492098  0.41907782178815939
  0.42999161814313919  0.44049895221430291  0.45111685349424369  0.46231459990240148
  0.47378184791896089  0.48478139399536563  0.49565942837757904  0.50649028384582695
  0.51714251846456161  0.52793590945306235  0.53826312837332990  0.54801463232406167
  0.55742788345208827  0.56716250175466032  0.57719491651738963  0.58709434499676416
  0.59680746286747766  0.60642300186822651  0.61474866794096450  0.62287226629406300
  0.63117014454054354  0.64052166379680153  0.65173864087640376  0.66448197510792029
  0.67672594209738546  0.68857552079367346  0.69993855785127090  0.71158053146942601
  0.72257951885560789  0.73286578337060282  0.74293368789482805  0.75378952856706949
  0.76553679476634262  0.77641858820619292  0.78655200982106610  0.79642904330693265
  0.80617356584721911  0.81597253748396503  0.82594647802533394  0.83613537167172292
  0.84599005112971426  0.85567231526027554  0.86625988543034094  0.87654497385360008
  0.88713737630083811  0.89787754302423173  0.90890984690052989  0.91985722477800735
  0.93021553578220273  0.94035566217436495  0.95025631307879810  0.96048340123239551
  0.97072087848773436  0.98064989392152269  0.99141357886131087  1.00000000000000000
  0.00091147966990677  0.02161616300918138  0.03836878666996626  0.05166524324217916
  0.06382041833413493  0.07581571040210755  0.08666005791889710  0.09730177161581480
  0.10869005377043245  0.12167574605350870  0.13390910641762396  0.14561687078904104
  0.15769365010997458  0.16973501932074619  0.18201574574018564  0.19412733421162962
  0.20619975603857607  0.21748285146334184  0.22835311381586529  0.23874146483253650
  0.24968765244813818  0.26095231960808701  0.27218715316130715  0.28289871760794916
  0.29349424184254758  0.30446632492401798  0.31563292497509093  0.32689036516252479
  0.33774651749599677  0.34822605674869611  0.35919772210375384  0.36866512111594518
  0.37776015090755050  0.38665172677004073  0.39647131333523833  0.40671796345900263
  0.41613311670911013  0.42534040565372949  0.43450097542524130  0.44419442923795116
  0.45491229090912272  0.46535254052023467  0.47569303688321696  0.48613676942044115
  0.49648325452802322  0.50658882103549163  0.51631470482555475  0.52590968186207510
  0.53499976984422570  0.54360611353383359  0.55226628749833995  0.56184076616194001
  0.57229874670679404  0.58381412197615745  0.59501521596849027  0.60616785466475109
  0.61663408411772247  0.62649144567488224  0.63609703800493933  0.64563275524376329
  0.65507958943876177  0.66470124198114411  0.67480586074220694  0.68569421155744981
  0.69680031759304495  0.70777583615563588  0.71861230876262727  0.72971327504440142
  0.74063591922865890  0.75116613535635413  0.75961907154837982  0.76742858244942347
  0.77567872234355395  0.78424079939433478  0.79342320526180377  0.80325229465404857
  0.81342596002181611  0.82382253418590690  0.83409332076597920  0.84374230138657724
  0.85331576354258387  0.86383642326044907  0.87519913315648268  0.88689499168112851
  0.89867945361350399  0.91019599308912791  0.92105827579857269  0.93144731036918427
  0.94164979716383723  0.95173444312449240  0.96147297319516312  0.97035027969791876
  0.97845151449296131  0.98584442350614132  0.99267139454221720  1.00000000000000000
  0.00000418581334108  0.00000444782201771  0.00000463568402624  0.00000482095267553
  0.00000500777534912  0.00000519239577095  0.00000537448197625  0.00000555558551363
  0.00000573007783414  0.00000591584917421  0.00000610604214163  0.00000634658282605
  0.00000657563331518  0.00000679909108059  0.00000702816674440  0.00000726410736760
  0.00000748056912764  0.00000766052957479  0.00000783438665828  0.00000801652419944
  0.00000821953870962  0.00000843626930217  0.00000865219743401  0.00000887021281851
  0.00000909115512786  0.00000932539931208  0.00000959954687559  0.00000990887408054
  0.00001021354927842  0.00001052250199706  0.00001084087323097  0.00001117582103771
  0.00001151659034924  0.00001186609779350  0.00001222380077052  0.00001259155293004
  0.00001297265438197  0.00001335741272052  0.00001375921558075  0.00001415933174949
  0.00001458308813002  0.00001501614841979  0.00001545197098402  0.00001588495832356
  0.00001633596207519  0.00001679809393792  0.00001727047154545  0.00001775925403380
  0.00001824916639693  0.00001877640499708  0.00001936397402872  0.00001999800647463
  0.00002062604997812  0.00002125908299172  0.00002196225439477  0.00002269061405443
  0.00002346992120015  0.00002436116594308  0.00002529324568791  0.00002620798743299
  0.00002716326504596  0.00002817742281908  0.00002926757254624  0.00003039556371200
  0.00003163078569368  0.00003299558022609  0.00003448324694690  0.00003619186244112
  0.00003813213738965  0.00004022379705103  0.00004248328419514  0.00004502225134401
  0.00004790567161596  0.00005125855312295  0.00005511352133067  0.00005965759207283
  0.00006508328689342  0.00007210735148083  0.00008162163270986  0.00009482796709111
  0.00011198207439118  0.00013431972031115  0.00016440030410560  0.00021064325751414
  0.00028330133457433  0.00039658960529232  0.00058039810994443  0.00088887869766843
  0.00135921811680284  0.00214272759268661  0.00367155502119603  0.00704573626104031
  0.01342436808923187  0.02997142518708875  0.06603819472853664  1.00000000000000000
  0.00000052341563118  0.00000164221457804  0.00000235128559531  0.00000295597951054
  0.00000354689880622  0.00000414907005083  0.00000470204362423  0.00000525573142537
  0.00000580312864104  0.00000634599823573  0.00000688685490597  0.00000743591490209
  0.00000798023254008  0.00000851407370550  0.00000905747292991  0.00000961491127119
  0.00001021243370374  0.00001083244259723  0.00001143527177591  0.00001201333927836
  0.00001257389044887  0.00001313654133306  0.00001370907143483  0.00001429868768870
  0.00001491766520818  0.00001556910002747  0.00001625319881740  0.00001697098359705
  0.00001761629409327  0.00001824836196292  0.00001893602270866  0.00001964328839684
  0.00002039861153305  0.00002124695464366  0.00002218969957637  0.00002313544906974
  0.00002408303617190  0.00002508553907951  0.00002613194392554  0.00002724591087709
  0.00002844613631945  0.00002972712330770  0.00003101579172100  0.00003241176134445
  0.00003380040057107  0.00003526695973434  0.00003682899940281  0.00003840034934292
  0.00004011936600064  0.00004206352986548  0.00004416089427591  0.00004636327938447
  0.00004869716288073  0.00005127105655093  0.00005437245061370  0.00005795211676419
  0.00006184809766413  0.00006612867538001  0.00007091756638269  0.00007635661981463
  0.00008271268060682  0.00009086873471660  0.00009959246123799  0.00010877502123875
  0.00011851882777150  0.00012924397489008  0.00014194197635579  0.00015679551704405
  0.00017326162106797  0.00019196607069302  0.00021388529142491  0.00024146476932033
  0.00027688106539370  0.00031847338603765  0.00036531824899725  0.00042111591593081
  0.00049282447441581  0.00058661155997454  0.00070322582353916  0.00084625437839537
  0.00103845225033310  0.00131964307468536  0.00171679905289724  0.00228325580280220
  0.00301848817083160  0.00387700752612282  0.00505950565780805  0.00656278656744478
  0.00852319884200937  0.01045318542528542  0.01321865893736318  0.02111352448043614
  0.02837301338211666  0.04424616356387272  0.11157438916383039  1.00000000000000000
 -0.00162576948148695  0.00617997209290966  0.01358072892451194  0.02149232115687943
  0.02996177575594734  0.03833268736135612  0.04675787744908111  0.05562583888424361
  0.06444678918182628  0.07373890142512915  0.08342832665064932  0.09368469689998572
  0.10399149481316713  0.11441955670995063  0.12460668755739777  0.13470592984242757
  0.14459684697655226  0.15455945806806018  0.16467685556341358  0.17508348474099375
  0.18641621247595119  0.19814995091827925  0.20879059157485705  0.21809359968568151
  0.22696050138606497  0.23610748861277403  0.24603193876718912  0.25642505708586361
  0.26714567301398107  0.27847031327678284  0.29032867753996822  0.30198288123287681
  0.31322358971104503  0.32422211781818078  0.33567848246969306  0.34740899230512562
  0.35986022906357812  0.37128712378753970  0.38262450300759887  0.39396422071631965
  0.40594030775859558  0.41744990128760351  0.42865084493664340  0.44018633266089469
  0.45239911944610306  0.46494892085773454  0.47776749796063844  0.49055310160436721
  0.50296053424376719  0.51511881417561267  0.52799108668988870  0.54084632798714616
  0.55304819796758109  0.56466016159533905  0.57635293735226634  0.58828471733072996
  0.60019707122971033  0.61246392321926546  0.62488473980340919  0.63715257759016186
  0.64871181438565562  0.65958387271773100  0.67067874113238934  0.68188309347734677
  0.69282014629391586  0.70346651666461235  0.71428505196433423  0.72549171194602857
  0.73780833780164179  0.75037729925090735  0.76198507826830675  0.77240813730086044
  0.78207488782156531  0.79183998997009575  0.80202013949029050  0.81242208828730678
  0.82267077755805185  0.83201243448030093  0.84213754241739935  0.85272622666595299
  0.86337012563487625  0.87424303707483098  0.88536536999400695  0.89657605440009824
  0.90746566599219836  0.91686508865313765  0.92443435969853938  0.93190134185019369
  0.93887619492503060  0.94621834860444931  0.95456832182815765  0.96365074744647616
  0.97308012704384372  0.98250838786443273  0.99122658133025099  1.00000000000000000
 -0.00262016844092342  0.00975026016379345  0.02010049079519241  0.03116236095173847
  0.03967130114081378  0.04877144869199229  0.05885116319167341  0.06836453170305955
  0.07903258336627209  0.09119139608296220  0.10294547286657245  0.11441137511656645
  0.12487684330753675  0.13566165855859008  0.14622820399596237  0.15718944466687781
  0.16786314511112077  0.17886596395131826  0.18952126596799024  0.19978067396666774
  0.21058752924128904  0.22033028093827783  0.23082111250564138  0.24155598895530786
  0.25290846930550764  0.26469170836976275  0.27672499730806066  0.28857940251341330
  0.29962311990739054  0.31033816346800230  0.32084823871389256  0.33095884291796729
  0.34064235977904062  0.35054830799666536  0.36102071372879019  0.37184371241332936
  0.38271188401972872  0.39357508221823490  0.40410107966353609  0.41413962044846303
  0.42396204239812746  0.43395140351503297  0.44434441982943579  0.45547666207862725
  0.46727690394469840  0.47938493643229879  0.49171823295122341  0.50328184823168798
  0.51381897759749140  0.52397087022116451  0.53403583935334187  0.54403481920129604
  0.55410505631540252  0.56417237714751001  0.57409452431321906  0.58421448037108115
  0.59450731175972593  0.60475269412740795  0.61426013695261261  0.62358482136002180
  0.63345152714097552  0.64423531189963201  0.65535499737499603  0.66551017102959753
  0.67446112119849599  0.68372412139838123  0.69321142165409588  0.70557660923698773
  0.71662584909177385  0.72789568418238093  0.73919453555563963  0.74996048475752675
  0.75998667293248423  0.76988348326428047  0.78037785010368954  0.79068748961713209
  0.80058445794406463  0.81076514587673920  0.82169402288913573  0.83328372093716940
  0.84396783775219142  0.85423960337375382  0.86440295906749709  0.87512605123724929
  0.88609821399060029  0.89692698287217631  0.90792272151116216  0.91896341285470962
  0.93013327744484287  0.94071351390008795  0.95092927777112457  0.96134400388683283
  0.97126268068556088  0.98074107340100658  0.99023177306358234  1.00000000000000000
 -0.00116715373118090  0.00561638874865942  0.01359161948974078  0.02260908500341329
  0.03296406499644256  0.04303104372061824  0.05301941051315935  0.06328116774384808
  0.07370738962470715  0.08456093943409031  0.09561496167678324  0.10638276289855900
  0.11687539989784916  0.12711972690444892  0.13752313789183337  0.14832152038103755
  0.15912637781531605  0.16968147415234633  0.18004335030135696  0.19028836837157484
  0.20095915368163073  0.21119015209614667  0.22140503266791461  0.23123138465529111
  0.24083400732412591  0.25080444426483239  0.26142489542109376  0.27266951666707528
  0.28403543147349547  0.29577277388682993  0.30798258452176341  0.32053392850016899
  0.33269823015370886  0.34373224830896204  0.35426517401020546  0.36477897412709509
  0.37518954508100921  0.38542301338692253  0.39558351955187321  0.40593707440563542
  0.41629627217525261  0.42647617206707350  0.43682007307841936  0.44735360265312329
  0.45787789720944394  0.46795446225649900  0.47755485612190440  0.48759742925921978
  0.49819429331941156  0.50897189263162335  0.51983795613489980  0.53020277848369368
  0.54075661658265539  0.55138188256151943  0.56221746739194389  0.57292131745251174
  0.58394663753144072  0.59596341477713954  0.60863601617925633  0.62061197810766267
  0.63279291878208321  0.64407559836724837  0.65481916794675432  0.66574502173775241
  0.67714623699336174  0.68811533264794511  0.69888437666318137  0.70982318872289463
  0.72153168163845693  0.73339712911077526  0.74559529414392633  0.75660422644856018
  0.76694410329312679  0.77661151866634570  0.78611271306546660  0.79605300014378244
  0.80589331632177441  0.81656269401695969  0.82741215525249134  0.83773039547353079
  0.84852343861812896  0.85828290308575850  0.86847201785673067  0.87778283797471768
  0.88743886232328073  0.89806156262337955  0.90896332311862960  0.91982348705802408
  0.93066135484524037  0.94087329285596655  0.95136980037675356  0.96198808337270536
  0.97208116554915569  0.98164719155711821  0.99043245961897852  1.00000000000000000
 -0.00282464428850499  0.01042806397534154  0.02224466055518757  0.03485552563996895
  0.04671940848326953  0.05684841960402368  0.06637081268951882  0.07523019044589054
  0.08431557880470324  0.09365856904738949  0.10380613899973407  0.11444628720039324
  0.12549691960578011  0.13630246306930127  0.14692438902611912  0.15752779452673382
  0.16822516315768996  0.17891991808093188  0.18946853146034143  0.19931576599879222
  0.20878879854430793  0.21788070925159550  0.22740849056098189  0.23778032428248644
  0.24845020769769074  0.25953895685681971  0.27080122554750080  0.28179022412356097
  0.29204394089352353  0.30128902989559431  0.31103897292884952  0.32098958259230520
  0.33026040861139389  0.33953669937658398  0.35014776035604672  0.36139075346369587
  0.37316650914186722  0.38407076382521388  0.39488692823527000  0.40578293600391629
  0.41723626888179111  0.42871377387852000  0.43976923929270162  0.45083215565138263
  0.46246326241770952  0.47430359114024395  0.48612651350487585  0.49738994856559082
  0.50845989460175378  0.51953925932337464  0.53059761053797461  0.54208383335445376
  0.55348124557672029  0.56544346669982137  0.57616159128405042  0.58620305439644815
  0.59547885443469994  0.60508339528417920  0.61540363988395963  0.62532228032799320
  0.63463129868229573  0.64424839058451966  0.65408219217995400  0.66492096689714819
  0.67576970938425496  0.68637868495667143  0.69668267085932700  0.70729189642038781
  0.71821216402111532  0.72817915154477453  0.73758740319338734  0.74726576998812200
  0.75708505211655774  0.76875941774442746  0.78000893789357995  0.79057246317174712
  0.80091058709295404  0.81119674150934373  0.82138851051989281  0.83117244104583354
  0.84077804855807248  0.85049465714632111  0.86065698401239277  0.87134430126716733
  0.88233231576068005  0.89321963693119111  0.90366682946553745  0.91437603265802159
  0.92443458546604629  0.93540101062428238  0.94649388494841746  0.95738439754970295
  0.96770994919411080  0.97810264001378977  0.98902570828625036  1.00000000000000000
 -0.00198225412047230  0.00736529043931568  0.01575210997244567  0.02454832445232536
  0.03334549160440291  0.04219528918972423  0.05091742521804877  0.05992255813688702
  0.06987354381044542  0.08080860386829992  0.09205338561378107  0.10309479616938938
  0.11398667269255326  0.12483808073784998  0.13593987083358042  0.14647185755336703
  0.15498965175260371  0.16384776792894837  0.17251615382827312  0.18141632700425842
  0.19173368435396257  0.20224807288408694  0.21307037555241110  0.22325364644605061
  0.23313651329908155  0.24275679700861927  0.25272625581524699  0.26251244790104289
  0.27249304697360555  0.28320951500718011  0.29509061810948511  0.30747640105950486
  0.31944702952031651  0.33110095240562404  0.34293006632710266  0.35516987994939370
  0.36754026745898588  0.37986819027428298  0.39195208870877180  0.40407991082538153
  0.41604385559246226  0.42699471872225198  0.43792012994066448  0.44919604054163925
  0.46245562068618068  0.47593491027300133  0.48817933431827149  0.50044868475189674
  0.51297262323007675  0.52453013568790985  0.53558539772220426  0.54750261015056190
  0.56016057184193124  0.57250610569134175  0.58489779545763576  0.59774344201760476
  0.60966778658968468  0.62163481737415893  0.63371595789629842  0.64559493497195353
  0.65639416280364704  0.66697723975669421  0.67717799352103902  0.68769516086237670
  0.69862970179826978  0.70982269367003803  0.72110834440194771  0.73301794479572224
  0.74512760740609696  0.75686609436005059  0.76783748055808476  0.77894770891818688
  0.79008120205611154  0.80037060497605184  0.80994230119267707  0.81947137226967193
  0.82906102315609043  0.83841430826754115  0.84763564033125094  0.85705613535511804
  0.86673182508742430  0.87639814153086137  0.88600398092958699  0.89528616767375568
  0.90416221867296553  0.91292591931853573  0.92171810968728041  0.93056503163354565
  0.93943247356226467  0.94831972375459728  0.95695621887119842  0.96571831546416675
  0.97457183876509168  0.98296266811638977  0.99191290520821629  1.00000000000000000
 -0.00213513026051301  0.00847243115465553  0.01735093604123754  0.02710386202942808
  0.03673502496899349  0.04631843095444544  0.05623983184105720  0.06649751208049200
  0.07758969362886507  0.08799949815827814  0.09813599706198459  0.10823460578964150
  0.11850563074646160  0.12823178528986018  0.13810067215351174  0.14830400009822323
  0.15913272599072897  0.17021746586949388  0.18167220999737568  0.19265695263576846
  0.20381969903287633  0.21515479414095057  0.22655424434322682  0.23785136866949452
  0.24833002482033287  0.25912176277785381  0.26975966905997334  0.28035702595477213
  0.29052733124996410  0.30131327781840683  0.31207642576396788  0.32274974619833902
  0.33356582975031002  0.34473671622123320  0.35603874450084305  0.36679517273717221
  0.37726721152477927  0.38738904758585374  0.39705803350948038  0.40645270911802533
  0.41596940141107980  0.42565972314001432  0.43364397231010221  0.44223572300759090
  0.45146264360488270  0.46121050604675085  0.47184900655378437  0.48268890416680804
  0.49334447846708973  0.50473604784501125  0.51592329495969236  0.52643090928762715
  0.53699204788970234  0.54746821636100373  0.55823128026126467  0.56856641756416904
  0.57857379035581236  0.58854071126798102  0.59950582394903629  0.61063319250766990
  0.62275113262734749  0.63443113455415467  0.64646151193249513  0.65727988653189373
  0.66815157497225275  0.67900850694576331  0.68978546825421738  0.70149503104125366
  0.71240319074754543  0.72289588302161190  0.73299457914291521  0.74332435591003976
  0.75367873522338946  0.76425986439250171  0.77491196866307188  0.78540925727202215
  0.79573447093120031  0.80622699682950716  0.81667327408771295  0.82676699848519097
  0.83659851291971443  0.84636355391713836  0.85672905312708281  0.86769450491261602
  0.87880906739674036  0.88994576115659030  0.90107641818849538  0.91312360686656169
  0.92445449519207545  0.93549661541762597  0.94615462665272865  0.95685498360976329
  0.96730695713497306  0.97740145232628994  0.98847548430698884  1.00000000000000000
 -0.00230865763606289  0.00905770657950097  0.01886188542538803  0.02887213533616664
  0.03831797406233495  0.04800723323507677  0.05784740587426353  0.06830343700274177
  0.07805590922993182  0.08713329471957591  0.09566194349180834  0.10423368972052627
  0.11403076690279422  0.12457850868782536  0.13551954291755858  0.14686816059456756
  0.15861455629565593  0.17004179951443191  0.18129856064898692  0.19291541853674912
  0.20532322422439667  0.21837658707067795  0.23022234314883050  0.24061767816572793
  0.25073145692583043  0.26114600691398898  0.27158196997159867  0.28152350859674247
  0.29118135226915798  0.30179504449738903  0.31345007535941299  0.32551633315467848
  0.33768138770430861  0.34946639839557070  0.36081645931260153  0.37197937063190267
  0.38240305095884203  0.39259722729200686  0.40298754659152836  0.41385516755786511
  0.42436462497907368  0.43441528340084812  0.44455278914041158  0.45497788944535483
  0.46577791680096836  0.47646798261522394  0.48707433002888351  0.49825750293779236
  0.50852713143061468  0.51885624094162064  0.52886787947711156  0.53869823305290288
  0.54900297332654691  0.55964380298277450  0.56985140304305371  0.57926015790317165
  0.58860444195002537  0.59869566456941214  0.60863683569187821  0.61878299197882536
  0.62938491260288021  0.64136163794160628  0.65279992200755244  0.66315459407553279
  0.67329158952261792  0.68371367058986476  0.69464289881343955  0.70547525462932803
  0.71643662149077691  0.72722474603714460  0.73698771590425727  0.74616815553177018
  0.75597790017156441  0.76656533408809369  0.77777306692615700  0.78873378338949118
  0.79982974113173655  0.81077672253744926  0.82176739599071014  0.83263820347385586
  0.84330686191257787  0.85435571529213550  0.86509118247868244  0.87524748885191239
  0.88498154157386288  0.89492648232293637  0.90526142299314938  0.91553615933897925
  0.92501025453883778  0.93497472084430655  0.94489222676047413  0.95519668804697910
  0.96604562031980212  0.97625157527909567  0.98829959084659591  1.00000000000000000
  0.00014564393858879  0.00029970741237019  0.00048117878470814  0.00082105577032016
  0.00114023113374530  0.00140849176060233  0.00166029053290920  0.00188613724441627
  0.00213023497857807  0.00238412327987404  0.00264918353808553  0.00293130338105927
  0.00322511263375395  0.00353111474298840  0.00384785629380534  0.00416959415404291
  0.00450227334323006  0.00486988166380060  0.00524596155526481  0.00563129489232001
  0.00602559154767184  0.00642748241799682  0.00684502960464906  0.00726823322528504
  0.00771043435978214  0.00816373834022996  0.00861649142155658  0.00907522747101730
  0.00954891168618898  0.01003402361889072  0.01053337001169585  0.01105297317562091
  0.01159058064582989  0.01215630297856756  0.01274341034782155  0.01333179391512037
  0.01395518315061040  0.01462804274031359  0.01528138173072457  0.01596189648682913
  0.01663182532758544  0.01731086973914937  0.01795844885116804  0.01861462624470607
  0.01933492136225956  0.02014218026872746  0.02095895999648332  0.02172908542190110
  0.02251455676066324  0.02337198985399425  0.02407465208493770  0.02476016126379335
  0.02545956140012180  0.02622232161317796  0.02718344342588390  0.02816852776660140
  0.02911973543257938  0.03008331705181203  0.03110450356333917  0.03223192217395301
  0.03337730470731835  0.03459874978098190  0.03586036918410243  0.03712661691295423
  0.03847692806729096  0.03977650082994121  0.04112333451155950  0.04244552705856365
  0.04340343630265726  0.04425515963838497  0.04511018407161830  0.04616214326308820
  0.04716132237178632  0.04838328715676177  0.04938320107875095  0.05042576384634992
  0.05170955065414513  0.05278441390646244  0.05393929469868548  0.05513459321204508
  0.05668551854096967  0.05912313874180232  0.06176464841411048  0.06469843316124345
  0.06795116798607882  0.07112011210138165  0.07576351759788445  0.08049886896280754
  0.08559951045516184  0.09156194999910669  0.09992149223339512  0.11361562831755424
  0.13534720781389331  0.15681305956798566  0.81996555732792697  1.00000000000000000
 -0.00272064724683326  0.00993916003649986  0.01941747631407810  0.02851194798917238
  0.03694200213099638  0.04555859212987293  0.05432598905466483  0.06334924802856844
  0.07272979691814094  0.08236502911992093  0.09242584591151784  0.10234698086209471
  0.11192223349903521  0.12164379430885690  0.13177386678944764  0.14200548656818229
  0.15197125350582044  0.16179461935570230  0.17204218641425839  0.18303552941856882
  0.19392339787454518  0.20468786698496341  0.21512602677330631  0.22536180666516598
  0.23511448249347602  0.24490080650367191  0.25577254714112979  0.26674557897278989
  0.27716359227863879  0.28732831432438799  0.29797930158506419  0.30905526490204333
  0.31968830411554305  0.33033126201215368  0.34158172185638191  0.35342988110826912
  0.36595180083802692  0.37914413050163759  0.39241432816919214  0.40426689003288951
  0.41506186400579337  0.42635503312859518  0.43942847724180911  0.45314246051261586
  0.46669763537840420  0.47974779704156240  0.49299581613095017  0.50621663825086438
  0.52037403970900353  0.53375206301662237  0.54681772031349596  0.55960725132577971
  0.57274507004733710  0.58610579341807478  0.59958721008319493  0.61304145425434642
  0.62597992148016590  0.63838660394983271  0.65021381971271974  0.66205283625668354
  0.67412553367504502  0.68636730682642288  0.69849595406621845  0.70998277072118809
  0.72069279456421487  0.73150970617291666  0.74262835471112976  0.75350888610127942
  0.76442705816408074  0.77484119100904525  0.78517476260525909  0.79471743027927599
  0.80335985621137018  0.81181401976351308  0.82020618156924796  0.82873548711282596
  0.83765061986640088  0.84685078744104614  0.85575705451881778  0.86482611150952748
  0.87394709999424758  0.88332205890171123  0.89273163598741989  0.90175444961968043
  0.91098231575463540  0.91937930508985299  0.92753285953646902  0.93523627751645710
  0.94350154631520333  0.95160740821173506  0.95922999430681299  0.96634968771306495
  0.97363161097542206  0.98145339285316735  0.98935097754366064  1.00000000000000000
  0.04086192638810143  0.57943391326233318  0.65402450275677038  0.69554807493252824
  0.72371130133362183  0.74576631379399583  0.76396741958242043  0.77910515748473919
  0.79208472635503224  0.80321733120185079  0.81326525040426867  0.82236544606617057
  0.83073824096185656  0.83819511164434268  0.84492513697427096  0.85126812465805435
  0.85707447018174387  0.86244295969925233  0.86751274169103088  0.87226271355927487
  0.87666600628071523  0.88083770024847818  0.88494210860608735  0.88902173260702588
  0.89299421123860057  0.89665138169894210  0.89997152444235295  0.90315128875659734
  0.90624134921223887  0.90916642571881834  0.91194410237846901  0.91466210516468582
  0.91727268795461858  0.91973144875385571  0.92207829940785191  0.92444735678940859
  0.92679283393535861  0.92899294197355597  0.93106543457496216  0.93303258677714673
  0.93492157739268711  0.93685230916992290  0.93867306398888017  0.94047980066827874
  0.94227708076145800  0.94405194499918088  0.94580432231616873  0.94746868016369279
  0.94903905143912703  0.95055277896568346  0.95205192152358475  0.95351137447748779
  0.95492909272216142  0.95631877577390256  0.95765351317248382  0.95896172529480661
  0.96019139261114628  0.96140245747456465  0.96261298877301693  0.96392174810555853
  0.96519018310618532  0.96637841061651897  0.96746302198653988  0.96852976811147640
  0.96960250959235694  0.97070155635435240  0.97181386484122911  0.97292842380868427
  0.97402983017022282  0.97508192552140893  0.97609772967736619  0.97709327875164353
  0.97807678998272296  0.97909325219918841  0.98009125088979121  0.98104305508403322
  0.98194753737147078  0.98281756022276534  0.98366915203523864  0.98450962311460843
  0.98533995714554778  0.98617741312680784  0.98700010149963058  0.98778588227128217
  0.98855236524723100  0.98932069880398876  0.99010643656420150  0.99090300811073617
  0.99169671612290355  0.99248371806887370  0.99328473905827186  0.99414957304362639
  0.99513985807992544  0.99627503909082382  0.99777121195379259  1.00000000000000000
 -0.02293355950516181  0.11192927900297688  0.14986134582232030  0.17207599260279016
  0.18908864924598975  0.20348665004199884  0.21604012812140502  0.22725609665171936
  0.23816100785165292  0.24894348729232346  0.25921759375532438  0.26870642308021836
  0.27803665843191550  0.28701797039414467  0.29546018745775371  0.30278804119445268
  0.30975786339268685  0.31675284100091672  0.32405610424293979  0.33134582022744419
  0.33867795501556447  0.34561115668541659  0.35263797113930800  0.35994834321977931
  0.36698638033936820  0.37371703240640358  0.38004581520770714  0.38621122365859206
  0.39232698109374620  0.39841897311534707  0.40449893670651166  0.41060019101757111
  0.41669727426612219  0.42272365577210430  0.42867949471927069  0.43459701313778265
  0.44037715933122951  0.44615246762949401  0.45208327897670819  0.45801507602636471
  0.46404856270250028  0.46965844970600862  0.47525654827580460  0.48081943181408660
  0.48644330548044767  0.49215636570192023  0.49778418323057361  0.50317991681220908
  0.50847132999787481  0.51386656224691241  0.51925782287384736  0.52433426545509487
  0.52911862745668725  0.53390888586028440  0.53891123603858759  0.54446810230501852
  0.55001743968996197  0.55541853982183931  0.56075738599757330  0.56630177777553414
  0.57188402401212390  0.57743507026681073  0.58296958193150838  0.58860559006171276
  0.59434412158323513  0.60023868594079210  0.60587751633442410  0.61277406637365028
  0.61748442916510593  0.62288665698931223  0.62834974524241138  0.63365806648439127
  0.63944396850488971  0.64590967014654233  0.65239687179448624  0.65936536450791450
  0.66642256238645492  0.67392779185341445  0.68099151418165871  0.68831875124872621
  0.69588439567387650  0.70396413026530680  0.71239668176263893  0.72122955351324014
  0.73052593535149846  0.74048400099005707  0.75078701359445721  0.76165758278566409
  0.77292345747295754  0.78489427555745150  0.79874104287139913  0.81362435630698426
  0.83072593297067709  0.85331661256189484  0.88837640762714976  1.00000000000000000
   1.5717613973943818E-012  -1.0000000000000000     
 F F F F F F F F F F F F F F F F F F F F F F F F F F F F F F F F F F F F F F F F F F F F F F F F F F F F F F F F F F F F F F F F F F F F F F F F F F F F F F F F F F F F F F F F F F F F F F F F F F F F F F F F F F F F F F F F F F F F F F F F F F F F F F F F F F F F F F F F F F F F F F F F F F F F F F F F F F F F F F F F F F F F F F F F F F F F F F F F F F F F F F F F F F F F F F F F F F F F F F F F F F F F F F F F F F F F F F F F F F F F F F F F F F F F F F F F F F F F F F F F F F F F F F F F F F F F F F F F F F F F F F F F F F F F F F F F F F F F F F F F F F F F F F F F F F F F F F F F F F F F F F F F F F F F F F F F F F F F F F F F F F F F F F F F F F F F F F F F F F F F F F F F F F F F F F F F F F F F F F F F F F F F F F F F F F F F F F F F F F F F F F F F F F F F F F F F F F F F F F F F F F F F F F F F F F F F F F F F F F F F F F F F F F F F F F F F F F F F F F F F F F F F F F F F F F F F F F F F F F F F F F F F F F F F F F F F F F F F F F F F F F F F F F F F F F F F F F F F F F F F F F F F F F F F F F F F
  <DiscreteSampler_grid>
  grouped_processes
  1 # 1 for a reference and 2 for a running grid.
  10 # Attribute 'min_bin_probing_points' of the grid.
  1 # Attribute 'grid_mode' of the grid. 1=='default',2=='initialization'
  0.0000000000000000 # Attribute 'small_contrib_threshold' of the grid.
  0.5000000000000000 # Attribute 'damping_power' of the grid.
 # binID   n_entries weight   weight_sqr   abs_weight
    10   10   1.420533190222962E+002   1.879380776997886E+005   1.420533190222962E+002
    16   10   1.422179182310660E+002   1.883611233879630E+005   1.422179182310660E+002
  </DiscreteSampler_grid>
