  0.00275563267337967  0.01540138029421013  0.02843202983521158  0.03985023275004833
  0.05150100395219805  0.06374076825878805  0.07621843315071672  0.08848438597733224
  0.10033409685447450  0.11259925590857367  0.12524674549336529  0.13728827750340578
  0.14903917444104189  0.16077351868235717  0.17248165910300606  0.18416444199508172
  0.19560445765535631  0.20734588005072482  0.21849478078999740  0.22925864812165789
  0.24001174306832093  0.25050917430531366  0.26072368066601520  0.27073066964841452
  0.28115837632604018  0.29239840111294307  0.30416705553894569  0.31612523601650500
  0.32816779903688881  0.34047314843302090  0.35284293486216073  0.36482221725571390
  0.37679720743757933  0.38862985020280200  0.39945459869445077  0.40952672783571303
  0.41962998808443758  0.43005233082446181  0.44142085708331558  0.45306835858544459
  0.46346933155507314  0.47304274377876909  0.48262861726118650  0.49201341964126138
  0.50131998174557535  0.51101988423529310  0.52107145200158045  0.53165632892058723
  0.54207164579562428  0.55235929092445168  0.56233030255975325  0.57196679304813114
  0.58157176100621599  0.59151274295821199  0.60203595581842662  0.61325748841420680
  0.62494966370653948  0.63675920686512999  0.64829874886729622  0.65927215868943045
  0.66938414340349128  0.67882713854373045  0.68831054447549045  0.69816013507016073
  0.70824711974403154  0.71821513032261375  0.72798065478476670  0.73787084281452187
  0.74807128675499912  0.75878912026216794  0.77026572171171370  0.78198600703673338
  0.79372004906522819  0.80549248053440237  0.81669792732079494  0.82694584874497767
  0.83679541316550421  0.84678189007303029  0.85682036301763587  0.86670567439164126
  0.87689722512823309  0.88777020071387258  0.89868337740819626  0.90905191461016133
  0.91943443924250834  0.92996449207538157  0.94016646246046487  0.94973904578838253
  0.95837364836763905  0.96503619876805835  0.97121220907229133  0.97689623090212430
  0.98223188972479847  0.98814149572272414  0.99155865190029679  1.00000000000000000
  0.00912879622450758  0.01752398893712626  0.02793145424682002  0.03985452072603549
  0.05143145607870318  0.06288333298617173  0.07462634219848839  0.08540281417734986
  0.09611406627645053  0.10698010106982980  0.11838611200347862  0.12984420115821138
  0.14192050928426114  0.15305616597296104  0.16438583054230765  0.17546811901395479
  0.18793901203138005  0.19879161181992458  0.21023047682135745  0.22149871270094754
  0.23283425562469534  0.24355969883129958  0.25367888924505722  0.26372666585553256
  0.27412987485819701  0.28413177911708998  0.29479343989145823  0.30455928512382258
  0.31440915110578899  0.32350679795861198  0.33279358576722856  0.34378598361035151
  0.35479368577626258  0.36520079497217395  0.37508003121869959  0.38524424417518677
  0.39553704053981598  0.40594176774952206  0.41706357793457427  0.42868743023613975
  0.44060524335483137  0.44983951441779002  0.45932747380250982  0.46894996842981440
  0.47946787461525830  0.49091310493965812  0.50200269600240865  0.51267343177020952
  0.52350613673805635  0.53439627775269272  0.54526037843881259  0.55614730342042884
  0.56732501293956783  0.57846112252051574  0.58805375332615817  0.59676708829805769
  0.60595406249807104  0.61499516971421464  0.62355542877510595  0.63185227383402776
  0.64006751764841419  0.64879836191030882  0.65900513937528560  0.67004591610322028
  0.68123453171485926  0.69220825251333540  0.70269804176878070  0.71305161768896153
  0.72349223314713373  0.73392776011324590  0.74442056216158836  0.75424220531690866
  0.76400269446719715  0.77413181100724593  0.78475447808701437  0.79500528510134216
  0.80537813661027402  0.81668183189995536  0.82927729524578242  0.84123749772188305
  0.85215397475763666  0.86230668058196591  0.87256146448801342  0.88349461272109375
  0.89425387260864098  0.90447020611923323  0.91424292821303887  0.92400364037717753
  0.93383463361695551  0.94418931583449250  0.95496939745842524  0.96571844819387354
  0.97516220270533727  0.98331926863296826  0.99112834846457210  1.00000000000000000
  0.00151850187116162  0.01841881806886482  0.03493327974453807  0.04936221838396974
  0.06274779307976520  0.07507189384121805  0.08667391543483222  0.09762366374202783
  0.10926197851365664  0.12102685403359646  0.13248367552230439  0.14396999578633013
  0.15548454874713616  0.16718870958950158  0.17829656219111428  0.18937801431194559
  0.20020598678445858  0.21040317143871615  0.22064166361318940  0.23107276025495621
  0.24179715570364221  0.25245248417780586  0.26254192278727939  0.27296925825445700
  0.28307120653882978  0.29266392640966388  0.30085539876962419  0.30921452421705303
  0.31787178397348026  0.32658489905392718  0.33532605575477148  0.34407471571472747
  0.35331186432483952  0.36363736878971742  0.37369610986639873  0.38398875125827553
  0.39435906511370028  0.40709462208154712  0.41829709018725458  0.42841451832033611
  0.43847221085984422  0.44901647607119449  0.45892040624410668  0.46871361355409846
  0.47982746716438657  0.49069585327141274  0.50048208566579455  0.50947307895034810
  0.51837697077513323  0.52739343685790030  0.53639620644578623  0.54563435633476032
  0.55513620306315958  0.56448301640885812  0.57354493186726319  0.58297036787361056
  0.59290128743865511  0.60334858564932303  0.61322605347075176  0.62316633656071319
  0.63363013834065385  0.64496816867445594  0.65670136079781638  0.66861986896012504
  0.67986225610259499  0.69097485403446779  0.70170441509839443  0.71283497950782371
  0.72438558426847233  0.73594402326913044  0.74728646244106856  0.75825369394974729
  0.76913982931125047  0.77950267286418551  0.78974185097089433  0.80016734635832321
  0.81040314091376942  0.82025456481849857  0.83017740090790393  0.84084148287571747
  0.85189676353401733  0.86286625916087223  0.87316714608459622  0.88343713039919158
  0.89368421444260382  0.90384204084262942  0.91413967281457686  0.92435017278856635
  0.93489545095328763  0.94548081341821733  0.95618267692568837  0.96669835953792815
  0.97644307583675016  0.98504619910622082  0.99274544916344609  1.00000000000000000
  0.00000611597108822  0.00000629677606493  0.00000642425215144  0.00000660678587776
  0.00000680896029523  0.00000699505140226  0.00000717023958014  0.00000734967947365
  0.00000753364819326  0.00000771475085908  0.00000789061922281  0.00000806598320081
  0.00000824527153918  0.00000842311693173  0.00000861382409899  0.00000883219087036
  0.00000904359296372  0.00000925935604541  0.00000948207372168  0.00000971444727536
  0.00000995419145479  0.00001019892386936  0.00001047125819662  0.00001075327774517
  0.00001104052582639  0.00001133939414564  0.00001164787928505  0.00001196443018807
  0.00001228986715107  0.00001262383626230  0.00001296891424896  0.00001328946801160
  0.00001360121521123  0.00001392407336976  0.00001426454614280  0.00001462001052207
  0.00001499570667927  0.00001540440380833  0.00001582730085443  0.00001623091126099
  0.00001660117525799  0.00001696070806391  0.00001732103776447  0.00001768770309880
  0.00001806784038875  0.00001846943994532  0.00001888014857755  0.00001929703350048
  0.00001972623569104  0.00002018345113878  0.00002066862200521  0.00002116534065530
  0.00002169452937450  0.00002225480883619  0.00002284546499036  0.00002344305507719
  0.00002404558878408  0.00002480587522257  0.00002575332659311  0.00002659755809918
  0.00002764980888023  0.00002882521354166  0.00003005626164962  0.00003136524138121
  0.00003280075691890  0.00003440101743499  0.00003617699154524  0.00003809071733532
  0.00004011038718984  0.00004240819701940  0.00004497747274995  0.00004783191532253
  0.00005088186053745  0.00005428701797564  0.00005818967827882  0.00006289181454442
  0.00006912930121683  0.00007783190506443  0.00009009471982538  0.00010682412142879
  0.00012846862392102  0.00015662709261658  0.00019381567103196  0.00025144439236167
  0.00034417506630017  0.00048619404723342  0.00072399202523623  0.00114807433373605
  0.00196048460120418  0.00309755323931978  0.00501338174324523  0.00824553032018909
  0.01623691139832194  0.04163635022291620  0.38365057964684657  1.00000000000000000
  0.00000039636873420  0.00000127263609166  0.00000188724445187  0.00000240627024362
  0.00000288100894480  0.00000347672521604  0.00000413823546370  0.00000478355403030
  0.00000538317298870  0.00000597130659274  0.00000653533130099  0.00000709218675698
  0.00000765057686987  0.00000823092472996  0.00000878978916717  0.00000932431205865
  0.00000987666912621  0.00001046783186487  0.00001107739789784  0.00001171054089629
  0.00001235611453288  0.00001301382003770  0.00001364513190341  0.00001430223477055
  0.00001503864548102  0.00001576383249031  0.00001643879949212  0.00001714368874982
  0.00001786372194112  0.00001855791580504  0.00001925588693220  0.00002012192790285
  0.00002101245820790  0.00002194094394309  0.00002290804880119  0.00002391709587454
  0.00002496377919916  0.00002604076100232  0.00002711348800583  0.00002823610954441
  0.00002941390776936  0.00003063926320507  0.00003192078543914  0.00003328450180420
  0.00003470705705852  0.00003607098571520  0.00003745242891803  0.00003889523953110
  0.00004042083934631  0.00004212319525277  0.00004387831977109  0.00004569864893315
  0.00004766729428804  0.00004969726943407  0.00005198134339496  0.00005470615327804
  0.00005785101040693  0.00006127684522299  0.00006498766340310  0.00006919570352997
  0.00007402937944394  0.00007924774418338  0.00008508970691594  0.00009186265878375
  0.00009967812711351  0.00010858246074391  0.00011873462099802  0.00013018375927053
  0.00014348173494104  0.00015887386127423  0.00017631996145682  0.00019608699757441
  0.00021838536975732  0.00024425855402869  0.00027478309895654  0.00031097850007084
  0.00035517947039271  0.00041055490323556  0.00047864969497548  0.00056540769743597
  0.00068245328867095  0.00084272406729915  0.00104843600563755  0.00131295287449635
  0.00167924935386695  0.00216637635726589  0.00288734230520273  0.00384216086565460
  0.00535279761094821  0.00710129352858939  0.00871236957337871  0.01123993837388650
  0.01425879189607127  0.02862789454904563  0.13783643297386064  1.00000000000000000
 -0.00208061203004158  0.00688874836055898  0.01544772802441770  0.02364885781800446
  0.03191848976158801  0.04066561903607428  0.04976659560165279  0.05895991429728238
  0.06821937926503489  0.07747526837291434  0.08690728177702775  0.09710835047214715
  0.10818164297258927  0.11961573451119652  0.13098068347609676  0.14208287787958665
  0.15288938613840353  0.16319593759291540  0.17287777967305712  0.18273169239904716
  0.19148572689616747  0.19917175640476609  0.20699582882704726  0.21507583332020808
  0.22336308771255800  0.23222912770239054  0.24137948933577036  0.25050469759923882
  0.26321120547234084  0.27695548888856841  0.28952011806089828  0.30058034288683361
  0.31108152046929299  0.32189690962631262  0.33330732839774957  0.34451324300266251
  0.35586917254992345  0.36775562481501417  0.37959635483268639  0.39099619361122490
  0.40263027496325299  0.41382546718675700  0.42481954834140351  0.43629661645040207
  0.44903946353279572  0.46231677678701721  0.47542470059507996  0.48800352261057761
  0.50060011074741817  0.51329031165493100  0.52481125051422928  0.53616243134921215
  0.54787012254134626  0.56058875927682494  0.57381372754100379  0.58686519828939943
  0.59914201515329413  0.61062089651117379  0.62193301546298707  0.63361519476675876
  0.64619493763964619  0.65928123569419739  0.67156077711639084  0.68294356513793963
  0.69423668514679815  0.70573168930746000  0.71709846981192948  0.72830301403912712
  0.73920514179517371  0.74964819272920125  0.76020223841352685  0.77133432004752189
  0.78300987604423133  0.79495679722176538  0.80708642501856920  0.81874817331584870
  0.82977633827963970  0.84059788189364282  0.85104989435486356  0.86112634469506866
  0.86995804943887589  0.87864420507612384  0.88746121822140112  0.89609824457604148
  0.90481833427013525  0.91356177984689890  0.92233700378032468  0.93090667922774994
  0.93950647308800206  0.94839651643396117  0.95704061973772270  0.96524172881621595
  0.97303878751687189  0.98125662380299639  0.99008116640924437  1.00000000000000000
 -0.00203923877475043  0.00820334701631888  0.01848753260615404  0.02862635922249866
  0.03944771393061551  0.04969808737349525  0.06028818430773842  0.06986971288704617
  0.07954649484950949  0.08916243402828687  0.09990541439298085  0.11194488611232940
  0.12325006797537885  0.13505757510885016  0.14676315841926549  0.15712686510590382
  0.16794042875321777  0.17804294718936656  0.18770459327642652  0.19706607868083204
  0.20554700610813986  0.21484554594532476  0.22414744119454880  0.23488113028943308
  0.24695366402127694  0.25851438238891966  0.26943654683047580  0.27971198746394998
  0.29073387090235320  0.30109622773119937  0.31084617936346970  0.31987366694201780
  0.32896159671553493  0.33869576847289901  0.34877392999188223  0.35919351237432290
  0.36943777271961420  0.37969512083793194  0.39081753105882638  0.40195633019469085
  0.41292966078156706  0.42332317011367870  0.43337284332067288  0.44413619281467887
  0.45520738840309150  0.46639948256639280  0.47620070225416838  0.48685236447683672
  0.49752786448637321  0.50553386230549391  0.51380789826385320  0.52240939568083866
  0.53070078922030572  0.53906981233414963  0.54764729710363602  0.55602272741007763
  0.56614709421937592  0.57841328211060872  0.59044614744634027  0.60189920819766196
  0.61356226409792780  0.62537070140090667  0.63711007479415849  0.64875332769774408
  0.66019559695780994  0.67099397827274943  0.68134990918073945  0.69148075546531251
  0.70173603155560849  0.71229327713530255  0.72288177038595658  0.73335716662525097
  0.74364679978883441  0.75403772290989945  0.76460940437322000  0.77555719496332653
  0.78674867522234715  0.79813208398237812  0.80967758744959439  0.82126574024038757
  0.83286432286257117  0.84414021259610184  0.85469149937470512  0.86456822296565905
  0.87433288034888224  0.88449902130614799  0.89483992940133550  0.90495152819366453
  0.91519670088362015  0.92613178107669436  0.93781780971835738  0.95024433619615989
  0.96295493352139694  0.97530039458869422  0.98814867927005678  1.00000000000000000
 -0.00329801645809172  0.01154126155445963  0.02349749112450838  0.03519748240621023
  0.04666699773423070  0.05791976873768362  0.06868375768343729  0.07892781953699220
  0.08876568499572378  0.09865302267949952  0.10876011460278168  0.11874502023718379
  0.12861891448621174  0.13855705502114546  0.14960020925814793  0.16174668694838790
  0.17305895691287110  0.18435686482225908  0.19413801005039330  0.20320615154309152
  0.21219700324887952  0.22070442632958626  0.22892173088193449  0.23747714005901105
  0.24577091067735302  0.25514133154887730  0.26645412278854574  0.27744187919095487
  0.28776079184273301  0.29776571530033258  0.30776691964586500  0.31792238882382606
  0.32818279735061529  0.33886106659647069  0.34992518239062809  0.36108490336974974
  0.37189312160126498  0.38284206929396164  0.39423314211017868  0.40594228560606538
  0.41770925608571208  0.42863758003734703  0.43873038322736141  0.44838682281887887
  0.45800262641940176  0.46813981890953665  0.47845071204482542  0.48880460677080600
  0.49892690733855649  0.50926277247200424  0.52014123768378806  0.53142046282151623
  0.54280908766790437  0.55410381194013214  0.56554722914979949  0.57691202578038958
  0.58816839382876374  0.59886592781207704  0.60945831713944520  0.61969280140498029
  0.62966645503354879  0.63929291634419416  0.64914176911144905  0.65938987795392356
  0.66967378822004520  0.67896443306637466  0.68831396742605711  0.69805637201617543
  0.70849753607940713  0.71956649646247994  0.73044222961192529  0.74050059093572340
  0.75091474341975373  0.76150625322446586  0.77144341913109293  0.78138576943034044
  0.79135758812982382  0.80182812800688108  0.81214581778880102  0.82182452294790143
  0.83207113553019041  0.84329185319166233  0.85481745932983622  0.86644708990148689
  0.87853907809355192  0.89087729501645119  0.90329094516537678  0.91538518931472235
  0.92664022022808790  0.93705518419802114  0.94735924468140409  0.95757369537994019
  0.96814022394880483  0.97866355716222275  0.98913031855232592  1.00000000000000000
 -0.00263366319620366  0.01007935082433127  0.02150796661898892  0.03250879731372062
  0.04422661447303398  0.05565980734938330  0.06679628631208827  0.07767291176788012
  0.08793601398109785  0.09734367871964375  0.10649216329847234  0.11574783064827858
  0.12568349568953943  0.13590350040273483  0.14650878350787044  0.15779117739020287
  0.16904400287751917  0.18029224971642158  0.19129941697740338  0.20226905684709776
  0.21285070839301470  0.22371580405723346  0.23375762905499828  0.24353692904873125
  0.25319628408040873  0.26299582518161757  0.27384473690337868  0.28447641547269159
  0.29442889815675383  0.30419519059786077  0.31340924251670610  0.32280447428587311
  0.33268356184317305  0.34323852009221795  0.35414425568809965  0.36508184981378722
  0.37529682073261905  0.38521252156469327  0.39534812171084183  0.40513091439078136
  0.41473421968956659  0.42399020579942520  0.43363345243430118  0.44380962103677035
  0.45392688142099913  0.46403145185359707  0.47380044821162187  0.48381249175409458
  0.49431537439176437  0.50407745900996181  0.51304317854019088  0.52166806696833645
  0.53048075891779545  0.53916630786716779  0.54760813999152125  0.55609208544094413
  0.56564314906788038  0.57698750141573041  0.58849990023956888  0.59985436996806984
  0.61079355213643272  0.62162453080342772  0.63211037829821048  0.64221330554796408
  0.65261918398634600  0.66355821092371947  0.67502879231203217  0.68641473344067516
  0.69771849802141617  0.70947527002486055  0.72170444340485695  0.73360708622986970
  0.74508154797653336  0.75650960999765537  0.76769584005793634  0.77869514608484114
  0.78956165723495020  0.80043836154546244  0.81154408332500227  0.82258951755661214
  0.83316430943869835  0.84328344226183749  0.85356099519711304  0.86488273315445052
  0.87683682421471265  0.88851977706017560  0.89977763825123025  0.91094791427110866
  0.92204007782070863  0.93305492667863166  0.94390701764422824  0.95491663282812078
  0.96604979542816116  0.97748309306817727  0.98861738413867006  1.00000000000000000
 -0.00246065864957272  0.00859666085192437  0.01727204960753533  0.02567561112087766
  0.03365927159389107  0.04144591922253851  0.04969775036796265  0.05838126279753410
  0.06749616021342524  0.07719747919516066  0.08724964839881681  0.09711066706002340
  0.10653338524959727  0.11583205561069888  0.12509985144771130  0.13458708109968726
  0.14415365606264663  0.15385561787583191  0.16376222492216119  0.17401640857332948
  0.18449310280607353  0.19473010157471377  0.20472610144921125  0.21502995174802148
  0.22505120269872189  0.23475319929835414  0.24415083941255147  0.25422598778612215
  0.26525380829064588  0.27668055083124821  0.28793392340517993  0.29897199508685507
  0.31037718083342020  0.32187703053909894  0.33370490297119093  0.34593478822289153
  0.35820114621492488  0.37022149409278182  0.38220690738584367  0.39474922474331792
  0.40781093410482455  0.42136931744390155  0.43510816428875154  0.44757725439978607
  0.45881309168451478  0.46942708276301820  0.48068393695969946  0.49366331746243042
  0.50737599546614287  0.52086081499458126  0.53417286650728768  0.54726801201323105
  0.56024168995976620  0.57448642355056090  0.58789278954425150  0.60004323148302530
  0.61251651523483530  0.62495713702208222  0.63712091662427250  0.64946573973192434
  0.66237167234101735  0.67554803160483168  0.68822559986129861  0.70030906254444647
  0.71158172927488639  0.72281437929168901  0.73462522533825070  0.74664495814173648
  0.75850768016980863  0.77035837427247356  0.78305976590530624  0.79570970012044229
  0.80711111877875630  0.81728464714517690  0.82631345649949783  0.83528437955867274
  0.84474686834717627  0.85435358210660695  0.86400763752042531  0.87379989087526810
  0.88374458434711800  0.89331766674167001  0.90134140148018782  0.90877017240772007
  0.91619920704516089  0.92332056900342319  0.93042766131866661  0.93731485092056344
  0.94390985633312963  0.95052075865417351  0.95681098047733482  0.96445048770713315
  0.97339420499431273  0.98244411857335123  0.99128153844319877  1.00000000000000000
 -0.00209582372804448  0.00818589341225391  0.01740475656743699  0.02720521387831817
  0.03715986536228262  0.04658140625955207  0.05566274841957065  0.06538096655733963
  0.07519842345237195  0.08466371328572389  0.09414562539868720  0.10404569328538953
  0.11499007926470764  0.12643364940203022  0.13787512940548002  0.14939433859779150
  0.16116129825999900  0.17253216528177995  0.18393574148996852  0.19448668301062766
  0.20525266928598224  0.21537270177830983  0.22543149755113662  0.23517113764814204
  0.24528289196818351  0.25597607558898477  0.26710793218591017  0.27796763745822856
  0.28882014499139369  0.29925824519300459  0.31012335638291377  0.32118764116025172
  0.33264912337015962  0.34418389718772985  0.35522484105558466  0.36585307342124712
  0.37549620708592246  0.38500564251154312  0.39462252447003265  0.40474810012806245
  0.41610286304301097  0.42685115943592644  0.43676709111268996  0.44632141645143009
  0.45659331455277308  0.46717596045468024  0.47801196146334213  0.48841530910067277
  0.49920663410648775  0.51014189167641000  0.52135296937282627  0.53233121039254006
  0.54352735750903014  0.55520571617702896  0.56737540445870738  0.57967898245373450
  0.58949050066935227  0.59842633026881453  0.60803300398945315  0.61701527387470423
  0.62494424274590821  0.63248157814934569  0.64094523662945391  0.65155987038630014
  0.66323764128972218  0.67421841974525731  0.68459792399641173  0.69534488744035561
  0.70603902379734029  0.71576475482978941  0.72512323626505959  0.73440004258558711
  0.74399263219723988  0.75375526238018031  0.76379556278513971  0.77475451643371485
  0.78615370590181155  0.79757629402353891  0.80902411121882711  0.82063583528589912
  0.83260622839286347  0.84451197348130336  0.85585151853081920  0.86691303278963605
  0.87801519772980297  0.88905604467645150  0.89996912485774516  0.91087306217551633
  0.92171973949915964  0.93248649729930611  0.94342319278385245  0.95434432674342540
  0.96565126276926938  0.97760574342543261  0.98882108996593487  1.00000000000000000
 -0.00282960046396746  0.00992534405522510  0.02230773989931157  0.03406763213113900
  0.04518631431922147  0.05551550294812180  0.06544339020799091  0.07534395282098047
  0.08534011243842599  0.09543978852118007  0.10595331554109612  0.11709478768218838
  0.12705385789508203  0.13649736572257909  0.14545181890644196  0.15528008558895420
  0.16530887396744962  0.17484648196983824  0.18419889289212651  0.19357018135667806
  0.20291851085056106  0.21209054429267615  0.22111394362498704  0.23048645201972390
  0.24079698831624335  0.25059098812888220  0.25927392933843790  0.26783072747640774
  0.27576884295260978  0.28415008237201944  0.29272500236878224  0.30111682273163093
  0.30949987071383012  0.31844493014379105  0.32823208010763028  0.33832204350328032
  0.34873162536696206  0.35952329361232999  0.37028096920711490  0.38077109091399020
  0.39143035548711991  0.40251812032690210  0.41415315643885481  0.42573103585275501
  0.43716391410339278  0.44828623427744757  0.45879630930676840  0.46914065361980689
  0.47951343502425187  0.49032382428895116  0.50135060193020220  0.51213432454954733
  0.52273188346963328  0.53356786016868263  0.54479934311040912  0.55599290856494754
  0.56683398328768198  0.57734308982569627  0.58862605368800247  0.60009135175979356
  0.61118763430799650  0.62231102367707825  0.63367899810841100  0.64529805770439763
  0.65713714065141970  0.66916330397247636  0.68123033510945463  0.69151388789751067
  0.70239285401346863  0.71294044852742333  0.72371781687381598  0.73544908859274383
  0.74725529492338849  0.75877430036365601  0.76941666614823723  0.77961138812800213
  0.78989313847435461  0.79996761822411400  0.81010117390071312  0.82041527901571809
  0.83119943498964433  0.84203957698640253  0.85317234014296939  0.86439724620250402
  0.87575371011614733  0.88692258149516912  0.89792782198696042  0.90899882938121312
  0.92012451328087363  0.93120656195741658  0.94217229064074004  0.95296052490443650
  0.96404443398305639  0.97644438787334353  0.98783790184919196  1.00000000000000000
  0.00004368325818709  0.00037759584704540  0.00070500820617950  0.00099706073468898
  0.00125947115890220  0.00147711757371615  0.00171162338750866  0.00195278639277479
  0.00219760240629617  0.00245343602550211  0.00272168708463190  0.00300228415296971
  0.00329251847257260  0.00359819262898438  0.00391579819136918  0.00424423798634505
  0.00458240466797528  0.00493252155201110  0.00529261449010328  0.00566419609578886
  0.00604713039834107  0.00644399968447616  0.00686176761613456  0.00728209954207915
  0.00770394170703421  0.00813981217342114  0.00858926260247951  0.00904514092223833
  0.00952830352255817  0.01005498612960756  0.01059127474696372  0.01114297918399546
  0.01170638503546068  0.01228627718871325  0.01285828200069486  0.01342590279008341
  0.01398327325428230  0.01454004565143441  0.01511194585205192  0.01573839781546067
  0.01640005683479040  0.01704922153643111  0.01771374018054339  0.01839832810493889
  0.01910591445793215  0.01985990871576891  0.02064180074130099  0.02140693409918658
  0.02214457601722534  0.02290352140503558  0.02366590948006789  0.02446908280317995
  0.02531448427938526  0.02622983402418654  0.02719755603543878  0.02817237736523346
  0.02899974476236638  0.02977410315198683  0.03061120548650638  0.03154789363640041
  0.03256825211729561  0.03368314271684796  0.03466911508759607  0.03555610498784953
  0.03648739660787623  0.03752815958947795  0.03902184113649626  0.04041491565057335
  0.04186326919779777  0.04326672546292229  0.04459120796598111  0.04580179278298020
  0.04711766453780032  0.04874106067668877  0.05035563977458832  0.05189302345618201
  0.05348148010629658  0.05550164193989509  0.05807427956951624  0.06057465980884229
  0.06308896662757113  0.06610016063947266  0.06933337380692271  0.07242354397373818
  0.07502114925786178  0.07746676832803295  0.07954008004826850  0.08214392057636177
  0.08707502430763810  0.09437682411931274  0.10416572899256621  0.12242847949415961
  0.14306515410083101  0.15478745125889956  0.73845033185802467  1.00000000000000000
 -0.00219232026926932  0.00855427590458585  0.01812320770414595  0.02701101914072395
  0.03616462301816348  0.04441537672034491  0.05305936365265284  0.06174135823643958
  0.06942333571749923  0.07729095869926193  0.08501012238790373  0.09272021303309236
  0.10065618248344563  0.10870679604834202  0.11668544560925867  0.12446812030647730
  0.13259534803025785  0.14064202584861624  0.14860415506815983  0.15714066589906886
  0.16648762664664810  0.17623760300622229  0.18601634455779253  0.19618370858824394
  0.20668655246874676  0.21753374479790233  0.22877556479595251  0.23989440525849914
  0.25095204645500963  0.26185866965968496  0.27273479131911688  0.28269441670573148
  0.29258350357905261  0.30275551481459739  0.31394449233003791  0.32471716130166084
  0.33483396978339697  0.34470988443039768  0.35506859672672930  0.36705368279441963
  0.37953013943860597  0.39196180424881982  0.40440338740105908  0.41725099298945995
  0.43083405628696569  0.44453181254369084  0.45889363916360632  0.47319596856350543
  0.48833350731474973  0.50354743292147341  0.51828192726188205  0.53197993105533203
  0.54581311569078039  0.55994182705156281  0.57362788050539981  0.58659348175835135
  0.59922259974175518  0.61158428289607392  0.62348823939351827  0.63509257707042410
  0.64684230387821029  0.65852830090213377  0.66883852157212309  0.67818261713470562
  0.68773808395240255  0.69784810755004356  0.70870711008855725  0.71981399095943288
  0.73063129383249370  0.74058420682777337  0.75030769994737245  0.76067910564369889
  0.77166165410697352  0.78278422013866300  0.79340920961194861  0.80374834359332803
  0.81403067202664803  0.82448817965825194  0.83555512059084869  0.84701797480084318
  0.85856112010153252  0.86970381489545778  0.88002402422452397  0.88941501312704629
  0.89786097203778936  0.90608895270261247  0.91482818312149716  0.92382188598185189
  0.93278674002105444  0.94173182058117511  0.95083529211461559  0.96022791903588045
  0.96988887813287350  0.97978302444762500  0.98977199206613287  1.00000000000000000
 -0.03558780932847683  0.57822130382893877  0.65212649679949952  0.69464302141296497
  0.72443929483406078  0.74568878140616557  0.76320024274603893  0.77837357526001361
  0.79134794717458690  0.80262324665878426  0.81256518125522925  0.82159989305538328
  0.82984993702715870  0.83720565068181363  0.84383459242381098  0.85030000604871447
  0.85637866733317969  0.86211422774013924  0.86759775338279166  0.87273075412755152
  0.87746811041042472  0.88178625361993790  0.88599020634971237  0.88971087005910232
  0.89329614427361026  0.89672052898469556  0.89998292728623908  0.90325394108877333
  0.90642070605377867  0.90935967930853001  0.91217494930346399  0.91490327183544207
  0.91739301103850923  0.91979097226646411  0.92214359541549629  0.92450373609916803
  0.92681945871711047  0.92910456412777875  0.93131037830087238  0.93348548477956039
  0.93565416081065522  0.93766809847678212  0.93954699175287282  0.94137261626312552
  0.94306622617003488  0.94468062669654962  0.94623826930190602  0.94766464653935767
  0.94907786147497430  0.95049823747080842  0.95195488432308439  0.95346763865289041
  0.95495923927248372  0.95639360351539038  0.95775144610219121  0.95902630548341772
  0.96022791025961463  0.96136474181654397  0.96250317365854676  0.96367278536581025
  0.96481729803642713  0.96597429321468264  0.96711573708517506  0.96824787831883985
  0.96933793057412154  0.97037940827471914  0.97141931356469879  0.97244274283229870
  0.97340936913997644  0.97438814447985034  0.97538715285620270  0.97639356304636749
  0.97740489409299958  0.97839708394499370  0.97932992286207532  0.98023828277335445
  0.98113405732316017  0.98203564813818245  0.98294224681737874  0.98384541256756353
  0.98474372173940938  0.98563017386843743  0.98644855349002836  0.98729175558626192
  0.98814196857439918  0.98898421296966088  0.98986206453324999  0.99074015307129215
  0.99165619386520665  0.99260240820511014  0.99352235793997767  0.99444098049067398
  0.99543109524549300  0.99651480441162243  0.99799139961616767  1.00000000000000000
 -0.02177146764399774  0.10549964052361031  0.14363500614159441  0.16921107145707259
  0.18877433568861246  0.20482380130977179  0.21809695696698406  0.22981336223044679
  0.24047702179169619  0.25069935953169048  0.26016634192389004  0.26894792403698897
  0.27721920113529708  0.28516878743809404  0.29311315756500972  0.30101490988743540
  0.30876083864617004  0.31642915380655595  0.32402651575096930  0.33175920453461399
  0.33921297833680530  0.34595603730859448  0.35295495287242007  0.35819286492130320
  0.36324093956815640  0.36815922668569306  0.37346031725368256  0.37908280528076588
  0.38465713464339862  0.38993042120529142  0.39514908611817806  0.40027880514602354
  0.40519810125117806  0.41001835013479371  0.41507670382931761  0.42095591588859727
  0.42721691448973559  0.43326363254346717  0.43911944840721040  0.44492281501206704
  0.45061375163406803  0.45616631094597926  0.46165794164396395  0.46710915308971029
  0.47256889547038439  0.47805161807745739  0.48383164358295377  0.48977729627106614
  0.49576218928590576  0.50139599923133904  0.50670641814710637  0.51200664793958583
  0.51749166892780551  0.52332231958050313  0.52934223152177984  0.53515567448149370
  0.54057036568144246  0.54574237723798846  0.55088992154273164  0.55600099382107127
  0.56089457609855697  0.56588086736058030  0.57088927073529327  0.57614109748850040
  0.58184096245674499  0.58787618330714375  0.59391863796172839  0.60012274261469711
  0.60660508483205033  0.61368875528000200  0.62085631483264792  0.62803839949866891
  0.63489661514299900  0.64151907981017453  0.64807242971291013  0.65496052222793455
  0.66221631155474803  0.66982068482852519  0.67775377169609474  0.68572487992799225
  0.69381075113565271  0.70192659658448076  0.70993049789845830  0.71819541511977203
  0.72756119217346416  0.73806088637987455  0.74932327272512544  0.76088666902595392
  0.77287130066600185  0.78605092410691180  0.80035900578178121  0.81585436659625887
  0.83349073591529643  0.85480377025164600  0.89160847756292738  1.00000000000000000
   1.5889832210592754E-012  -1.0000000000000000     
 F F F F F F F F F F F F F F F F F F F F F F F F F F F F F F F F F F F F F F F F F F F F F F F F F F F F F F F F F F F F F F F F F F F F F F F F F F F F F F F F F F F F F F F F F F F F F F F F F F F F F F F F F F F F F F F F F F F F F F F F F F F F F F F F F F F F F F F F F F F F F F F F F F F F F F F F F F F F F F F F F F F F F F F F F F F F F F F F F F F F F F F F F F F F F F F F F F F F F F F F F F F F F F F F F F F F F F F F F F F F F F F F F F F F F F F F F F F F F F F F F F F F F F F F F F F F F F F F F F F F F F F F F F F F F F F F F F F F F F F F F F F F F F F F F F F F F F F F F F F F F F F F F F F F F F F F F F F F F F F F F F F F F F F F F F F F F F F F F F F F F F F F F F F F F F F F F F F F F F F F F F F F F F F F F F F F F F F F F F F F F F F F F F F F F F F F F F F F F F F F F F F F F F F F F F F F F F F F F F F F F F F F F F F F F F F F F F F F F F F F F F F F F F F F F F F F F F F F F F F F F F F F F F F F F F F F F F F F F F F F F F F F F F F F F F F F F F F F F F F F F F F F F F F F F F F F
  <DiscreteSampler_grid>
  grouped_processes
  1 # 1 for a reference and 2 for a running grid.
  10 # Attribute 'min_bin_probing_points' of the grid.
  1 # Attribute 'grid_mode' of the grid. 1=='default',2=='initialization'
  0.0000000000000000 # Attribute 'small_contrib_threshold' of the grid.
  0.5000000000000000 # Attribute 'damping_power' of the grid.
 # binID   n_entries weight   weight_sqr   abs_weight
    10   10   3.824064157913790E+001   1.266984877251759E+004   3.824064157913790E+001
    16   10   3.795935806141584E+001   1.247815075596554E+004   3.795935806141584E+001
  </DiscreteSampler_grid>
