  0.00327717955168029  0.01457041097521456  0.02952199013700399  0.04446732232179591
  0.05938165252244844  0.07200560066379211  0.08472949064529403  0.09941144072041240
  0.11408922171664619  0.12658684050050772  0.13738608337321240  0.14619373999889768
  0.15309754315550672  0.15887716843127889  0.16486216497726294  0.17150005325595677
  0.17919184456139647  0.18722733956135101  0.19535137200311761  0.20414075332721696
  0.21369506946560141  0.22414419636533056  0.23185842382393007  0.23898363887743701
  0.24631232527020877  0.25389739994640087  0.26481318932475184  0.27477944311282909
  0.28530858698215528  0.29699084747441729  0.31032200277832972  0.32273787305029344
  0.33404084667952244  0.34399479261047805  0.35314074781888538  0.36189618308446303
  0.37154569473060511  0.38332165152247782  0.39361870373739100  0.40246389699053742
  0.41098357866087920  0.41993324305464474  0.42975977201519050  0.44249426874121767
  0.45712489602632878  0.47078854031156037  0.48271704130118825  0.49324622078356667
  0.50374294734641889  0.51411680683840821  0.52590198770428698  0.53956640784429533
  0.55217605870166275  0.56412194097070301  0.57265536884191581  0.58144057036051022
  0.58907509485215159  0.59690101972480003  0.60575003812637807  0.61550388159554958
  0.62650731779684710  0.64068506130929892  0.65698189303131471  0.67181732919893022
  0.68533638305908851  0.69859808759695941  0.71279095639547052  0.72653530176753756
  0.73803644561614523  0.74909742258719714  0.75912935386829439  0.76876708802142135
  0.77880661217451497  0.78877394980585047  0.79937324212090011  0.81198076826290522
  0.82564113235395176  0.83795448176205600  0.84734831872979377  0.85514879825800960
  0.86262606778455675  0.87181886563147482  0.88079365801939291  0.88745404736337885
  0.89435388715430486  0.90308107607637000  0.91175637451849223  0.91871515611443244
  0.92615944815794315  0.93208387714357355  0.93982662508410475  0.95000301040215640
  0.96137620980480709  0.97319424591526726  0.98527085237879786  1.00000000000000000
  0.00982732017296726  0.01530991874906739  0.02359219740502499  0.03685608368469397
  0.04787025148604900  0.05954311496449757  0.06924940991299525  0.07999500803451326
  0.08930374913863362  0.09760919385105597  0.10666461683561297  0.11548998179758528
  0.12422339738639314  0.13383181127642843  0.14315453019678404  0.15276419869042318
  0.16266122793439319  0.17337260090785261  0.18606206145974333  0.19994115137709600
  0.21328979018621663  0.22476093265603786  0.23586379713190414  0.24588555665416631
  0.25554019048152454  0.26583784283227690  0.27643740009706064  0.28617263140349952
  0.29563832819458657  0.30433576725007211  0.31423329699001812  0.32418041111514490
  0.33630436682917381  0.35082089597871963  0.36551490040758705  0.37917620915887446
  0.39242094880717099  0.40456020354804023  0.41599662368067358  0.42850404610791720
  0.43944030075169394  0.44896451615406463  0.45840475039590223  0.46730306188364551
  0.47790227518030831  0.48806344333100304  0.49740490650387775  0.50816070668203650
  0.51860430128035728  0.52875400779254988  0.53857413684337407  0.54938630445204151
  0.56099992103412621  0.57417842737850777  0.58570339939442706  0.59581146909819616
  0.60605117721378843  0.61502249120808883  0.62379077279466433  0.63352940277266589
  0.64283999341324660  0.65093647620833617  0.66063411389575821  0.67177760370153106
  0.68352081391920727  0.69271707606096589  0.70009117385809483  0.70817677153076886
  0.71616766218108008  0.72431605431657498  0.73500395997599277  0.74322224124435177
  0.75062891435672818  0.75892934946799706  0.76926854066242323  0.77788279378438796
  0.78792660529340908  0.79967984844007922  0.81338331328590296  0.82330705414548999
  0.83170389599282801  0.83985662123600735  0.84863237826982330  0.85849373463888767
  0.86828934241382805  0.87828245427078444  0.89012226377034709  0.90314479657348823
  0.91578827820120490  0.92748066652425121  0.93841264549205439  0.94720975009521613
  0.95652737304568902  0.96826036052606390  0.98222441394929250  1.00000000000000000
  0.00241138878823219  0.01815006197239687  0.03639460989318914  0.05505979588639134
  0.07145290050273888  0.08540849011866003  0.09866405531041675  0.10956452736875970
  0.11973603076925236  0.13134778200619171  0.14517418419114253  0.16043438058601825
  0.17326348832970925  0.18470026750434890  0.19666221025555650  0.20945782968941262
  0.22338213823073072  0.23407221507896420  0.24160714071079484  0.24873360140749354
  0.25637583840874451  0.26639445038831561  0.27384198927643266  0.28021234942842776
  0.28672821084865974  0.29482858434426734  0.30397123465233639  0.31278220606244234
  0.32237980502625430  0.33430900692437865  0.35349043617022907  0.37100307494904977
  0.38832049401251645  0.40001439515673043  0.40741491399026064  0.41426790377856648
  0.42103045546475659  0.43061233140956495  0.43936292351583628  0.44812461832117106
  0.45669364074296637  0.46751952938533325  0.47841506878897516  0.48939456657650404
  0.50163079404440503  0.51324033300619565  0.52568383407391805  0.53900410084428751
  0.55057387229527255  0.56211739222153889  0.57387688120937297  0.58534443784112622
  0.59643443471913604  0.60754743198539263  0.61675316851601603  0.62595666805115679
  0.63419306076906135  0.64192918709654456  0.64919966174656751  0.65552695687525442
  0.66201337599231447  0.67078809308253107  0.68116151629466204  0.69095022123960492
  0.69880025980777738  0.70773482924754538  0.71905694824736599  0.73136216490420125
  0.74244925192761280  0.75284636695080975  0.76424359404641806  0.77649408941692155
  0.78980170753536338  0.80094493085319807  0.81222946769017013  0.82088328778165920
  0.83006405953090401  0.83940272264657112  0.84717992819261156  0.85452713537061509
  0.86226398855308084  0.87069274474057035  0.88226017467342110  0.89453069176789968
  0.90667323148803358  0.91800719573930745  0.92892483273998705  0.93949941800749870
  0.94985780856035673  0.96003532365552047  0.96883463696161254  0.97530443807930411
  0.98155701413646401  0.98739387365092113  0.99257035931788729  1.00000000000000000
  0.00000698675388801  0.00000742082991183  0.00000780352976678  0.00000814610288386
  0.00000841125216668  0.00000870260370366  0.00000892224329493  0.00000909166151528
  0.00000928148580178  0.00000948496774564  0.00000968645014670  0.00000992590115095
  0.00001019823188275  0.00001046070663397  0.00001073374445379  0.00001101017186868
  0.00001129121583865  0.00001158626166697  0.00001193146691316  0.00001233974631652
  0.00001264721576592  0.00001284166385586  0.00001302073498481  0.00001319681125958
  0.00001337997861649  0.00001357032531195  0.00001376104258589  0.00001395766353239
  0.00001422449293105  0.00001454023145408  0.00001490869897002  0.00001537544162685
  0.00001594053449721  0.00001642435172867  0.00001686332226762  0.00001731674621941
  0.00001778910663168  0.00001831650574124  0.00001893485963123  0.00001956739329363
  0.00002020434885091  0.00002094427430357  0.00002172335750637  0.00002248903576301
  0.00002321693022564  0.00002387621337954  0.00002458333931204  0.00002536541100419
  0.00002623599172954  0.00002716966307556  0.00002813347127191  0.00002902844683259
  0.00002996100345762  0.00003090234858981  0.00003177922035976  0.00003321533915074
  0.00003478060878999  0.00003649244448817  0.00003843327830129  0.00004042581851775
  0.00004255652361516  0.00004493960081202  0.00004739766196831  0.00005000815601952
  0.00005290683633464  0.00005654215113637  0.00006103971140270  0.00006634780081391
  0.00007269673700053  0.00008103881607451  0.00009225769313952  0.00010591948837416
  0.00012312597670609  0.00014464738694358  0.00017180203576261  0.00020639653606518
  0.00024682528948132  0.00029602480677538  0.00035942471606964  0.00044572390984815
  0.00056224554808720  0.00072070136123346  0.00087848580674915  0.00108933619069816
  0.00135253536778440  0.00164768242385789  0.00213430278817942  0.00271007520638225
  0.00337659153898974  0.00438446216682539  0.00607982041205344  0.00778199560741541
  0.01367469115253114  0.02256662611620169  0.03340326958054494  1.00000000000000000
  0.00000586015455481  0.00000622921396029  0.00000648826699001  0.00000676073121314
  0.00000706862217553  0.00000735667508887  0.00000755584089765  0.00000783276242997
  0.00000811245718602  0.00000842910219627  0.00000878693824007  0.00000910980530445
  0.00000940380314975  0.00000971214468580  0.00001006740460677  0.00001050983245711
  0.00001101982969357  0.00001159004272268  0.00001222606030820  0.00001306697072754
  0.00001397356089368  0.00001476633749190  0.00001545730406626  0.00001606348093321
  0.00001689554825630  0.00001773915606905  0.00001876366464864  0.00001981365338915
  0.00002087490512533  0.00002194110197443  0.00002297048084666  0.00002398567728198
  0.00002501691902856  0.00002608552395311  0.00002731105030692  0.00002852528962028
  0.00002970655225535  0.00003097690642720  0.00003244365211507  0.00003405073197850
  0.00003571833455356  0.00003778378666979  0.00004004221344450  0.00004275286019696
  0.00004590912738652  0.00004865278099140  0.00005129602389609  0.00005398925710007
  0.00005695270008074  0.00006039012821016  0.00006378680699597  0.00006915256138842
  0.00007412592027656  0.00007967879836087  0.00008566704814084  0.00009168918186261
  0.00009812275313462  0.00010561507763220  0.00011497833414494  0.00012702221072127
  0.00013983118252010  0.00015359882977401  0.00016795189329924  0.00018293676112948
  0.00020256110831173  0.00022569164466329  0.00025018033063796  0.00027855608602913
  0.00031028328215089  0.00034646109970263  0.00038632138659057  0.00043396588180007
  0.00049077787395965  0.00054969742519950  0.00062167765599556  0.00072202334863341
  0.00085862659841148  0.00098821526233693  0.00112077852081134  0.00128851231068542
  0.00147934762331827  0.00172683033559539  0.00201151658461403  0.00235963693623120
  0.00305244336656437  0.00388500889424474  0.00465118766327335  0.00548061124602783
  0.00641275019889576  0.00754241360459060  0.00890617279524808  0.01064187055653639
  0.01539409458712681  0.01973933250100138  0.03041417064189299  1.00000000000000000
 -0.00122130082657254  0.00687620180906439  0.01456975372241911  0.02177863959423448
  0.02913506869763173  0.03699362980190710  0.04354602161414164  0.04941259593633438
  0.05521064553211773  0.06364819594201356  0.07425631673197987  0.08383039021057014
  0.09258694133337070  0.10150035052221784  0.11136743845181839  0.12162199148889158
  0.13170584105985625  0.14371011881350884  0.15541477727671016  0.16601002746494292
  0.17528984286683122  0.18457273128676041  0.19440057688936138  0.20457726542641189
  0.21625686666531488  0.22988048205493761  0.24579542125571824  0.26225755114152233
  0.27580336956197998  0.28738914599857296  0.29861264273382676  0.30946827288588158
  0.32182170471898652  0.33349279241371427  0.34284360184538221  0.35167889254892604
  0.36085598294339655  0.37051151401917087  0.38107277768097542  0.39142165515775645
  0.40327111399228144  0.41758439811343445  0.43234702617675658  0.44507791952441661
  0.45582604714289060  0.46602171485797705  0.47489923747601814  0.48336118984674303
  0.49073573711872293  0.49825934610447198  0.50703746564145746  0.51716785527652775
  0.53068286635670014  0.54260405113643451  0.55261848204889752  0.56194172725275593
  0.57087933248003475  0.57959205214123100  0.58876020802337337  0.60156875872771809
  0.61511667670890258  0.62979057827939111  0.64608758826353507  0.66369465505219682
  0.67950743210805820  0.69211498941321092  0.70283540292310676  0.71406771994169704
  0.72594238316411663  0.73687051599198883  0.74742567609276978  0.75854923623538362
  0.76870852025422831  0.77835528399211029  0.78799778084398631  0.79927697104099271
  0.80986910956486691  0.81824702599916621  0.82636337935526583  0.83502239325983851
  0.84475021546621898  0.85511048400237333  0.86533139726117969  0.87468428207808302
  0.88319599294480822  0.89069831953079548  0.89900247989418580  0.90875351239618396
  0.91932559729171281  0.92980830982115459  0.94107490129012528  0.95446811794531272
  0.96751910022105858  0.97889739704899170  0.98977697823359667  1.00000000000000000
 -0.00139669786024527  0.00611672959202492  0.01056680637411267  0.01523475220262684
  0.01982808170666204  0.02729913285806442  0.03497214747224864  0.04398308423312693
  0.05516637386641067  0.06525146503479728  0.07423823720191476  0.08208566370519604
  0.09165422530559257  0.10345787396998087  0.11724421141907104  0.13089439307933681
  0.14372364467060927  0.15536872288755887  0.16775328221170480  0.18083142579781450
  0.19505911092672412  0.21029190485393556  0.22533753349245980  0.23769896894201670
  0.24950643839816358  0.25921720445787205  0.26812585767142766  0.27735404689334731
  0.28732489083237184  0.29795316928792426  0.30594684104603209  0.31517166637482952
  0.32749765507081002  0.34252114094014374  0.35534421317522608  0.36812127592877630
  0.38126536552090140  0.39431108505234758  0.40817152232766302  0.42040269312935424
  0.43076239907502312  0.44073516277385255  0.45042366730212796  0.46018479027642395
  0.47179442180136838  0.48386751612969958  0.49602672072386006  0.50681535274356959
  0.51642321125713064  0.52759775034915690  0.54028702487284808  0.55549486304663587
  0.56975090908769721  0.58200190586519440  0.59406991026240819  0.60550442037892704
  0.61418843960584846  0.62204103329663585  0.63051916923658669  0.63958248269407003
  0.65162180261851366  0.66543540646769117  0.67844376002398810  0.69021406692090381
  0.70104478526239433  0.71098562532645448  0.72027191865359352  0.72965037744092498
  0.73978889893461097  0.75059334410086054  0.76096237121977794  0.77004444805789174
  0.78039375016001600  0.79221627944599493  0.80433967477361668  0.81456343431070632
  0.82233667482382733  0.82919447442590855  0.83681783620405559  0.84214018597440865
  0.84816260286001266  0.85397084744763563  0.86067558126615651  0.86782942813178077
  0.87659936821085305  0.88950137142417163  0.90469825795496905  0.91773893183066446
  0.92723171633035772  0.93519835084957514  0.94322756810792852  0.95288757517377987
  0.96474664108702590  0.97794817261492106  0.98990898615155587  1.00000000000000000
 -0.00218352943465926  0.00994924602139344  0.02073024542213966  0.03203456553221869
  0.04594702516032145  0.05905697480557355  0.06890225718541436  0.07765133271054472
  0.08626884739932789  0.09633797374514516  0.10688517981601173  0.11739295503889956
  0.12574026092252533  0.13374890219017749  0.14531109724958685  0.15438099621760609
  0.16355120966701070  0.17251438143430325  0.18137009068540141  0.19091924467639854
  0.20079419861128558  0.21455993748219693  0.22993608356298037  0.24275186496249226
  0.25348560107685553  0.26288671245553580  0.27262181743302738  0.28119345573158938
  0.29171211297612276  0.29813637359431866  0.30626612137048892  0.31418460388138664
  0.32066675961540037  0.32640401234374189  0.33159416468875053  0.33709402673260974
  0.34345615307879029  0.34993560516335764  0.35728506048118841  0.36532871385217236
  0.37478144472780933  0.38518296877870334  0.39655312695039613  0.40966726646665369
  0.42209427752839090  0.43411996032021077  0.44564633462273368  0.45799412779971527
  0.47279009433241675  0.48573895635414599  0.49759161609471009  0.50734700411274314
  0.51704590252630800  0.52688576572631651  0.53783084489871869  0.55064077879060247
  0.56148477918583362  0.57149283952969421  0.58316234085156449  0.59787567489502036
  0.61269245685510176  0.62425478856139949  0.63584935508354001  0.64692906063092803
  0.65673292241273884  0.66525994070644567  0.67325643401493995  0.68153788543705862
  0.69044744052912643  0.69999096012379347  0.70980027388710409  0.72000520213887231
  0.72992368282652198  0.74178239614816510  0.75518826791317040  0.76964471583837779
  0.78345365997875360  0.79519106265161543  0.80565978335763311  0.81614513637772457
  0.82735060910237379  0.83832431926762996  0.85136308933619609  0.86412241057674399
  0.87425760896731475  0.88228081184350848  0.88982058486748383  0.89825065956086669
  0.90956450848414894  0.92616290138463442  0.94249969238962372  0.95651009964217804
  0.96699783625794411  0.97794738260264480  0.98857646085284989  1.00000000000000000
 -0.00222165726341428  0.00916447879842862  0.02060546874143905  0.03117094516188898
  0.04381311754912104  0.05546318366255510  0.06737566672156092  0.08120938156730077
  0.09129247585634968  0.10114610749332664  0.10972020281082880  0.11755183152508274
  0.12603320756023381  0.13476944146441930  0.14341835383890353  0.15229910172651964
  0.16041949731277549  0.16892633816316888  0.18058872847533397  0.19468771860193088
  0.20947716890000739  0.22075541381366715  0.22954237751737738  0.23744005490683481
  0.24583465921770858  0.25520214711876898  0.26449648619557997  0.27497622470491112
  0.28633771870297120  0.29740788197893064  0.30834761888661660  0.31968046085658652
  0.33227209052173873  0.34555964507058262  0.35767106289587075  0.36842304465582959
  0.37861154390807344  0.38901618523554432  0.40094517672971525  0.41293785913621894
  0.42368165669810554  0.43467363434872258  0.44638106864168614  0.45794511268505611
  0.46902304866178113  0.47971991302006617  0.49062420787531374  0.50049386264447759
  0.51286375430394182  0.52405845878473711  0.53321566178210211  0.54180357037449778
  0.55082669655764327  0.55989676006340849  0.57007934835055574  0.58003470175211891
  0.58709955566203520  0.59444650298709645  0.60244112714440934  0.61248655272083030
  0.62456529885076828  0.63399515403934359  0.64281525886451729  0.65223358369626250
  0.66197063165790915  0.67191564981037022  0.68184387253296719  0.69151607872403498
  0.70148983692372313  0.71334967297525498  0.72350100542741658  0.73268737504993309
  0.74021665065079656  0.74658248941549032  0.75291712038056668  0.75968993666134454
  0.76710604159796814  0.77564215115453705  0.78448355873064046  0.79615864210898879
  0.81336576910912251  0.83009284865037147  0.84494924600303623  0.86032396586413939
  0.87724352919876691  0.89034859366343078  0.90055358738286650  0.91087300972653695
  0.92253960076706842  0.93653025555017377  0.94910024305189600  0.95782697942927064
  0.96620441625721720  0.97489893864406640  0.98477131328099277  1.00000000000000000
 -0.00370359863604591  0.00860770575223675  0.01978113710551311  0.02974437584331800
  0.03988447554807505  0.05108093036965359  0.06069166425123194  0.07040116110488401
  0.08318987127919343  0.09786303673960960  0.11118340536594035  0.12303007199842780
  0.13352328018173443  0.14285355557732404  0.15267660375525624  0.16220714603774969
  0.17163835947247147  0.18085728438856460  0.19006311499679140  0.19822286364448707
  0.20638394319999193  0.21585731824965176  0.22809692865749576  0.24105553318742157
  0.25219695234757056  0.26253464886874128  0.27244930220790986  0.28229060680288004
  0.29280412055317617  0.30411887426798617  0.31664599927078368  0.32845747089521976
  0.34187236902999385  0.35735462271955631  0.37272904134822282  0.38801127225346627
  0.40287757358525450  0.41771436016144109  0.43444027048386058  0.44928326200355340
  0.46048109559962214  0.47005583281479141  0.47906883243523019  0.48655929466969527
  0.49554952912739164  0.50446730968016373  0.51457391677360620  0.52674121577649868
  0.53859298491153074  0.55042949097944394  0.56298629525148525  0.57753870980234912
  0.59152949900699825  0.60316032962412336  0.61419015118701759  0.62546685155500370
  0.63664895074942240  0.64795749205460185  0.65919725956886910  0.66885295519794374
  0.67741534225660660  0.68578998928356871  0.69621708925456649  0.70719990655362752
  0.71547299091356376  0.72400970443368373  0.73358720582270553  0.74576662256291204
  0.75799878756872596  0.76929842067044041  0.78073547986840708  0.79258171540070943
  0.80423407646106959  0.81412699102477415  0.82190294693827715  0.82966001474247930
  0.83846608658502364  0.84838305240218226  0.85741537407477530  0.86435206619310267
  0.87004008040141578  0.87642995902015397  0.88547728479050480  0.89567936171107254
  0.90544366348155125  0.91600656547167747  0.92888665851778063  0.93903595277087037
  0.94783441595643092  0.95627173492639239  0.96392091635345589  0.97054353065210608
  0.97769087434069846  0.98477353943339119  0.99183444841130242  1.00000000000000000
 -0.00268012265827145  0.01199001844745983  0.02386228698803781  0.03553338968145799
  0.04814939378497735  0.06072069443747143  0.07097949722017576  0.07825298067709102
  0.08642872421169860  0.09498133555890456  0.10397996325319532  0.11338018977310799
  0.12318894946709005  0.13281979995006329  0.14202709019559284  0.14920462850372432
  0.15795065133527933  0.16654920329459627  0.17535353053914129  0.18672429495831866
  0.20136669523100323  0.21432001940736678  0.22732318076452138  0.24170376025417978
  0.25575666912626388  0.26775235546279463  0.27995292343670708  0.29307831678258917
  0.30555982666725229  0.31665255695938754  0.32865676405159788  0.33909898405740230
  0.34975120699439854  0.36003649030637969  0.36958939681119229  0.37837850527898637
  0.38659626057640994  0.39548346663311373  0.40538941372329590  0.41833766852530868
  0.43358743058324128  0.44738800357054370  0.46005916917118439  0.46945102745022271
  0.47847227124656305  0.48765029313106351  0.49718477141594747  0.50600840713702244
  0.51330155116714771  0.52058691796021561  0.52772920528974643  0.53456969286824385
  0.54169751414895007  0.54946550090571278  0.55845300145806620  0.57034098413638235
  0.58264379225706164  0.59387908645828080  0.60487147399222496  0.61576729050820134
  0.62878847611015143  0.64277400864058254  0.65464161202933768  0.66478160487555671
  0.67527374779927918  0.68413808619330907  0.69495060787724883  0.70521073457051930
  0.71517289931805017  0.72293202084400776  0.73012479992647339  0.73779736203367319
  0.74607758378154343  0.75792668389615248  0.77080680134062285  0.78353892358751143
  0.79536590058603895  0.80652209998845603  0.81813266212593594  0.82934993528616940
  0.84020977593279700  0.84962926386518056  0.85883435452348422  0.86845907458152816
  0.87856660076801718  0.88877822170827359  0.89884489421425540  0.91085957065087120
  0.92264575539287541  0.93488437606117081  0.94729519697516451  0.95845578085878314
  0.96869091310026956  0.97911856218766691  0.98961578055984256  1.00000000000000000
 -0.00314207531177634  0.01317633166015165  0.02571913512272702  0.03640575725070049
  0.04760613771598075  0.05717824858288106  0.06590040898398872  0.07359827158478899
  0.08174617296495985  0.09102197727810010  0.10056658956936092  0.11084999214761726
  0.12170088203033201  0.13150410612202715  0.14167891627882473  0.15392858387437156
  0.16676843418890150  0.18101171550342063  0.19300929706258363  0.20294489467663485
  0.21202320338122091  0.22063267658836824  0.23028298728542471  0.24061657856038116
  0.25332661401197282  0.26603218750052737  0.27606694213397204  0.28479060831297048
  0.29344282348955480  0.30354677220857285  0.31682690497001142  0.33137637042673773
  0.34510882455649555  0.35580185964296257  0.36434073439981751  0.37244358602407407
  0.37925696755930322  0.38585026386611865  0.39508112532995271  0.40437919679587642
  0.41240438540768842  0.42188704580970593  0.43333322807004199  0.44622186701751343
  0.45500014645709491  0.46338223017099539  0.47206882131408745  0.48083941493225918
  0.49103174480659573  0.50191945404862903  0.51182084394242500  0.52101048872564937
  0.53031250059951007  0.54003562193145538  0.55101313249739692  0.56141220220277122
  0.57258203710561517  0.58215818540927178  0.59223838744754387  0.60187731362165564
  0.61230357667914015  0.62413363652480114  0.63525056262762658  0.64561754100903124
  0.65631118447716918  0.66738117241549932  0.67986483104364692  0.68864436008145713
  0.69590897006841490  0.70197486891645500  0.70938105703520482  0.71649674639605943
  0.72306159503256506  0.73106333921943922  0.73863379028234033  0.74696584469808114
  0.75618225812797413  0.76564852347262247  0.77660287579064513  0.78785147438816083
  0.79929298882046518  0.81229962036563885  0.82613034645162819  0.83985810716560017
  0.85559021364891241  0.87134764355856220  0.88834160186466404  0.90298575339700127
  0.91614647194268983  0.93104574630818671  0.94479449377742253  0.95491853294228179
  0.96557623054211217  0.97643936024761613  0.98728430321537186  1.00000000000000000
  0.00001705271660937  0.00048648918677352  0.00081997341708229  0.00104406190113058
  0.00127305461215894  0.00150799151409188  0.00175000870827950  0.00199324862213106
  0.00223656333378223  0.00247728914214620  0.00271612704143315  0.00296009693528475
  0.00317090563385383  0.00336992258159111  0.00357001094126078  0.00376942972029116
  0.00397099682234336  0.00417531203518279  0.00438448780903141  0.00460467614676961
  0.00483890639518849  0.00510352838955628  0.00538974662128407  0.00563859740794345
  0.00588735943166314  0.00613530802952769  0.00640116856585821  0.00668661830588846
  0.00695812721677552  0.00721811162662113  0.00752597438040232  0.00788007224554836
  0.00828449726345215  0.00872781705884429  0.00917086530214235  0.00956002518217738
  0.00994450511668467  0.01033803845015585  0.01077812206719709  0.01132309917587410
  0.01187092594973725  0.01238158190253407  0.01279502811671592  0.01321327463219315
  0.01353612396987960  0.01385139455799512  0.01417988647590161  0.01453131513950194
  0.01502817544651174  0.01540982260929346  0.01569051926510713  0.01597516067819003
  0.01623160555477612  0.01649618636038881  0.01673851958386598  0.01701442971002723
  0.01762057225917388  0.01817281626844381  0.01869616336858816  0.01922358619674771
  0.01975389557983007  0.02031218664467523  0.02100217028295874  0.02164467667165447
  0.02221638321468719  0.02271978875939385  0.02324016392319524  0.02382040851367885
  0.02460841547431868  0.02527881281815967  0.02590026016677208  0.02648348539408785
  0.02729198032650174  0.02796139411249953  0.02866465659878923  0.02938135450116471
  0.02995153586253375  0.03077931071549900  0.03193137075698052  0.03295068511594859
  0.03359404296705574  0.03422467269033678  0.03496029469055976  0.03585160793985577
  0.03665360065627790  0.03750007830139393  0.03831001716056698  0.03949225200728081
  0.04287206855807905  0.04609854438845527  0.04819698139106181  0.05037771683815782
  0.05270902545015156  0.05645828320309925  0.06045786742282955  1.00000000000000000
 -0.00189113518111857  0.00671636966515876  0.01352189857344487  0.02016486511458117
  0.02780869660020204  0.03618407699677880  0.04667737986391078  0.05735562889373288
  0.06741354433151715  0.07564797621811224  0.08387946228971674  0.09244528475282709
  0.10115390959361263  0.11030296412561200  0.11967649459559407  0.12885391744233460
  0.13792322489150660  0.14415261284325900  0.14980827998428889  0.15540192394063601
  0.16190491787549555  0.16993761410183983  0.17934727224588057  0.19064458860733982
  0.20162110640989156  0.21187582859938248  0.22139280074878237  0.23148096107451976
  0.24200037189196483  0.25077464022432316  0.26031838275981267  0.26991999336769817
  0.28290021559983641  0.29754505901441752  0.31376230183870363  0.33200489240352288
  0.34997728298087749  0.36571402696006278  0.37990509758241542  0.39343541236707952
  0.40524967432623610  0.41734427042230865  0.43178213916406560  0.44701403161435849
  0.46308891818400622  0.48006865701282203  0.49376204067347540  0.50756494494520632
  0.52004069892908700  0.53158839068533348  0.54389202726048647  0.55971449020207520
  0.57571899899921897  0.59007243079049498  0.60208909254840748  0.61630004812191108
  0.63128299638288299  0.64697908140761673  0.66298780248914158  0.67776368537246889
  0.69095616669251414  0.70295321959056933  0.71558368945331829  0.72852799446422567
  0.73889895000753880  0.74947893843129443  0.76039002522911936  0.77098487267572569
  0.78096640983854959  0.79041033750397927  0.79617702183361660  0.80156224665963971
  0.80808649653927001  0.81508022542805925  0.82242969995519533  0.82985815626238479
  0.83771525093257970  0.84471823816823521  0.84975953155928174  0.85399839431738700
  0.86093736625336825  0.86763585308086189  0.87568430747428516  0.88607655835012467
  0.89570469114565343  0.90466643177948469  0.91380292878760017  0.92347214876535788
  0.93294641759324992  0.94239336185889333  0.95189722684777534  0.96087869913444912
  0.96953184453232966  0.97859707594588285  0.98879682159108484  1.00000000000000000
  0.10283390517914426  0.51169622081938571  0.58868577204666805  0.63580099307631710
  0.66747944258107406  0.69426470558402553  0.71447051179055965  0.72890904851327754
  0.74369450130903891  0.75951211237100158  0.77426094130725220  0.78618115672807798
  0.79656277828450373  0.80568948777926408  0.81407580980916394  0.82172878171711594
  0.82959759611450323  0.83592475342983574  0.84120576389407220  0.84642746832458937
  0.85138799813215926  0.85641615653578862  0.86073067986513585  0.86463574461370940
  0.86864438268281585  0.87260637177155043  0.87674782563818032  0.88059320900064819
  0.88423753325055310  0.88792918872910587  0.89128751969922226  0.89434730747899482
  0.89704214207951294  0.89961278811657730  0.90230563745235370  0.90488313549763943
  0.90750425277452540  0.91019501998167240  0.91250827459446138  0.91495339372446383
  0.91737012288748188  0.91983880212511082  0.92238555210885442  0.92491861277734455
  0.92731761240732657  0.92956088054123975  0.93211805511798140  0.93452661439847595
  0.93696849873626631  0.93887452108625935  0.94064308517111017  0.94243354372567867
  0.94430078774497883  0.94635486648862899  0.94841662620061851  0.95036586087479635
  0.95221533664785463  0.95412101423138562  0.95591992445714113  0.95744558570092297
  0.95898219492163084  0.96043409876751018  0.96189366047655300  0.96350092578173763
  0.96507448038592347  0.96660642487982806  0.96813868317053320  0.96934003693033577
  0.97064661212368997  0.97184051202806554  0.97288262890023403  0.97380564219941590
  0.97468733850793066  0.97557575323740475  0.97640611166321767  0.97720111743605864
  0.97790735170095666  0.97869234579799969  0.97952525259932477  0.98037694926070540
  0.98125597646382490  0.98216311496680675  0.98307513243952493  0.98409347763485666
  0.98516338600814057  0.98626588699666651  0.98740325914881077  0.98873268979069018
  0.99013692313522539  0.99157513434807343  0.99292415257873945  0.99410104076980865
  0.99526302817863410  0.99649275312372387  0.99799239635310744  1.00000000000000000
 -0.01724336157478049  0.09550138816078785  0.12929093176058226  0.15545036980502988
  0.18127996430415502  0.19888980999019820  0.20954845184698423  0.21796886988673891
  0.22544366068009233  0.23524763189078460  0.24754782262990602  0.25999935856753037
  0.27018235780283389  0.27950818472325017  0.28852969764508846  0.30118538642752996
  0.31290594266664834  0.32173582595484279  0.32968864816819116  0.33786765471276470
  0.34640888730097996  0.35484352180821982  0.36144616265438612  0.36875523094803653
  0.37563699882320312  0.38093840814199675  0.38599058712857442  0.39141330692841120
  0.39667714739449650  0.40119457358853444  0.40539904049668163  0.40994212933199797
  0.41532057184138543  0.42060048331842637  0.42482451680008898  0.42776646468134832
  0.43074998472496501  0.43375140315031435  0.43810700988819823  0.44338630189669753
  0.44891588935690091  0.45488392757790641  0.46101593302520577  0.46719163172254552
  0.47316497800142593  0.47896621487533986  0.48686634535375506  0.49516047831999821
  0.50284277360000484  0.51043000195543942  0.51761356396903513  0.52422645192104766
  0.53045607995460586  0.53644661784295233  0.54172195646157928  0.54720626152596719
  0.55244657297677613  0.55759625642169708  0.56314056072052410  0.56837177950145945
  0.57335972342272878  0.57913360339756803  0.58511586184959452  0.59082326573843735
  0.59646633687350503  0.60232569831051819  0.60839926670745959  0.61461141384367535
  0.62044879618850202  0.62546793246567323  0.63055325576916821  0.63533576442280193
  0.64101505850443741  0.64770779012535562  0.65502221511557257  0.66309249024813122
  0.67205728191254532  0.68181231135050913  0.68908731738652740  0.69688200149054902
  0.70490100816179557  0.71280683116753007  0.72079227669320034  0.73106651887587526
  0.74022315494857416  0.74874549215206387  0.75754828199930013  0.76728486186056988
  0.77895135134419691  0.79148055598998213  0.80487493623382100  0.82016341060169728
  0.83899729739721751  0.86215213448991412  0.89510169677805274  1.00000000000000000
   2.1792186367027377E-011  -1.0000000000000000     
 F F F F F F F F F F F F F F F F F F F F F F F F F F F F F F F F F F F F F F F F F F F F F F F F F F F F F F F F F F F F F F F F F F F F F F F F F F F F F F F F F F F F F F F F F F F F F F F F F F F F F F F F F F F F F F F F F F F F F F F F F F F F F F F F F F F F F F F F F F F F F F F F F F F F F F F F F F F F F F F F F F F F F F F F F F F F F F F F F F F F F F F F F F F F F F F F F F F F F F F F F F F F F F F F F F F F F F F F F F F F F F F F F F F F F F F F F F F F F F F F F F F F F F F F F F F F F F F F F F F F F F F F F F F F F F F F F F F F F F F F F F F F F F F F F F F F F F F F F F F F F F F F F F F F F F F F F F F F F F F F F F F F F F F F F F F F F F F F F F F F F F F F F F F F F F F F F F F F F F F F F F F F F F F F F F F F F F F F F F F F F F F F F F F F F F F F F F F F F F F F F F F F F F F F F F F F F F F F F F F F F F F F F F F F F F F F F F F F F F F F F F F F F F F F F F F F F F F F F F F F F F F F F F F F F F F F F F F F F F F F F F F F F F F F F F F F F F F F F F F F F F F F F F F F F F F F
  <DiscreteSampler_grid>
  grouped_processes
  1 # 1 for a reference and 2 for a running grid.
  10 # Attribute 'min_bin_probing_points' of the grid.
  1 # Attribute 'grid_mode' of the grid. 1=='default',2=='initialization'
  0.0000000000000000 # Attribute 'small_contrib_threshold' of the grid.
  0.5000000000000000 # Attribute 'damping_power' of the grid.
 # binID   n_entries weight   weight_sqr   abs_weight
    10   10   6.885408934084824E+002   4.505315130837681E+006   6.885408934084824E+002
    16   10   6.883938364342591E+002   4.503807097027516E+006   6.883938364342591E+002
  </DiscreteSampler_grid>
