  0.00264742505851710  0.01514127275784047  0.02830742944832421  0.04002919356109835
  0.05185245364377146  0.06385905072011222  0.07605243962407958  0.08839692284543878
  0.10099890114107934  0.11352029012541752  0.12589496871857681  0.13717213320108870
  0.14793185635922260  0.15883728561686272  0.17001900562916189  0.18161762370705542
  0.19450331271232391  0.20740997055038135  0.21958201117609666  0.23009969122405372
  0.23942171572991752  0.24837351093600529  0.25742813919787472  0.26736973168619954
  0.27768779312019620  0.28787447471872551  0.29796112742256325  0.30803648755631463
  0.31817210589177602  0.32855935613349213  0.34009340281466344  0.35231948808497254
  0.36435534887763643  0.37565487361304672  0.38662839535595556  0.39723309516538707
  0.40714038717500850  0.41712969179400328  0.42768310517177099  0.43811322968334898
  0.44803374245902866  0.45768801427391687  0.46741651213554947  0.47722090340838019
  0.48650272740724237  0.49503852509774737  0.50407962180971422  0.51451017426531376
  0.52560449939152942  0.53645171822654858  0.54684109933933511  0.55718621300380244
  0.56808442008252769  0.57991294423373496  0.59133494641068352  0.60203139913697912
  0.61226903271783262  0.62263803107298255  0.63320578474021505  0.64307818049309373
  0.65293205144746003  0.66321089977302439  0.67371062323957631  0.68400387320153688
  0.69369923740255524  0.70321341166775986  0.71274016920878425  0.72205604214235908
  0.73128888034275330  0.74071857218857629  0.75035963297717856  0.76005916445519628
  0.76988872864417024  0.77953206151105037  0.78941560533161748  0.79946830201460994
  0.80889471459296480  0.81813906720703411  0.82778827033475499  0.83748363060871744
  0.84705720633298198  0.85719773770517083  0.86789015162403238  0.87841711941975686
  0.88832558982408072  0.89805313711299861  0.90790424584938934  0.91775252438806010
  0.92758899564515829  0.93764295866084735  0.94799248043669360  0.95802163340429758
  0.96706586893853508  0.97578882555237068  0.98420389123180496  1.00000000000000000
  0.00857683137007678  0.01799761624199762  0.02980782970591263  0.04123946833341224
  0.05242962392724699  0.06202211428507267  0.07055995224700413  0.07928794953055217
  0.08775787941695860  0.09803943701118342  0.10827734330473786  0.11957273869527808
  0.13030458363203951  0.14181605807513586  0.15327646182311153  0.16503897695674949
  0.17681338281181722  0.18781197009172579  0.19794423128090627  0.20796965379636062
  0.21822038057637427  0.22884477716608115  0.23954513075446987  0.24996082841608505
  0.26036486891670685  0.26962335543418248  0.27951895153819573  0.28943519431330184
  0.29979002522519516  0.31030890941249384  0.32172369923065841  0.33391093412730088
  0.34622312315134379  0.35799584415375557  0.36883279049421125  0.37929846575021753
  0.38993105419088436  0.40147126421507501  0.41346638952542419  0.42501896121430793
  0.43501305546981178  0.44442154628340796  0.45386899815308968  0.46406808070488520
  0.47302269408499864  0.48145360689823885  0.48984494407590423  0.49853756055357851
  0.50851271987531299  0.51891319977655470  0.52918449115061195  0.53955921230943338
  0.54925787732844822  0.55864222184023937  0.56842728006671439  0.57842179605911026
  0.58776276880485101  0.59617382055413826  0.60518587519215228  0.61552543721504349
  0.62660414671874598  0.63756943021224111  0.64866522737084276  0.65961412260685703
  0.67022779774967367  0.68093821886949701  0.69201002943647805  0.70372190569050730
  0.71564514329516504  0.72720336746921033  0.73806613636619911  0.74836375520154652
  0.75877607442980233  0.76926704385313704  0.77959603287869039  0.78993265801026213
  0.80110110218764941  0.81301645716910731  0.82416551636952240  0.83611807180981501
  0.84631190545961454  0.85680447124722681  0.86674252549274411  0.87754898621983957
  0.88867364529748694  0.89969831663797817  0.91096734788985645  0.92198056042020737
  0.93287669760475600  0.94442158260070652  0.95542359833900525  0.96552996437804861
  0.97532635937495316  0.98680775640813190  0.99024140610182043  1.00000000000000000
  0.00102119462216168  0.02052873953072192  0.03744023507877223  0.05155695908657662
  0.06489047099478717  0.07868559075205772  0.08965950833345944  0.09988520227795818
  0.11055942384485393  0.12124727285708732  0.13174050527564063  0.14180028988383536
  0.15256239634149607  0.16327734235528316  0.17358235726988797  0.18384255934305915
  0.19457824253594211  0.20578493413680621  0.21718827109457500  0.22863909929486267
  0.24032954268212681  0.25175553888847491  0.26276736927563044  0.27314733953145381
  0.28377891188472559  0.29423792591161957  0.30422822178016018  0.31392447674033497
  0.32409359081985356  0.33490427162412978  0.34672763421801139  0.35817691904404836
  0.36937916140508320  0.37852013715832655  0.38723552167786790  0.39614320663876690
  0.40400878426562897  0.41412078866031587  0.42376096705382188  0.43322293383076993
  0.44256298513244458  0.45191862734129917  0.46209775121603952  0.47318621777263498
  0.48458328272724405  0.49587941653009721  0.50735874419797600  0.51865406978306838
  0.52969837188332780  0.54048914813621940  0.55118499038919844  0.56189449840610439
  0.57170158846719821  0.58055846487155682  0.58923314575495300  0.59806344331814321
  0.60764838352779105  0.61752103746692977  0.62767029535039032  0.63861994691120361
  0.64981587876645175  0.66080406854961915  0.67159100073069700  0.68215757851783898
  0.69230986458691901  0.70215546239326876  0.71224032788299918  0.72276425257040455
  0.73344160561290195  0.74418951913550457  0.75511773178891961  0.76589938670504587
  0.77604386484998977  0.78562902452887007  0.79507213584172420  0.80468635246434794
  0.81441189977206052  0.82421707179395787  0.83396142835131903  0.84352293911851539
  0.85310960108735312  0.86286340615475865  0.87298133205315298  0.88382611460531146
  0.89460608931805219  0.90528453235931250  0.91582580550171733  0.92620955962153073
  0.93653537256270825  0.94631108375632933  0.95602184191110762  0.96602670527399792
  0.97542113196688807  0.98397264105306548  0.99210412554473493  1.00000000000000000
  0.00000206418352953  0.00000221082825243  0.00000242343774105  0.00000265100721626
  0.00000287322604923  0.00000307061403272  0.00000324784406064  0.00000341702884724
  0.00000357711395341  0.00000373184914496  0.00000389083343316  0.00000406925050958
  0.00000429160238281  0.00000447674214801  0.00000465371630494  0.00000481585699087
  0.00000496094058643  0.00000509924090861  0.00000523739502866  0.00000538145068309
  0.00000553541997031  0.00000570014084221  0.00000586442423960  0.00000602716930550
  0.00000623946040007  0.00000646188792869  0.00000667453980016  0.00000689359999513
  0.00000712901235840  0.00000737692955255  0.00000758035881805  0.00000779694374883
  0.00000802288980580  0.00000825693205223  0.00000851210704821  0.00000878838321737
  0.00000906112329215  0.00000933143045763  0.00000959311131141  0.00000982413327066
  0.00001005533510511  0.00001034107933240  0.00001069939698469  0.00001106751574718
  0.00001142983858156  0.00001179324729515  0.00001215519828237  0.00001252274975954
  0.00001293948616203  0.00001337869957601  0.00001386074173908  0.00001437327153587
  0.00001491495450907  0.00001547408835299  0.00001607377882728  0.00001675549322095
  0.00001740861071909  0.00001805320706351  0.00001870995143010  0.00001939373543440
  0.00002007927714640  0.00002085377751881  0.00002170008900437  0.00002263317867463
  0.00002368098310712  0.00002483743201555  0.00002605488975484  0.00002732876748927
  0.00002872509783777  0.00003023758625390  0.00003186298056127  0.00003362322289762
  0.00003559531429581  0.00003792619936538  0.00004075710216540  0.00004414457123445
  0.00004799700077816  0.00005243713305350  0.00005794243659971  0.00006513136180453
  0.00007542299276242  0.00009085119538998  0.00011385541553814  0.00014842145296268
  0.00020279806972850  0.00029801847981343  0.00048287798463370  0.00079967982914334
  0.00139915146784479  0.00252213856680351  0.00426686805652926  0.00773897414936439
  0.01737231387313717  0.05173850110816457  0.35031635721193494  1.00000000000000000
  0.00000050835399380  0.00000121577596118  0.00000184460260160  0.00000220740048546
  0.00000265127648067  0.00000310878389844  0.00000353970013496  0.00000396899867250
  0.00000440142112673  0.00000485666944133  0.00000529451469015  0.00000572911860587
  0.00000616213894103  0.00000659071471599  0.00000703832110012  0.00000754658335600
  0.00000807001754998  0.00000860298850858  0.00000912577922542  0.00000964398185762
  0.00001019497222337  0.00001076668666426  0.00001135908234017  0.00001196830568685
  0.00001260227389218  0.00001323350256410  0.00001383101697621  0.00001443489202617
  0.00001503898287596  0.00001564121778373  0.00001625266954943  0.00001689781773479
  0.00001754267726708  0.00001822982287879  0.00001894676408141  0.00001973974858712
  0.00002060617045083  0.00002152891393359  0.00002248807990248  0.00002348834509079
  0.00002451610880852  0.00002556757152078  0.00002665370118302  0.00002779181129242
  0.00002897537689383  0.00003022497418461  0.00003163471998613  0.00003312641918249
  0.00003462164426867  0.00003613080028573  0.00003782921448504  0.00003970649928251
  0.00004170844031977  0.00004386388810324  0.00004617391057210  0.00004862846006107
  0.00005129915812818  0.00005436906924767  0.00005811095514455  0.00006254332666405
  0.00006768423300324  0.00007353240630383  0.00008003314573893  0.00008768302238263
  0.00009653194095814  0.00010683162718340  0.00011809994925759  0.00013006517586763
  0.00014319677410333  0.00015799664080546  0.00017530347492484  0.00019574970610570
  0.00022000581592459  0.00024922460307166  0.00028430010227520  0.00032572267368683
  0.00037623671091796  0.00044017337710657  0.00052585538112950  0.00063214306909867
  0.00076408995652508  0.00095558507225354  0.00123202350467057  0.00162359801120207
  0.00215870177646614  0.00287429218043731  0.00384715979699917  0.00492607176388148
  0.00615181145846087  0.00770136179912328  0.00975768472986071  0.01227122881676363
  0.01811675477878105  0.04033296316528207  0.11051412095063917  1.00000000000000000
 -0.00157467245287665  0.00597926905947185  0.01464974182023529  0.02278305180283940
  0.03231961089700286  0.04166029169651175  0.05054474023025420  0.05924641793116801
  0.06834169999002342  0.07786650788102879  0.08747136225792307  0.09680317636710235
  0.10640395980048047  0.11652970955103399  0.12677907316053311  0.13698061086368810
  0.14723082462407053  0.15781973857828241  0.16916756180008205  0.18086676352664652
  0.19211595265871098  0.20312093733242328  0.21389601905557162  0.22511870999434413
  0.23664626861071245  0.24762687053100077  0.25781851005149664  0.26740649486713736
  0.27696862069711542  0.28726271102083512  0.29851531069773152  0.31031544269342032
  0.32275925534448147  0.33547773176546081  0.34889800927915898  0.36201420456341915
  0.37468033626610597  0.38647978415268175  0.39749903636492734  0.40806798622239343
  0.41875434689159829  0.42980088822556989  0.44056819193325208  0.45169229353006357
  0.46426546168974420  0.47680153929207847  0.48896747428446835  0.50197465934255459
  0.51580302917267451  0.52980361726974212  0.54278603900915423  0.55468808138191439
  0.56652596181501658  0.57854992217881729  0.59019920109716184  0.60190903898872783
  0.61392354461311738  0.62607503453239000  0.63833917774873472  0.65110496653874161
  0.66385120405387144  0.67567807320261464  0.68663397656325220  0.69733082067595853
  0.70829760809355324  0.71986475260843641  0.73166715046958131  0.74376866114419027
  0.75582824581745556  0.76766482372463052  0.77923961047456758  0.79060903249439818
  0.80170049706097635  0.81178125344592300  0.82065865535101623  0.82909234838773371
  0.83771411313191313  0.84711746770629093  0.85658989140793296  0.86562461658217504
  0.87462864654782380  0.88397026692754843  0.89345941854839561  0.90261367031609052
  0.91137738141303126  0.91994100830603787  0.92831204224290365  0.93639811207922408
  0.94544724104077393  0.95401433543737924  0.96224347838503754  0.96977336717210172
  0.97751093330274053  0.98469534230016975  0.99219891731078480  1.00000000000000000
 -0.00267510730937922  0.01047289647026676  0.02116629752405158  0.03228307482136312
  0.04340367093887727  0.05388745130812552  0.06455978742037542  0.07529126738882966
  0.08647353274548318  0.09725138732293814  0.10870794873933336  0.12048256944848255
  0.13201296108038238  0.14310705810008231  0.15389106971567920  0.16459364690245640
  0.17498159198902946  0.18555847678537046  0.19722012387917690  0.20789479789863613
  0.21789579396203165  0.22804464165149993  0.23904851456932172  0.25029648254836417
  0.26080481403349182  0.27135654402444864  0.28195250052239318  0.29224809862467460
  0.30222554350478315  0.31269497718964517  0.32420780799734633  0.33616096624435488
  0.34834181472620096  0.36059966887040251  0.37247318258528550  0.38398773448849816
  0.39495406104698205  0.40550483822904382  0.41610315002511383  0.42666601110235847
  0.43668142019956063  0.44646652222606176  0.45625099794650192  0.46625749745922929
  0.47673097141222776  0.48784777887445224  0.49926116360580047  0.51084533833052215
  0.52257682144546258  0.53437121237568064  0.54581406591049675  0.55635924233977097
  0.56593756626221914  0.57564740877216292  0.58598655986502490  0.59747275573436176
  0.60851891585461604  0.61890514392046081  0.62891506776933992  0.63839478352534440
  0.64775253224865348  0.65698045947030626  0.66585535212063174  0.67612808175783290
  0.68709126146307453  0.69815942532978414  0.70919910790247487  0.72009167015797326
  0.73112064108670616  0.74238151102110472  0.75360204255594365  0.76468274476493869
  0.77536137539225258  0.78590134308388682  0.79616016811552437  0.80638973005146763
  0.81643653012810369  0.82610120687250432  0.83535601327560749  0.84418820296018671
  0.85334261285206070  0.86312266710376129  0.87344355411724239  0.88407096787981332
  0.89483778815947601  0.90562016002475199  0.91596664656037674  0.92522358828768669
  0.93407055838017994  0.94243446009409948  0.95142500438123789  0.95984526417228322
  0.96946251646357950  0.97933885452674430  0.98943012660756091  1.00000000000000000
 -0.00323664378989852  0.01129087626302902  0.02357205431758520  0.03556180167988013
  0.04706963984895397  0.05820993117476079  0.06915755757537212  0.07997773151743191
  0.09045976167177947  0.10066722343555622  0.11066523190080536  0.12056527122960768
  0.13027443502476940  0.14031611067009991  0.15048415501024826  0.16063976838201685
  0.17041713176251699  0.18015600260269291  0.19047622099123018  0.20178651540341316
  0.21394339997143133  0.22635163339570460  0.23835135212142877  0.24967139611721584
  0.26025278869985413  0.27033651144060494  0.28034260552610729  0.29053790179507594
  0.30093430247872660  0.31171053488239631  0.32310566879724673  0.33474727195713139
  0.34654307282291597  0.35868256250179859  0.37086536005106951  0.38286402380758194
  0.39455114633799027  0.40612562503209798  0.41763070416982789  0.42856681564722615
  0.43944319043446944  0.44929950425801168  0.45864067207468012  0.46739261552683359
  0.47633703777963038  0.48715869963193575  0.49821741469683573  0.50912272462930208
  0.51995796095606728  0.53094114714763663  0.54139191048362501  0.55179610670705315
  0.56232841579251569  0.57310789393729433  0.58374535029622321  0.59411642946196386
  0.60476321691763524  0.61616904341777046  0.62696415299500219  0.63712349525961887
  0.64735754644711430  0.65754784428070934  0.66767692143756285  0.67791727537443081
  0.68878145072756536  0.70001689159265634  0.71085610891584938  0.72123281688856211
  0.73178019919350923  0.74250323358323411  0.75286582101804167  0.76292340613909637
  0.77262000419633570  0.78232385016536055  0.79199076722342354  0.80118554106517159
  0.81056239234093486  0.82022041758665387  0.83015925634781462  0.84026648906772072
  0.84992595232190149  0.85978737973485053  0.86931255224167880  0.87868716010344816
  0.88831107583765845  0.89873890158831893  0.90885086274449312  0.91905408212927175
  0.92948188240521656  0.93942588132925142  0.94899677913404579  0.95821146139786484
  0.96893534417173199  0.97958972602295213  0.98978787997324569  1.00000000000000000
 -0.00234110894809116  0.00981429281326579  0.01873187631196327  0.02772876951198210
  0.03710281409240995  0.04691194391061258  0.05682757865061928  0.06719480541122269
  0.07765924091606649  0.08802049147374352  0.09855979162747761  0.10895228754172488
  0.11913176556050439  0.12991977222541234  0.14132867025270288  0.15361441043389457
  0.16581298576959583  0.17613907762267825  0.18600910735839721  0.19586778352594955
  0.20539577425991015  0.21427677432403203  0.22306666426612864  0.23313124772085567
  0.24485742473871408  0.25628408240939782  0.26725957296830682  0.27838444458773293
  0.28950313246838105  0.30061086088268529  0.31115940981742812  0.32101518353753944
  0.33086867181594809  0.34126251274534214  0.35248433396982637  0.36325695432492333
  0.37366635109884155  0.38482953289752081  0.39665863386267874  0.40777654982731404
  0.41816486199458158  0.42775724255130732  0.43752398557044220  0.44808237125278944
  0.45896680314180288  0.46996843434825863  0.48135287169122237  0.49267863697237940
  0.50333007067439495  0.51266712547963711  0.52220775876224734  0.53174816766067268
  0.54283686835418554  0.55536870483216538  0.56691977052669240  0.57825837745261166
  0.58933075126733969  0.59973643449663694  0.60968156948926266  0.61960225010396464
  0.63041278115930022  0.64152336057604487  0.65168513398122263  0.66088848234394038
  0.67018710531068160  0.68010594618215792  0.69043012133448445  0.70002979916669539
  0.71008449901600990  0.72049074085795173  0.73144449690597013  0.74254393219372794
  0.75394788124139933  0.76624008318864389  0.77833773945766416  0.79020003939554040
  0.80265592442072387  0.81443986611439434  0.82546040587465908  0.83612556878582700
  0.84640164946943397  0.85770719405699158  0.86877175202296131  0.87881499915226358
  0.88760257126477182  0.89663899226716948  0.90587408183703322  0.91600003577010058
  0.92667903977606314  0.93716393356156646  0.94770876956487071  0.95779687787525314
  0.96852988752439817  0.97960723357707113  0.99029302189553725  1.00000000000000000
 -0.00225382453829205  0.00700201522621509  0.01630926160740747  0.02522608645337055
  0.03391082741185197  0.04279948269852454  0.05169269736355656  0.06084323914221097
  0.07079209842979335  0.08098131162320536  0.09043249770262241  0.09922445059182410
  0.10883805466506702  0.11835169137385657  0.12798202694506622  0.13758957026733012
  0.14772873571729189  0.15788943073443673  0.16812911495068270  0.17703604653388852
  0.18587883765353705  0.19485330794836792  0.20403058097413629  0.21350995937646131
  0.22377506994716198  0.23503821449424600  0.24685834967330653  0.25848414489736210
  0.27027668105092878  0.28243588697937305  0.29477010820632282  0.30668969812585428
  0.31798625600129687  0.32913640697394481  0.34086725833769094  0.35287231719901413
  0.36451469698742306  0.37569365046166697  0.38621789775344523  0.39671228431171213
  0.40747774038716511  0.41883099240764876  0.43027801959596351  0.44165094834438190
  0.45283583566079527  0.46493652930658491  0.47844610450661962  0.49225643978076455
  0.50521708233937135  0.51753439952677049  0.53021305952545106  0.54224417960571303
  0.55316140978795714  0.56439911398426079  0.57697067078101305  0.59021939345549634
  0.60233971650474794  0.61373503500171156  0.62493752348441622  0.63714690385585393
  0.64942972884796757  0.66149163566115832  0.67291629016959209  0.68417555923823326
  0.69525638928168421  0.70646329565698085  0.71727384267925254  0.72855957825121309
  0.74046833512191201  0.75262272631039406  0.76249915357879428  0.77230339895401934
  0.78168822688358719  0.79138232163475108  0.80053968345716120  0.80934328866298677
  0.81880350363097409  0.82898043208296668  0.83904238438661771  0.84878990907820950
  0.85851714938441293  0.86834608042162131  0.87816287691622863  0.88759552078880455
  0.89715566355395282  0.90715041554072662  0.91748441311447293  0.92808888819011792
  0.93862188930354840  0.94862897852283279  0.95752999254281324  0.96629557699049495
  0.97498572475958301  0.98335756439448130  0.99173242951200735  1.00000000000000000
 -0.00230556941861600  0.00919164614697302  0.01928987927315341  0.02912731803901309
  0.03876815892301158  0.04845370338737622  0.05899453406116663  0.06923505262000246
  0.07949659078757208  0.08998348489787311  0.10069899136335581  0.11177522179593791
  0.12288265511965783  0.13387334281503593  0.14439928150993334  0.15447032513109563
  0.16432569498319197  0.17443743136850007  0.18454807290092204  0.19279532356106768
  0.20087794934948217  0.20924955958966676  0.21817432946704507  0.22750107015395218
  0.23687952081813848  0.24649028506994944  0.25718052657987728  0.26843908265197236
  0.28006584811115459  0.29219729477977863  0.30448414740414576  0.31672549897491903
  0.32871077040547075  0.34003137903842284  0.35094991033672007  0.36156357682411028
  0.37192673838862955  0.38267763187295162  0.39392231112885057  0.40561641183460267
  0.41639734751890928  0.42704787503287117  0.43747301102092423  0.44859334179513466
  0.45987593846290487  0.47102115861544530  0.48206542479247655  0.49348470673874917
  0.50520728548668403  0.51655850707131001  0.52750293558829864  0.53827861501775842
  0.54883662050859650  0.55941472517924939  0.57010411455403032  0.58091034272097752
  0.59120732956812538  0.60107865401812333  0.61101533645477335  0.62128469232039840
  0.63167324219233345  0.64198191428245510  0.65228524784261444  0.66267447532879975
  0.67295627272254754  0.68347078284114537  0.69438898483813449  0.70535731318315731
  0.71590812821048833  0.72623921853094042  0.73585124385241985  0.74464089766571262
  0.75312245839895686  0.76168687396054879  0.77086609780279636  0.77918373200676627
  0.78734908255703340  0.79689494819215201  0.80794687323814729  0.81922043486359242
  0.82995578477620835  0.83998845847811388  0.84979082996125843  0.86024106536742728
  0.87100060528081347  0.88183612238799547  0.89312562486662894  0.90629049413518181
  0.91976597686970973  0.93200275103413477  0.94322728265153799  0.95425675098630092
  0.96532702403565929  0.97638836508434712  0.98768865525225591  1.00000000000000000
 -0.00269141573575695  0.00995352146848709  0.02128652061824528  0.03285276550984751
  0.04475945477107607  0.05604892764820679  0.06732416530477182  0.07829559199314086
  0.08861423522443862  0.09849161411542576  0.10903408970422855  0.11870093896910069
  0.12832666787159763  0.13767097508943299  0.14722456670556497  0.15888934353995113
  0.17038071727800341  0.18218939540474380  0.19250114993812134  0.20239769521118103
  0.21212372280223110  0.22177823431660065  0.23155429425882681  0.24166183320315401
  0.25076852847395043  0.26078662543498554  0.27113711411267705  0.28186934434081234
  0.29310185865538679  0.30334070088424314  0.31328893906875693  0.32321961426504497
  0.33310018062346991  0.34285826768780764  0.35300006977660481  0.36396738203794354
  0.37505734822828107  0.38641768616679417  0.39758524524459588  0.40824011850277220
  0.41902029198488311  0.42989304700651387  0.43914623474764236  0.44791774066900458
  0.45647816281942499  0.46599606814576672  0.47697419149501924  0.48816165556442753
  0.49993157989293358  0.51118764537366645  0.52213594611567848  0.53248869951761002
  0.54293608984001596  0.55358725863937963  0.56428098330160636  0.57527721399628717
  0.58682097331549543  0.59856914664523886  0.61061525759537083  0.62269614421264008
  0.63517367706727190  0.64732961848442938  0.65865352381673259  0.66910609309609415
  0.67958067511439013  0.69065733232558757  0.70242154348519470  0.71475571478374988
  0.72673368072613009  0.73836335562656430  0.74942125893040124  0.75943630936718842
  0.76894295388772615  0.77865095245544902  0.78874085683287398  0.79840278693700517
  0.80730515023991944  0.81639514524861401  0.82621826958661559  0.83673949054437502
  0.84763093129239031  0.85850517520416758  0.86927711900876459  0.88015445880979237
  0.89089902119291409  0.90113394322796581  0.91067126971686130  0.91969398226898247
  0.92879079780948670  0.93831575899316932  0.94926394214532683  0.96069014698027788
  0.97119210444341386  0.98134040358669783  0.99014476857236478  1.00000000000000000
  0.00008202861679849  0.00034104330963008  0.00060234528177350  0.00086753865455137
  0.00104867112675692  0.00121789120367097  0.00140139459965551  0.00159203267348061
  0.00178839723994970  0.00198998705369121  0.00219653597918447  0.00241370490076818
  0.00263971290177660  0.00287378350593896  0.00311430390632693  0.00336024043656082
  0.00361584986581944  0.00388057907671648  0.00415896187972994  0.00444719491253054
  0.00473918390360059  0.00503313064491866  0.00532994652416676  0.00563347782972761
  0.00594768869271679  0.00626933932893510  0.00660383613566228  0.00694956151702681
  0.00731932012457437  0.00770744788361300  0.00809986824981851  0.00849881640071139
  0.00889577812406975  0.00930460502332856  0.00973800399409616  0.01019099326663946
  0.01065449715946037  0.01112533364336982  0.01159643457908268  0.01207331668348823
  0.01256446237073705  0.01307298697100970  0.01357846507392167  0.01408525721299813
  0.01460622941133233  0.01513582341539458  0.01570013471096756  0.01630142165100158
  0.01692507359837489  0.01754393499692820  0.01814591270962410  0.01877210274280901
  0.01944191301723488  0.02015941586896348  0.02094431186673214  0.02173505132840172
  0.02248483608345180  0.02317917397568431  0.02382555501419128  0.02449110395507477
  0.02525998369965243  0.02604253542140061  0.02686015592816315  0.02778435130601733
  0.02866393207536092  0.02955105959730891  0.03045247742918106  0.03147012634579198
  0.03264730106606414  0.03394211279520567  0.03529269686444005  0.03673611555098934
  0.03827869601875156  0.03951717439093557  0.04055357813277791  0.04174907149024248
  0.04379842797124569  0.04610004841552849  0.04850494608225559  0.05152325772746986
  0.05387391677255090  0.05582057635409276  0.05802614361766009  0.06183937296791166
  0.06797968819693363  0.07358432744053359  0.07775554097682082  0.08402620756525932
  0.09247327568727239  0.10212889266557743  0.11074008110248033  0.12620777433549166
  0.14898640991283829  0.33353878496404105  0.73354298908115112  1.00000000000000000
 -0.00199664018664494  0.00742568419544448  0.01634704443936685  0.02461757682215734
  0.03276052213193574  0.04091566753209470  0.04965583433911090  0.05863555511839142
  0.06760407525133169  0.07655636166310827  0.08575750482040266  0.09491067458443025
  0.10379553282361502  0.11261087606598474  0.12176039928581237  0.13157158270820846
  0.14185567368184002  0.15193671350505722  0.16159596786212757  0.17067340523908572
  0.17980408999807035  0.18962777497504291  0.19989539511446971  0.21132076843635006
  0.22279910303975398  0.23290334703820584  0.24246260763235705  0.25237967686727003
  0.26301211754515069  0.27345507480247944  0.28321014184827759  0.29302408263827773
  0.30325511011323203  0.31348624092448579  0.32366746002776353  0.33477052185473244
  0.34742626076973271  0.36038750654822516  0.37319887607023522  0.38498932299268318
  0.39646907388827424  0.40909514441619149  0.42202330555376510  0.43416928628879092
  0.44575712542224066  0.45769437232785615  0.47024003949690518  0.48415326400457742
  0.49876971434302753  0.51225986762954068  0.52524966077192048  0.53790209005922907
  0.55099868292257947  0.56411788986434042  0.57761161408622896  0.59022566708310453
  0.60304607022120538  0.61578770013701034  0.62827983329882375  0.64041367352680423
  0.65171962084485835  0.66195632171175633  0.67192613381731758  0.68215998108522846
  0.69278086581684195  0.70355716342654839  0.71481888150263007  0.72650529273718212
  0.73822388337706524  0.74963099856930115  0.76055874007639690  0.77065699982407920
  0.77997701169768163  0.78910450470176918  0.79856733637019417  0.80885442306342092
  0.81934579285673648  0.82942177788941251  0.83893891819513566  0.84850965690897873
  0.85820867879749185  0.86783628234546761  0.87727290835764771  0.88667182753547213
  0.89635917534469611  0.90626786057710840  0.91586177380678524  0.92478738750951650
  0.93325052839547284  0.94196552995834171  0.95121637955516825  0.96078120607272577
  0.97049859165215802  0.98006322970470250  0.99003408697190842  1.00000000000000000
  0.03723292520668003  0.55089890495146909  0.64153905560747992  0.68681948558805661
  0.71775503591696377  0.74117016886370179  0.76011160163231550  0.77564700461535940
  0.78882517364872562  0.80048467924296718  0.81113119287457558  0.82026210067592309
  0.82863802114039176  0.83623911829725284  0.84333025327700262  0.85017954276891516
  0.85647845419299029  0.86195705601635753  0.86700804212622018  0.87181558117940749
  0.87641740852532701  0.88081948134022248  0.88506909766286312  0.88913164824252666
  0.89301856926872103  0.89661236098831898  0.89986495388354371  0.90300467328158651
  0.90610141050309545  0.90906257339492091  0.91189740875572545  0.91470293453552420
  0.91736583858026033  0.91985433373382752  0.92221949321902130  0.92449471771716552
  0.92671058422219632  0.92892173088717300  0.93098225155655034  0.93300166748840974
  0.93499544282911562  0.93692231753852273  0.93873372223321905  0.94039248921369278
  0.94200094041946181  0.94361434276643341  0.94521908897073526  0.94681783594113644
  0.94838572945226607  0.94991770202181147  0.95141162555805747  0.95287109533727488
  0.95434763692155322  0.95582252980296878  0.95727968080401149  0.95870489842263062
  0.96005607237073609  0.96131366436208043  0.96250189381989237  0.96365877642661157
  0.96480519435953560  0.96595957639002339  0.96714823243285053  0.96830260183550265
  0.96946263166156244  0.97058274733669803  0.97168185318451827  0.97276190803350271
  0.97381251703121274  0.97483737007522320  0.97585574431548239  0.97685631404456486
  0.97783816914004429  0.97874718072369737  0.97964228832431854  0.98053841165044697
  0.98141957873711816  0.98227645695849775  0.98311782040739926  0.98395023816117011
  0.98477484788337821  0.98560281742392419  0.98644112557876906  0.98730775357946809
  0.98818845172907366  0.98907069810834281  0.98996267613119660  0.99086420272964670
  0.99175601832703231  0.99265228420543983  0.99357732631839080  0.99453832373306361
  0.99561409710960458  0.99676424797034946  0.99815774126649903  1.00000000000000000
 -0.02221098518880039  0.10844542654559215  0.14735059744982185  0.17034293347140339
  0.18841914302055687  0.20450852916641560  0.21936587069516070  0.23295781819127107
  0.24521420280538561  0.25672657489166217  0.26782133396180274  0.27827238553054234
  0.28757419777610094  0.29561211720304797  0.30276021918715684  0.30961765564720584
  0.31606147055559181  0.32224642396871456  0.32864843360952301  0.33496283450241726
  0.34133962517611077  0.34753447482864352  0.35368385668383157  0.35987922428592262
  0.36597297516004396  0.37205437977906719  0.37826765473159701  0.38429997548549633
  0.38998492526064116  0.39555373419051942  0.40101032075563314  0.40675913795034979
  0.41294804768037147  0.41932559532022534  0.42579986044290397  0.43231805506239074
  0.43870437276532642  0.44484589673495567  0.45087065456801423  0.45680795190099116
  0.46280337634786056  0.46885177928974014  0.47487052718215972  0.48055373852901995
  0.48593824343021047  0.49131319773328724  0.49682948907617580  0.50252036454773286
  0.50838570178240849  0.51433004977793972  0.52013145794037563  0.52560117083723479
  0.53074034162398820  0.53557134874299062  0.54023778228071129  0.54516426600450352
  0.55043859969651998  0.55586242232714622  0.56142222239860828  0.56689607089774097
  0.57264652973706076  0.57832313162800442  0.58456573972519543  0.59103687497954926
  0.59736204322599806  0.60325528839375064  0.60919975882742927  0.61524020167290583
  0.62112782564730262  0.62685393215400609  0.63264519705925448  0.63863686837554645
  0.64489622350354192  0.65133290968389412  0.65772765878480488  0.66413946580985195
  0.67072043529590908  0.67746281270395203  0.68392895981503210  0.69038084119542220
  0.69727061598763107  0.70433850683771493  0.71301677737254354  0.72187198380866613
  0.73101874098730779  0.73996592485275314  0.74893663641025154  0.75852239029200996
  0.76910285683902835  0.78170368733310047  0.79574817895940897  0.81122207016098280
  0.82783621184164569  0.84900958171701058  0.88751427572716424  1.00000000000000000
   1.5772872838133292E-012  -1.0000000000000000     
 F F F F F F F F F F F F F F F F F F F F F F F F F F F F F F F F F F F F F F F F F F F F F F F F F F F F F F F F F F F F F F F F F F F F F F F F F F F F F F F F F F F F F F F F F F F F F F F F F F F F F F F F F F F F F F F F F F F F F F F F F F F F F F F F F F F F F F F F F F F F F F F F F F F F F F F F F F F F F F F F F F F F F F F F F F F F F F F F F F F F F F F F F F F F F F F F F F F F F F F F F F F F F F F F F F F F F F F F F F F F F F F F F F F F F F F F F F F F F F F F F F F F F F F F F F F F F F F F F F F F F F F F F F F F F F F F F F F F F F F F F F F F F F F F F F F F F F F F F F F F F F F F F F F F F F F F F F F F F F F F F F F F F F F F F F F F F F F F F F F F F F F F F F F F F F F F F F F F F F F F F F F F F F F F F F F F F F F F F F F F F F F F F F F F F F F F F F F F F F F F F F F F F F F F F F F F F F F F F F F F F F F F F F F F F F F F F F F F F F F F F F F F F F F F F F F F F F F F F F F F F F F F F F F F F F F F F F F F F F F F F F F F F F F F F F F F F F F F F F F F F F F F F F F F F F F F
  <DiscreteSampler_grid>
  grouped_processes
  1 # 1 for a reference and 2 for a running grid.
  10 # Attribute 'min_bin_probing_points' of the grid.
  1 # Attribute 'grid_mode' of the grid. 1=='default',2=='initialization'
  0.0000000000000000 # Attribute 'small_contrib_threshold' of the grid.
  0.5000000000000000 # Attribute 'damping_power' of the grid.
 # binID   n_entries weight   weight_sqr   abs_weight
    10   10   1.268774016385088E+001   1.215518791564887E+003   1.268774016385088E+001
    16   10   1.266352244562596E+001   1.200913040807515E+003   1.266352244562596E+001
  </DiscreteSampler_grid>
