  0.00237939928388057  0.01501734465645965  0.02819377478027144  0.03549811308867951
  0.04321495347946747  0.05084538477552156  0.05803881362485562  0.06580807066037578
  0.07623041650708917  0.08673639790117715  0.09743513452214873  0.10890629373935409
  0.12092779027214484  0.13223290132719737  0.14302741813767830  0.15371193340880265
  0.16401886049697398  0.17417550490048347  0.18434541802989735  0.19521973098542422
  0.20639975844848063  0.21695795382411698  0.22770378770766977  0.23902768773376215
  0.25115048544004831  0.26309555160277320  0.27471358741293184  0.28616534969770208
  0.29785111384162155  0.31000345189468381  0.32155260050827766  0.33222696940104296
  0.34241527696526514  0.35236708291885366  0.36225124028751254  0.37209039710318070
  0.38236299333496465  0.39335082588041609  0.40410025116372505  0.41459502841776996
  0.42478990677951833  0.43509331356041170  0.44511022645048876  0.45490389683751420
  0.46450803484726427  0.47459465380089760  0.48511770952093475  0.49598964822965141
  0.50607635691252961  0.51568772750727365  0.52531153440601031  0.53552836077761412
  0.54596164786544976  0.55613957019771809  0.56625004829242020  0.57637272992049959
  0.58681256361632084  0.59711448772421227  0.60712684574348519  0.61831812183760215
  0.62933028054124696  0.64017888688123592  0.65174982938525472  0.66296521353765936
  0.67414600469073938  0.68473547390736134  0.69582583429727285  0.70723805064181278
  0.71953468652017205  0.73075051022298443  0.74196389234890214  0.75273904970607197
  0.76365542801902986  0.77339293096674333  0.78261071996228782  0.79230580770530135
  0.80280020303451927  0.81339992538887029  0.82365029812931279  0.83383459924529035
  0.84441752559036076  0.85538734972413888  0.86643960352441018  0.87727856702021523
  0.88813259916765985  0.89922501753506834  0.91001573103458955  0.92072647872395263
  0.93175836105215637  0.94325689303278926  0.95422502171392698  0.96473801124378511
  0.97537261809394316  0.98477384341686225  0.99276597484392104  1.00000000000000000
  0.00296543813201544  0.01399090050067822  0.02616450051860158  0.03760902556255468
  0.04860801376704946  0.06005592419779853  0.07187814561908690  0.08311211566492192
  0.09443062281615432  0.10540335768336435  0.11678472385311393  0.12876604325701735
  0.14140526637882631  0.15351879334137122  0.16521678715963709  0.17690730590953563
  0.18857551818701987  0.19980003708631006  0.21074569104085739  0.22139232962870473
  0.23192303037805240  0.24293148341210041  0.25434195952207900  0.26566049760781535
  0.27669925885460200  0.28774835666062065  0.29890506374263148  0.30972290078061476
  0.32065925021177677  0.33197532654416290  0.34403897638905034  0.35565421611043380
  0.36649065781968659  0.37689162730491549  0.38779001222779869  0.39890897939441244
  0.41039948693528383  0.42042164426604112  0.43005671423157182  0.43988347707713726
  0.45018292053326603  0.46016890458995258  0.47006449291179958  0.48036391789244126
  0.49136565943441968  0.50290376510578960  0.51400986375584257  0.52452115718608250
  0.53468832399547583  0.54544931246637207  0.55710262390838239  0.56877449800392965
  0.57656178656681190  0.58351485775278134  0.59019862666408340  0.59662602880233739
  0.60353187748990011  0.61291443121491529  0.62375147487537497  0.63420952831027366
  0.64475430697148628  0.65602142602209523  0.66739814763562433  0.67774274145673119
  0.68760126813374622  0.69828392718230181  0.70952730237292760  0.72076742298956298
  0.73189992218291899  0.74307376533288372  0.75406749510545401  0.76490665928929658
  0.77547030656813154  0.78591673706145460  0.79657632872521311  0.80747303067004483
  0.81815701912901573  0.82802783915552414  0.83829022336673209  0.84906380550142457
  0.86024376474768627  0.87127513721274941  0.88122562462947607  0.89106812811816827
  0.90039614635042564  0.90955926849170055  0.92002586155200961  0.93103904131189852
  0.94242578661660803  0.95296412160262622  0.96296449069200385  0.97260839804925991
  0.98122572000361086  0.98787683896566392  0.99192798755956391  1.00000000000000000
  0.00903076396030506  0.01778178410760010  0.02801079888868181  0.03914313906190885
  0.04964171933681701  0.06049876829754394  0.07138370625854457  0.08223675185859303
  0.09290873554416808  0.10343919271274973  0.11419246903756129  0.12527962732062908
  0.13600773885153331  0.14657412021612010  0.15704314232111372  0.16756490072046687
  0.17839273478406872  0.18936698539948826  0.20074081874202288  0.21203671001190072
  0.22302444000192342  0.23421102464574919  0.24540029504559810  0.25612120257411902
  0.26595401969336807  0.27502701947155916  0.28377894297836792  0.29250899600547137
  0.30132478821324937  0.31024284632252030  0.31944482289052639  0.32887977806982088
  0.33880036761745175  0.34914537159694392  0.36006031635627406  0.36964517130289093
  0.37678150055274001  0.38360293057705891  0.39030488598442020  0.39709875693375574
  0.40530430403885531  0.41620173157492069  0.42745971683639455  0.43873774115650588
  0.45044554381500918  0.46231431228263525  0.47367100051777439  0.48456331399186992
  0.49529423188306115  0.50637605524148599  0.51796191935036873  0.52949952275949397
  0.54051559624618928  0.55104730485025577  0.56172355704008270  0.57309987400106610
  0.58439927626477484  0.59441272123276767  0.60429592429187462  0.61414640683044486
  0.62393706048103936  0.63286203409444497  0.64148065180762581  0.65060122381698138
  0.66078939778916013  0.67164362245113773  0.68287023045538819  0.69443509784693824
  0.70630834238793583  0.71821182075356749  0.72996328225630946  0.74138021639748175
  0.75230353441604836  0.76284689839227204  0.77326373412482319  0.78356721652803019
  0.79398067714265497  0.80462629271137309  0.81512536386814283  0.82527299919245500
  0.83558205558903176  0.84576609811618575  0.85663522041762519  0.86674438254753228
  0.87711434691393630  0.88747372145933945  0.89798607689223464  0.90859709509089637
  0.91924899683925809  0.92966368438255809  0.93995281154946975  0.95056086703852438
  0.96141283598441529  0.97199652940296777  0.98364466085305358  1.00000000000000000
  0.00000806358662586  0.00001496552607590  0.00002029550881626  0.00002683358348157
  0.00003398172741238  0.00004115183479197  0.00004816499854067  0.00005543633950059
  0.00006310366814526  0.00007109920495525  0.00007995789527813  0.00008966087894179
  0.00010047576470099  0.00011248761586272  0.00012571317460772  0.00014045632667726
  0.00015711957459344  0.00017552707056705  0.00019571076929337  0.00021763128739333
  0.00024127394904149  0.00026737646893785  0.00029620912202668  0.00032799774385025
  0.00036333150104266  0.00040277885062076  0.00044655391052695  0.00049434827175711
  0.00054502758515670  0.00059994757238552  0.00066267729266071  0.00073610440262360
  0.00081293338015043  0.00089260155343368  0.00097515811710742  0.00106731617733365
  0.00116994172300030  0.00127993633321140  0.00139997304747730  0.00153521165985040
  0.00168242292913384  0.00180860117528795  0.00191619388070794  0.00203885674173424
  0.00218271320148064  0.00231109326060090  0.00242170585862556  0.00253686938978715
  0.00267572828728284  0.00284891016545247  0.00306327239553847  0.00331651367700352
  0.00359452474152340  0.00388700854931934  0.00417805603370625  0.00447072774626305
  0.00475260581772121  0.00502304947183273  0.00533379836143345  0.00565900901803825
  0.00598750497004431  0.00630299282321084  0.00658558451898581  0.00683637361690575
  0.00712557112604814  0.00747476345509667  0.00790549950637208  0.00837456951870849
  0.00878459190194858  0.00918475485188693  0.00968987433018741  0.01059248212639338
  0.01178279710140329  0.01301195875555559  0.01448315060742977  0.01626779761389859
  0.01848154053591056  0.02043704434255358  0.02268418173362373  0.02456190831455276
  0.02613806098654159  0.02781405237376736  0.03000084920629611  0.03261600448168236
  0.03541420697221700  0.03765546237869401  0.03927072613557020  0.04121481502804513
  0.04343253210080682  0.04545371562336013  0.05456228782098563  0.09142824540801978
  0.14696376177401549  0.24356305415029952  0.81637090916876964  1.00000000000000000
  0.00000162327868949  0.00000235963506473  0.00000288350332040  0.00000341550097610
  0.00000401054785588  0.00000466467151544  0.00000539549030462  0.00000617112730112
  0.00000695087741450  0.00000775246455990  0.00000863819301361  0.00000961442195607
  0.00001070227372483  0.00001185364680075  0.00001300615235080  0.00001421251528615
  0.00001551696542846  0.00001701909176735  0.00001883385060045  0.00002092765446863
  0.00002322832460528  0.00002573674808121  0.00002867528370101  0.00003216434716240
  0.00003624969589296  0.00004098132567916  0.00004659110721317  0.00005308991584280
  0.00006063982940955  0.00006938483126627  0.00008000998963143  0.00009171775355323
  0.00010441885519576  0.00011774809581289  0.00013159007297797  0.00014613757706613
  0.00016105715306236  0.00017552708429422  0.00019169081622483  0.00020767541143002
  0.00022640349451116  0.00024537895095058  0.00026485451014463  0.00028555620870364
  0.00030805888528998  0.00033194271685715  0.00035749062143435  0.00038481793240795
  0.00041329532491939  0.00044247014415762  0.00047266809824751  0.00050487311723358
  0.00053998613997843  0.00057712198931106  0.00061662936118638  0.00065856209722215
  0.00070340962305682  0.00075045631987788  0.00079932060543484  0.00085091944432030
  0.00090805506413405  0.00097335198369627  0.00104210832043927  0.00111800541296047
  0.00119732543777833  0.00127827951063632  0.00136954157175909  0.00146524106298650
  0.00156093579593739  0.00165814321778732  0.00178482546109737  0.00194289613261244
  0.00206776373983005  0.00216936645207974  0.00226802903154941  0.00237285178887574
  0.00248456342846906  0.00264990922348308  0.00293214376711412  0.00327560182061326
  0.00364493643172417  0.00402962844053391  0.00443576116582015  0.00490459160731275
  0.00556293919664565  0.00660028276774205  0.00805961088246581  0.00975678408670608
  0.01135669518961982  0.01275369453431151  0.01406170071582313  0.01613972762241992
  0.01915391031565620  0.02601526430691781  0.15413221362713952  1.00000000000000000
 -0.00109279928670016  0.00414168881857352  0.01081257635493625  0.01696361628458907
  0.02524504199943479  0.03588175985989003  0.04687799864697453  0.05832411725253197
  0.06967159189584489  0.08086086872870239  0.09216782015824283  0.10376329752881806
  0.11536795389869887  0.12649616522732254  0.13710743135715181  0.14791509245806433
  0.15907237145027281  0.17074701146915056  0.18233424678567675  0.19331926680599079
  0.20381269629133383  0.21374212558944661  0.22355754777761294  0.23281760385213299
  0.24190153585825486  0.25139477463868104  0.26109938529232629  0.27108467778030865
  0.28086360538049354  0.29029533779536942  0.30063438452115959  0.31182205784067613
  0.32296133215294670  0.33396891676768420  0.34558708773917246  0.35754235035522797
  0.36983754385534284  0.38113970931893137  0.39148466072430249  0.40168231954208866
  0.41191883789929423  0.42231317368752069  0.43297088156484809  0.44338883867244383
  0.45398958088030494  0.46417413387753953  0.47454509799348699  0.48589725863098443
  0.49799470169632304  0.50921759656961707  0.51969011191639325  0.52976505860657275
  0.54022480594974920  0.55101099462812497  0.56177554403166885  0.57242429267611716
  0.58302724353812119  0.59336122091591270  0.60318095022305984  0.61283107525196001
  0.62284546656950734  0.63341812965916700  0.64448673082998686  0.65521618514576929
  0.66512759731338422  0.67443051631591766  0.68371920826600885  0.69370134141112472
  0.70424216504352677  0.71485514730509681  0.72549432331526797  0.73595444650481079
  0.74631559685725346  0.75685765884411271  0.76807754845107112  0.77969782827967593
  0.79115070402082410  0.80239245100214718  0.81362228673089865  0.82490500002248812
  0.83618613922991902  0.84753821453236078  0.85890017991537293  0.86991082042538326
  0.88086950952023602  0.89224160866791680  0.90392416824771271  0.91530205334935377
  0.92594431558601820  0.93572851438726878  0.94596050684703581  0.95556117071242597
  0.96684907617191318  0.97794264423033639  0.98895598599864942  1.00000000000000000
 -0.00240324484495002  0.00975335270336117  0.02034838159132886  0.03251880282641215
  0.04371379698673213  0.05426069033366044  0.06464719086224871  0.07465192928328539
  0.08460644363740966  0.09436783971607879  0.10493256922783946  0.11612733132986791
  0.12792113715153403  0.13902445847190781  0.14977474270713004  0.16011207279645129
  0.17031733483683659  0.18066687383731497  0.19091830919163999  0.20124748495676664
  0.21140383427376769  0.22120487827338806  0.23096071880940261  0.24063005756332240
  0.25085734282375077  0.26128617830243928  0.27122873187764829  0.28099263167211697
  0.29090975008741121  0.30134235466875980  0.31216538194737070  0.32259010025946572
  0.33296997993212996  0.34345387697389695  0.35437622786897344  0.36529487636841279
  0.37571262290726032  0.38594982918399678  0.39622231719223483  0.40698839237263601
  0.41815477013626079  0.42953047931388361  0.44053432131973330  0.45145922279804213
  0.46264618643229050  0.47403321942505838  0.48477114793589882  0.49487999908477548
  0.50456195000360082  0.51445894540995218  0.52454456721713894  0.53486505824015818
  0.54571115731893083  0.55638293566361952  0.56728363447860131  0.57810533991505941
  0.58891845381842522  0.59967666280302534  0.61095423186374886  0.62147518794873424
  0.62888972570419732  0.63548781645139085  0.64201550206576252  0.64860774746478544
  0.65694776277724010  0.66860771358711890  0.67921994276997422  0.68989213380928160
  0.70097290677236235  0.71202378766331498  0.72276840104929430  0.73414917855721396
  0.74638390568791557  0.75857939043206690  0.77014746708730275  0.78154311795142406
  0.79280973435104463  0.80397122475164695  0.81510345295946973  0.82577096877117562
  0.83661395100246816  0.84758024145075772  0.85899313798862920  0.87004858629738424
  0.88078172396624832  0.89153454327540482  0.90304778348612436  0.91463822035536446
  0.92594023603522513  0.93723775876950299  0.94926324059534983  0.96090032681759519
  0.97132149849219096  0.98128681155141106  0.99067321009204168  1.00000000000000000
 -0.00242399311400428  0.01090298252173120  0.02241416158338402  0.03341553741783296
  0.04406031912179655  0.05455621113902798  0.06549278532420870  0.07692063941727662
  0.08848007221556538  0.09993050064196392  0.11108093290581371  0.12230556445903633
  0.13364216055355579  0.14469837138442682  0.15541746634050352  0.16621835373326732
  0.17736627543885283  0.18861734215045117  0.19990440129503184  0.21109624859055195
  0.22213794087803690  0.23285937797437636  0.24324811857942133  0.25376242405259186
  0.26435688810769664  0.27541636426681104  0.28706036839843435  0.29892308111228832
  0.31072902241897271  0.31705812259115002  0.32400898987335230  0.33105431561384951
  0.33774692836984987  0.34584696128550535  0.35647463027818971  0.36684265657175841
  0.37750374693218192  0.38869781529962449  0.39950307268254698  0.41017246022544313
  0.42085921624279249  0.43205227036572208  0.44278973836589797  0.45343956724730206
  0.46374130118045431  0.47392333996933000  0.48383543866115808  0.49358964858659776
  0.50402866283974435  0.51512210730904240  0.52569957553279867  0.53515909167176567
  0.54406239061079642  0.55282565491643998  0.56237110966146897  0.57187648117206391
  0.58132751166075669  0.59131430459020640  0.60074500845257950  0.61098922432862168
  0.62150260379922218  0.63181413021450439  0.64205028577031420  0.65232058069665466
  0.66242994936826383  0.67226364508220071  0.68208890812633183  0.69238334575982985
  0.70328075700165471  0.71355281282803296  0.72359802981278010  0.73375309661409971
  0.74437852595966891  0.75508765301366620  0.76585690472891710  0.77620959001451206
  0.78638698378592131  0.79640541698813649  0.80716342980211742  0.81855384778340123
  0.83029557821156896  0.84158985379497586  0.85275067936473492  0.86393424497525884
  0.87524432923141382  0.88660006785199674  0.89834164306044328  0.91079877284353428
  0.92259445545442398  0.93401383373117464  0.94507932972960040  0.95628770089118376
  0.96668492113129456  0.97751625011389409  0.98812846409154487  1.00000000000000000
 -0.00225518251380712  0.00869519713574778  0.01921935873796795  0.02876256074205930
  0.03901637793274858  0.04898131050270972  0.05914006982018662  0.06808075300425576
  0.07701473300673747  0.08713942209137518  0.09879435489815426  0.11078865223038656
  0.12226696914484780  0.13390534285423505  0.14560593889987111  0.15709370415398952
  0.16786769232828352  0.17832992386258550  0.18916127792369131  0.19627669237916481
  0.20341071649993012  0.21087454835076205  0.21823742922758821  0.22648868742593373
  0.23704550888147438  0.24787129806495589  0.25897255094314703  0.27022251910549405
  0.28140959811220290  0.29255161423484893  0.30391077618713908  0.31500699277734112
  0.32564121271821561  0.33526733087598365  0.34453956435398597  0.35404897853939227
  0.36463797768973683  0.37581410461031550  0.38684539286032932  0.39769147805507044
  0.40889066650915107  0.42012151533250985  0.43043054544226089  0.43997708847000994
  0.44953754211111879  0.45986282841802939  0.47111338547030407  0.48277430610132310
  0.49427291049894878  0.50548600996810389  0.51624715177602898  0.52686905326959710
  0.53763261630766301  0.54871553560324382  0.55982990600906191  0.57084466138578671
  0.58227768599725671  0.59421540438610676  0.60606020897419044  0.61790399710855282
  0.62923528152856634  0.64069638634124948  0.65230581835758505  0.66398904854635388
  0.67547359119105066  0.68639696427176122  0.69741248713736192  0.70889881409990085
  0.72049396861405701  0.73169903439302808  0.74279008566834848  0.75413865775855815
  0.76542153748377773  0.77613290009961378  0.78638619961364831  0.79606976794415329
  0.80579030570679344  0.81556382763224866  0.82733612997883565  0.83832446726078269
  0.84936083955135111  0.85948396673198857  0.86923063911500076  0.87892360906870437
  0.88888408630141291  0.89925051663108724  0.90948422137532126  0.91908110928464670
  0.92953555451847036  0.93991760363738019  0.95115719936664533  0.96232446394511451
  0.97199251032398104  0.98121268820538443  0.98951223530449217  1.00000000000000000
 -0.00228033545767830  0.00925970991201861  0.01609405870702470  0.02306357117872675
  0.03002340706651998  0.03687492870386663  0.04387978112102748  0.05423882355578923
  0.06407350048742200  0.07389430070515562  0.08419504729219357  0.09502613604225767
  0.10554947031068723  0.11625248387775387  0.12724568941213585  0.13883177224871246
  0.15014237421089138  0.16059660600114053  0.17070124348845336  0.18083680065820226
  0.19128681836694755  0.20209682795769116  0.21309262056560535  0.22445371838960437
  0.23628510681306047  0.24799946720289887  0.25944481001866554  0.27007652209857830
  0.28102219758598895  0.29186613214257384  0.30321079358826630  0.31434718237473158
  0.32467458452404552  0.33469505198624638  0.34490803897199540  0.35580393831442869
  0.36694623474224214  0.37759653940091259  0.38795549857361072  0.39811761723478739
  0.40826493814298326  0.41841459746039461  0.42854922872776785  0.43913323518716707
  0.45007390873613451  0.46103669986869905  0.47192787775525868  0.48275139518626731
  0.49386992595486651  0.50520282798511862  0.51701978359486411  0.52914400661702521
  0.54086703698496241  0.55211976239454552  0.56333833171466641  0.57493142167123301
  0.58708705236253611  0.59914277540735050  0.61095394228207367  0.62244903509674254
  0.63471759583954668  0.64664970788281628  0.65750966343138950  0.66823149440330931
  0.67954754505709414  0.69060563800805386  0.70111956442720058  0.71151061591118758
  0.72342612136163686  0.73465364319524318  0.74537256096686677  0.75581544846299220
  0.76695137212872366  0.77793801942571228  0.78813034288287187  0.79810893809379713
  0.80743205358006287  0.81735499044210058  0.82788037336603049  0.83888029692241783
  0.84922515336960169  0.85909460679672300  0.86892427357941537  0.87899869404523756
  0.88980504280579109  0.90031432142740564  0.91018116295333318  0.91929520416359334
  0.92798176558099033  0.93714256091973536  0.94701619774226797  0.95702532568290577
  0.96809021083536662  0.97891974339071974  0.98956324283940988  1.00000000000000000
 -0.00255077711918037  0.00934255707345901  0.01971938762091017  0.03065384206242884
  0.04103932882840665  0.05213272225850088  0.06284032051810777  0.07457599333197955
  0.08618308007515268  0.09695551873807289  0.10695845786495639  0.11696567592287205
  0.12782442719482293  0.13935969478108351  0.15131518735557475  0.16327148229388547
  0.17488472650363976  0.18615025824814757  0.19724849601852237  0.20832121943929552
  0.21926324261143149  0.23060853285094665  0.24266904778933193  0.25474809899226147
  0.26579927202633741  0.27590461331300775  0.28585454882859129  0.29595536877380163
  0.30661796001804448  0.31788985040292478  0.32940232430472932  0.34074134304846765
  0.35156389435356911  0.36225247071803363  0.37297594835880621  0.38360789903548592
  0.39430857333383168  0.40515135799030239  0.41564544864289199  0.42538364650299765
  0.43494373681101434  0.44465826443898204  0.45403178346069867  0.46371962229096741
  0.47356707968934025  0.48430953143362276  0.49525236630346159  0.50563141047359084
  0.51563953201992285  0.52574342263835150  0.53586214230416951  0.54535275707977082
  0.55205677820008792  0.55841332232043495  0.56486979623318434  0.57093225738952047
  0.57743986500122735  0.58568008288477880  0.59478218570187791  0.60457791818116624
  0.61501823057795868  0.62582265660613168  0.63677056751575045  0.64747135857002869
  0.65806655460104835  0.66905165416008017  0.68028062700964498  0.69086487095572247
  0.70117355142370341  0.71193864026256748  0.72331584178768460  0.73478339841350593
  0.74617555204463271  0.75750179759230774  0.76860895393859596  0.77967167201859466
  0.79076175990255038  0.80180673804600699  0.81282210999120885  0.82392633860509323
  0.83522213431594783  0.84672431584608665  0.85810892011886952  0.86917815430817014
  0.88003773716936562  0.89091731728969659  0.90209056105359553  0.91361326992819458
  0.92529473580444543  0.93701204218550083  0.94825866270078818  0.95926435801215171
  0.96988635640938936  0.98004341255539074  0.99004026016338065  1.00000000000000000
 -0.00279824954244550  0.01000681030988450  0.02083589672510553  0.03159362456803923
  0.04242603201450030  0.05340548826907392  0.06451808030345546  0.07618005427738068
  0.08830861821919712  0.10045367804389428  0.11242124981737338  0.12405374650799689
  0.13548422201543683  0.14721773867186339  0.15945038769186376  0.17238536019456760
  0.18517293116844941  0.19751531537761902  0.20938280184171570  0.22131227719908811
  0.23291150436262303  0.24388400987251099  0.25453179156829342  0.26502056486962128
  0.27529359169954781  0.28474811300442499  0.29421438489424828  0.30375242857921880
  0.31329818627831030  0.32318001957568782  0.33377140357263280  0.34446066491317973
  0.35312379494684132  0.35942004698370245  0.36565122555662677  0.37218877008331930
  0.37958792725817908  0.38931201883107419  0.40035461113016535  0.41079209608576034
  0.42143110767854580  0.43246823093873044  0.44393531507828449  0.45523121090186658
  0.46572543213541567  0.47563084168079411  0.48551969443526405  0.49565444615569448
  0.50636130132088752  0.51747100056955808  0.52860059875929355  0.54003602181992094
  0.55170864129436792  0.56359277527013396  0.57522958371726629  0.58665716736392248
  0.59812207099237658  0.60924899222264539  0.62002020461009932  0.63052211277924897
  0.64118564871521688  0.65219227050449202  0.66349087834720588  0.67355138289930017
  0.68303014030479103  0.69321733217029102  0.70306537307772443  0.71261877093045456
  0.72194548032425565  0.73165869040278686  0.74150777777640364  0.75116771579472630
  0.76096150325208667  0.77170555431591559  0.78299167476828757  0.79409984928457544
  0.80495595324524893  0.81535752378622561  0.82546344375905178  0.83514795354029736
  0.84433545325131754  0.85336605419662470  0.86283243091516060  0.87296415846777764
  0.88352046029363951  0.89447907757480971  0.90549681831409612  0.91624226358167649
  0.92650728756139367  0.93653173070676454  0.94658021304488171  0.95683133221972727
  0.96728603850281158  0.97824821273354834  0.98909600839916856  1.00000000000000000
  0.00000983709403689  0.00008002106994353  0.00035451225556307  0.00077002530274086
  0.00119236397762531  0.00151947258069896  0.00177629699419816  0.00205467216178362
  0.00233188580806514  0.00261606749455132  0.00291454916947458  0.00321940854249439
  0.00352817908113087  0.00383869010924436  0.00414647293797815  0.00444886460786197
  0.00475228755848666  0.00505810496496657  0.00536837089894378  0.00569344757015377
  0.00602381613283979  0.00635711418876017  0.00669233282871294  0.00701132259679977
  0.00733332918446615  0.00766182551639816  0.00799917932626882  0.00834736693794072
  0.00873791581302472  0.00913281168399828  0.00954333045814220  0.00996185149402219
  0.01037704110162574  0.01081134117443555  0.01121395256138075  0.01162469817167009
  0.01202976254638953  0.01243171217733932  0.01285279464604142  0.01331087668594003
  0.01380699538674859  0.01432955717539034  0.01491433446316985  0.01551338767492169
  0.01613734663471512  0.01678548812099854  0.01740211566556450  0.01799917789375641
  0.01858052315515832  0.01915367566911768  0.01975297276103780  0.02038877983192742
  0.02110376616760793  0.02181654726307797  0.02260638410240946  0.02342831206118622
  0.02423322287580780  0.02511672145556430  0.02602468755196109  0.02695491740978040
  0.02795550987036302  0.02895958133951509  0.03002130084084696  0.03100728969313707
  0.03202044594153953  0.03305021441674090  0.03427836159126978  0.03540721387027412
  0.03638659492263587  0.03739259288676664  0.03848062515537914  0.03984473954906569
  0.04106685407025178  0.04230457730780009  0.04367117471439969  0.04547109587363814
  0.04755534033704415  0.04992452877056101  0.05207769309834866  0.05357871197970866
  0.05496636422634763  0.05644586441242998  0.05849893517376906  0.06146599210333212
  0.06528284987303878  0.06833421394774948  0.07151974092085603  0.07606805338100096
  0.08035021570542938  0.08572432283453149  0.09216448952005807  0.09756409306516910
  0.10595655718185008  0.11639038519203541  0.14457955774797976  1.00000000000000000
 -0.00115257398334577  0.00397228883566409  0.01075959072484790  0.01733213529060757
  0.02512972561107961  0.03525605595866285  0.04576793828528428  0.05613697257464906
  0.06620339082381542  0.07591109580181257  0.08538636873135326  0.09475640498912070
  0.10398777833474881  0.11265736309797297  0.12144572558061473  0.13091721276746224
  0.14060557485909930  0.14998746374328770  0.15944698335161286  0.16940590773634864
  0.18093152944535187  0.19316462176121782  0.20596107042241518  0.21880371382146496
  0.23195442640353664  0.24508605115137383  0.25836962887374842  0.27093781523653543
  0.28354784458578519  0.29461913519035693  0.30555331614745773  0.31632560123148989
  0.32736965399745249  0.33809175817347431  0.34818722145211500  0.35816246128187423
  0.36846284150302216  0.37900547121260736  0.38905073246151778  0.39851300638122333
  0.40820063403443296  0.41823305333540256  0.42886866212648028  0.43973552279878630
  0.45049908676327677  0.46104191895174618  0.47142515297130833  0.48198906011913645
  0.49277303487441754  0.50298064443152102  0.51299883930853163  0.52315824079865070
  0.53318162748596187  0.54360612033054756  0.55357057929388309  0.56334670673516463
  0.57300915586391143  0.58282643474981410  0.59292606534786307  0.60313600871153017
  0.61346070263311570  0.62414404183590533  0.63523914088311706  0.64633986346242711
  0.65743755819368388  0.66845173875075004  0.67932642842502189  0.69007849523560150
  0.70107846623641623  0.71237723415449727  0.72367595640579585  0.73496497214010892
  0.74687578828142553  0.75960299384371621  0.77260557773878180  0.78520317310110799
  0.79735516432880005  0.80906015144666465  0.82065002900189743  0.83243452178023225
  0.84417979590142767  0.85550771136792492  0.86624044463729921  0.87664963047186573
  0.88708473102703023  0.89762985956758012  0.90861820187027253  0.92002569859657146
  0.93170763672495371  0.94239292344468073  0.95204124028970361  0.96160222653666172
  0.97102004370834005  0.98053026287012501  0.99030840524407671  1.00000000000000000
  0.20660291808689932  0.49090411321060162  0.55997330521376831  0.59971512791034642
  0.62942549332110798  0.65278253707181977  0.67201819602413448  0.68834374093446693
  0.70326588374210253  0.71661610295521427  0.72867033196070108  0.73945611249280541
  0.74926215266288032  0.75863197215330402  0.76768851538778937  0.77573741017668907
  0.78309231214813957  0.79034764586220418  0.79729396882138914  0.80396144216981247
  0.81029473283140863  0.81640614440985038  0.82212872633542144  0.82774201964187655
  0.83330441304537317  0.83875248096753763  0.84389667186235118  0.84880935770566601
  0.85360375956451640  0.85830304559978199  0.86284865797734600  0.86720097310392452
  0.87139124668683743  0.87544292013672576  0.87930005706258130  0.88300459297479272
  0.88666622914208393  0.89028429444512203  0.89377680713103425  0.89711469109315967
  0.90027267109497044  0.90330349247799169  0.90633676655545836  0.90931475641243131
  0.91215923214442740  0.91491685789729404  0.91761126771331392  0.92025359236691529
  0.92287591115129952  0.92540825690770090  0.92789938095193247  0.93035000457256201
  0.93277981646198915  0.93523224416691775  0.93761183757340760  0.93989932779887819
  0.94207905439844863  0.94414755278527374  0.94610590122151828  0.94799920296298201
  0.94987010506389191  0.95179518201566693  0.95375109545998837  0.95567298486590013
  0.95753380392400478  0.95931305341470940  0.96100525262179004  0.96264488561325634
  0.96427853290387389  0.96596717986644154  0.96764106281771045  0.96932343585472158
  0.97098166395378371  0.97259400958412356  0.97416056828317232  0.97566255639639976
  0.97705815882541991  0.97843077710093596  0.97975593273738226  0.98106241285011853
  0.98231658564985891  0.98351808454509193  0.98471626175072524  0.98591042526458272
  0.98708947379832501  0.98827575590095407  0.98947256535674688  0.99067967754758957
  0.99191650243670038  0.99316350188204106  0.99439245728840187  0.99552146218464688
  0.99652574942789940  0.99748465064878133  0.99860341339430903  1.00000000000000000
 -0.02273611035555926  0.10834884041862647  0.14558103960593796  0.16763189085429631
  0.18458126136661449  0.20029059862495474  0.21430599459534946  0.22640746254949828
  0.23744096304623011  0.24773259249463456  0.25787596174054361  0.26724852539650140
  0.27617208823058059  0.28446397348542762  0.29258818930786917  0.30102820516870055
  0.30938621515933384  0.31739982075985379  0.32501651234025164  0.33223368980177931
  0.33924988429498876  0.34631566256840013  0.35300561427601113  0.35989285949633781
  0.36381957481531996  0.36826291253633969  0.37265893433011743  0.37677863926164568
  0.38091921712445903  0.38652497571519928  0.39269157845741093  0.39852895896000573
  0.40429415244859462  0.41003964120830338  0.41580246914839714  0.42180412479639628
  0.42796569271799034  0.43417342167524964  0.44014880672871143  0.44586099211653318
  0.45178310273976419  0.45785236406409158  0.46396823976592194  0.47001183618272474
  0.47558957150487435  0.48090820310400095  0.48622223936303810  0.49173890079977356
  0.49757655006263662  0.50308660563083973  0.50800553264129711  0.51293057584385704
  0.51816765228240036  0.52344503535509646  0.52865933917663210  0.53362696327472170
  0.53862714087495556  0.54398364812670541  0.54936718315934308  0.55498814567025490
  0.56078341291895051  0.56688897330455656  0.57289088017255729  0.57873166033114154
  0.58451917038352885  0.59038310477116940  0.59643509572636233  0.60273073642973107
  0.60914421303137412  0.61553444348698882  0.62203651278175420  0.62869837540110374
  0.63545541431739194  0.64194260916377244  0.64856025438392573  0.65531612592224342
  0.66266334133787430  0.67048282981328466  0.67860071617425843  0.68703921294268522
  0.69587684204724753  0.70482051684187375  0.71403587475435926  0.72317862177792369
  0.73219425384815007  0.74141050003029207  0.75091176275377070  0.76138717831639491
  0.77259594779723673  0.78449212783712252  0.79796591878675494  0.81320044810769854
  0.83178998609029808  0.85462058370197536  0.89105720829527291  1.00000000000000000
   1.5458125164654037E-013  -1.0000000000000000     
 F F F F F F F F F F F F F F F F F F F F F F F F F F F F F F F F F F F F F F F F F F F F F F F F F F F F F F F F F F F F F F F F F F F F F F F F F F F F F F F F F F F F F F F F F F F F F F F F F F F F F F F F F F F F F F F F F F F F F F F F F F F F F F F F F F F F F F F F F F F F F F F F F F F F F F F F F F F F F F F F F F F F F F F F F F F F F F F F F F F F F F F F F F F F F F F F F F F F F F F F F F F F F F F F F F F F F F F F F F F F F F F F F F F F F F F F F F F F F F F F F F F F F F F F F F F F F F F F F F F F F F F F F F F F F F F F F F F F F F F F F F F F F F F F F F F F F F F F F F F F F F F F F F F F F F F F F F F F F F F F F F F F F F F F F F F F F F F F F F F F F F F F F F F F F F F F F F F F F F F F F F F F F F F F F F F F F F F F F F F F F F F F F F F F F F F F F F F F F F F F F F F F F F F F F F F F F F F F F F F F F F F F F F F F F F F F F F F F F F F F F F F F F F F F F F F F F F F F F F F F F F F F F F F F F F F F F F F F F F F F F F F F F F F F F F F F F F F F F F F F F F F F F F F F F F F F
  <DiscreteSampler_grid>
  grouped_processes
  1 # 1 for a reference and 2 for a running grid.
  10 # Attribute 'min_bin_probing_points' of the grid.
  1 # Attribute 'grid_mode' of the grid. 1=='default',2=='initialization'
  0.0000000000000000 # Attribute 'small_contrib_threshold' of the grid.
  0.5000000000000000 # Attribute 'damping_power' of the grid.
 # binID   n_entries weight   weight_sqr   abs_weight
    10   10   7.524254319309549E-001   2.762644315172821E+000   7.524254319309549E-001
    16   10   7.525136580917277E-001   2.765711746753087E+000   7.525136580917277E-001
  </DiscreteSampler_grid>
