  0.00264742505849524  0.01514127275782739  0.02830742944821289  0.04002919356088834
  0.05185245364344595  0.06385905071970599  0.07605243962363151  0.08839692284498242
  0.10099890114057261  0.11352029012485404  0.12589496871794487  0.13717213320050320
  0.14793185635865397  0.15883728561622779  0.17001900562846423  0.18161762370642834
  0.19450331271180682  0.20740997055002419  0.21958201117574200  0.23009969122372795
  0.23942171572959398  0.24837351093570353  0.25742813919752694  0.26736973168586387
  0.27768779311980230  0.28787447471834582  0.29796112742219449  0.30803648755599272
  0.31817210589148920  0.32855935613317311  0.34009340281427830  0.35231948808461533
  0.36435534887734783  0.37565487361282718  0.38662839535576277  0.39723309516523730
  0.40714038717482753  0.41712969179372889  0.42768310517143021  0.43811322968302213
  0.44803374245880889  0.45768801427376854  0.46741651213539992  0.47722090340818035
  0.48650272740705647  0.49503852509758972  0.50407962180956734  0.51451017426511958
  0.52560449939129905  0.53645171822632098  0.54684109933914427  0.55718621300361104
  0.56808442008234916  0.57991294423355366  0.59133494641064532  0.60203139913698644
  0.61226903271789235  0.62263803107296478  0.63320578474013134  0.64307818049296628
  0.65293205144731969  0.66321089977287784  0.67371062323944408  0.68400387320141998
  0.69369923740247486  0.70321341166774431  0.71274016920879613  0.72205604214233021
  0.73128888034264417  0.74071857218840842  0.75035963297698882  0.76005916445499866
  0.76988872864398483  0.77953206151089460  0.78941560533146715  0.79946830201442620
  0.80889471459273610  0.81813906720673435  0.82778827033443081  0.83748363060843745
  0.84705720633277215  0.85719773770501195  0.86789015162388838  0.87841711941956269
  0.88832558982382215  0.89805313711272827  0.90790424584915363  0.91775252438788590
  0.92758899564499586  0.93764295866063518  0.94799248043645190  0.95802163340410340
  0.96706586893842739  0.97578882555232793  0.98420389123177732  1.00000000000000000
  0.00857683137007661  0.01799761624197600  0.02980782970589427  0.04123946833341734
  0.05242962392731891  0.06202211428516220  0.07055995224708717  0.07928794953063158
  0.08775787941700743  0.09803943701130038  0.10827734330488538  0.11957273869551231
  0.13030458363225686  0.14181605807536421  0.15327646182337931  0.16503897695707617
  0.17681338281216608  0.18781197009203401  0.19794423128113414  0.20796965379657387
  0.21822038057658649  0.22884477716633408  0.23954513075475109  0.24996082841629749
  0.26036486891687327  0.26962335543434296  0.27951895153834677  0.28943519431344961
  0.29979002522536119  0.31030890941269207  0.32172369923092892  0.33391093412763528
  0.34622312315166465  0.35799584415400143  0.36883279049437429  0.37929846575029230
  0.38993105419092677  0.40147126421512980  0.41346638952543979  0.42501896121425764
  0.43501305546953090  0.44442154628301422  0.45386899815255866  0.46406808070433991
  0.47302269408445036  0.48145360689768180  0.48984494407542256  0.49853756055306342
  0.50851271987479962  0.51891319977606765  0.52918449115015720  0.53955921230891446
  0.54925787732790554  0.55864222183961143  0.56842728006599741  0.57842179605837685
  0.58776276880417166  0.59617382055344326  0.60518587519137734  0.61552543721422759
  0.62660414671798692  0.63756943021152546  0.64866522737020371  0.65961412260630103
  0.67022779774911967  0.68093821886889128  0.69201002943580681  0.70372190568981408
  0.71564514329447304  0.72720336746854208  0.73806613636561225  0.74836375520100273
  0.75877607442932027  0.76926704385267908  0.77959603287824020  0.78993265800974710
  0.80110110218707298  0.81301645716850424  0.82416551636894453  0.83611807180926390
  0.84631190545914126  0.85680447124674808  0.86674252549222164  0.87754898621923627
  0.88867364529682846  0.89969831663738808  0.91096734788936773  0.92198056041987675
  0.93287669760454539  0.94442158260047226  0.95542359833874435  0.96552996437782235
  0.97532635937480239  0.98680775640810758  0.99024140610182387  1.00000000000000000
  0.00102119462214768  0.02052873953072687  0.03744023507883072  0.05155695908669929
  0.06489047099492888  0.07868559075220330  0.08965950833353213  0.09988520227800986
  0.11055942384485835  0.12124727285703440  0.13174050527558587  0.14180028988382670
  0.15256239634153307  0.16327734235524638  0.17358235726976179  0.18384255934285873
  0.19457824253572142  0.20578493413656412  0.21718827109432767  0.22863909929467127
  0.24032954268197257  0.25175553888840391  0.26276736927563660  0.27314733953159626
  0.28377891188499815  0.29423792591194042  0.30422822178049336  0.31392447674070711
  0.32409359082020495  0.33490427162439396  0.34672763421805947  0.35817691904402243
  0.36937916140508176  0.37852013715834343  0.38723552167791575  0.39614320663886360
  0.40400878426568032  0.41412078866039698  0.42376096705388161  0.43322293383083066
  0.44256298513247666  0.45191862734129640  0.46209775121605479  0.47318621777265885
  0.48458328272729706  0.49587941653016443  0.50735874419811178  0.51865406978324979
  0.52969837188351543  0.54048914813637428  0.55118499038931756  0.56189449840618122
  0.57170158846721120  0.58055846487159324  0.58923314575504060  0.59806344331815975
  0.60764838352781680  0.61752103746686671  0.62767029535018393  0.63861994691097612
  0.64981587876618663  0.66080406854930840  0.67159100073036249  0.68215757851753756
  0.69230986458666743  0.70215546239302773  0.71224032788276825  0.72276425257021459
  0.73344160561275229  0.74418951913534903  0.75511773178869279  0.76589938670474245
  0.77604386484961974  0.78562902452847483  0.79507213584132519  0.80468635246396181
  0.81441189977174155  0.82421707179368242  0.83396142835107534  0.84352293911828713
  0.85310960108714429  0.86286340615455126  0.87298133205292350  0.88382611460498184
  0.89460608931773422  0.90528453235902662  0.91582580550146708  0.92620955962126938
  0.93653537256244879  0.94631108375614448  0.95602184191099893  0.96602670527400192
  0.97542113196691604  0.98397264105306803  0.99210412554473959  1.00000000000000000
  0.00000206418352954  0.00000221082825240  0.00000242343774102  0.00000265100721622
  0.00000287322604918  0.00000307061403268  0.00000324784406059  0.00000341702884719
  0.00000357711395336  0.00000373184914490  0.00000389083343309  0.00000406925050951
  0.00000429160238271  0.00000447674214793  0.00000465371630485  0.00000481585699079
  0.00000496094058635  0.00000509924090853  0.00000523739502857  0.00000538145068299
  0.00000553541997020  0.00000570014084209  0.00000586442423947  0.00000602716930537
  0.00000623946039988  0.00000646188792850  0.00000667453979997  0.00000689359999491
  0.00000712901235816  0.00000737692955235  0.00000758035881784  0.00000779694374861
  0.00000802288980556  0.00000825693205198  0.00000851210704793  0.00000878838321706
  0.00000906112329184  0.00000933143045732  0.00000959311131111  0.00000982413327040
  0.00001005533510481  0.00001034107933200  0.00001069939698421  0.00001106751574672
  0.00001142983858109  0.00001179324729468  0.00001215519828188  0.00001252274975899
  0.00001293948616146  0.00001337869957541  0.00001386074173842  0.00001437327153515
  0.00001491495450830  0.00001547408835221  0.00001607377882639  0.00001675549322003
  0.00001740861071820  0.00001805320706262  0.00001870995142918  0.00001939373543344
  0.00002007927714543  0.00002085377751769  0.00002170008900315  0.00002263317867330
  0.00002368098310563  0.00002483743201391  0.00002605488975313  0.00002732876748744
  0.00002872509783573  0.00003023758625174  0.00003186298055896  0.00003362322289513
  0.00003559531429298  0.00003792619936211  0.00004075710216142  0.00004414457122987
  0.00004799700077317  0.00005243713304770  0.00005794243659271  0.00006513136179549
  0.00007542299275016  0.00009085119537379  0.00011385541551714  0.00014842145293601
  0.00020279806968718  0.00029801847975471  0.00048287798454142  0.00079967982899995
  0.00139915146759562  0.00252213856634010  0.00426686805604889  0.00773897414825051
  0.01737231387324412  0.05173850110919467  0.35031635721873461  1.00000000000000000
  0.00000050835399380  0.00000121577596119  0.00000184460260162  0.00000220740048548
  0.00000265127648070  0.00000310878389848  0.00000353970013500  0.00000396899867254
  0.00000440142112678  0.00000485666944137  0.00000529451469020  0.00000572911860592
  0.00000616213894110  0.00000659071471607  0.00000703832110020  0.00000754658335611
  0.00000807001755009  0.00000860298850869  0.00000912577922553  0.00000964398185773
  0.00001019497222350  0.00001076668666439  0.00001135908234031  0.00001196830568700
  0.00001260227389233  0.00001323350256426  0.00001383101697637  0.00001443489202633
  0.00001503898287613  0.00001564121778390  0.00001625266954961  0.00001689781773499
  0.00001754267726729  0.00001822982287901  0.00001894676408164  0.00001973974858735
  0.00002060617045113  0.00002152891393390  0.00002248807990281  0.00002348834509112
  0.00002451610880884  0.00002556757152111  0.00002665370118334  0.00002779181129272
  0.00002897537689417  0.00003022497418492  0.00003163471998648  0.00003312641918286
  0.00003462164426900  0.00003613080028616  0.00003782921448545  0.00003970649928282
  0.00004170844032011  0.00004386388810357  0.00004617391057241  0.00004862846006122
  0.00005129915812816  0.00005436906924832  0.00005811095514456  0.00006254332666349
  0.00006768423300214  0.00007353240630221  0.00008003314573628  0.00008768302238095
  0.00009653194095536  0.00010683162717839  0.00011809994925215  0.00013006517586131
  0.00014319677409574  0.00015799664079550  0.00017530347491212  0.00019574970608990
  0.00022000581590439  0.00024922460304631  0.00028430010224402  0.00032572267364689
  0.00037623671086656  0.00044017337703426  0.00052585538103789  0.00063214306898719
  0.00076408995638035  0.00095558507203508  0.00123202350436273  0.00162359801061679
  0.00215870177562889  0.00287429217948836  0.00384715979565141  0.00492607176237709
  0.00615181145674389  0.00770136179647282  0.00975768472685177  0.01227122880982132
  0.01811675476801040  0.04033296311500616  0.11051412094989170  1.00000000000000000
 -0.00157467245289043  0.00597926905951917  0.01464974182034789  0.02278305180298665
  0.03231961089724782  0.04166029169674940  0.05054474023048165  0.05924641793139286
  0.06834169999025243  0.07786650788125314  0.08747136225812237  0.09680317636727645
  0.10640395980061379  0.11652970955109299  0.12677907316050113  0.13698061086358768
  0.14723082462395026  0.15781973857816062  0.16916756179996603  0.18086676352658188
  0.19211595265869075  0.20312093733249470  0.21389601905569644  0.22511870999454672
  0.23664626861091634  0.24762687053114624  0.25781851005157819  0.26740649486722401
  0.27696862069723011  0.28726271102099205  0.29851531069797127  0.31031544269376288
  0.32275925534493738  0.33547773176596540  0.34889800927974518  0.36201420456389405
  0.37468033626647024  0.38647978415296697  0.39749903636523998  0.40806798622274665
  0.41875434689192415  0.42980088822578733  0.44056819193347119  0.45169229353039025
  0.46426546169023442  0.47680153929261565  0.48896747428501686  0.50197465934314722
  0.51580302917332066  0.52980361727043002  0.54278603900977318  0.55468808138242431
  0.56652596181550630  0.57854992217934575  0.59019920109770208  0.60190903898928749
  0.61392354461374643  0.62607503453306101  0.63833917774940963  0.65110496653944605
  0.66385120405460507  0.67567807320329731  0.68663397656387026  0.69733082067654806
  0.70829760809413522  0.71986475260905436  0.73166715047025521  0.74376866114487239
  0.75582824581810404  0.76766482372527634  0.77923961047526902  0.79060903249514480
  0.80170049706172597  0.81178125344653118  0.82065865535154536  0.82909234838824153
  0.83771411313242450  0.84711746770677809  0.85658989140833042  0.86562461658252232
  0.87462864654822070  0.88397026692807268  0.89345941854901223  0.90261367031667716
  0.91137738141357960  0.91994100830654235  0.92831204224345454  0.93639811207980694
  0.94544724104130040  0.95401433543777336  0.96224347838532742  0.96977336717227158
  0.97751093330278671  0.98469534230016031  0.99219891731078280  1.00000000000000000
 -0.00267510730937385  0.01047289647028891  0.02116629752410944  0.03228307482154553
  0.04340367093917537  0.05388745130854149  0.06455978742085959  0.07529126738935564
  0.08647353274606201  0.09725138732347716  0.10870794873990028  0.12048256944904777
  0.13201296108094362  0.14310705810066174  0.15389106971629404  0.16459364690307696
  0.17498159198966926  0.18555847678609597  0.19722012387999666  0.20789479789946139
  0.21789579396283873  0.22804464165229862  0.23904851457023443  0.25029648254936487
  0.26080481403445954  0.27135654402543419  0.28195250052337123  0.29224809862570550
  0.30222554350586589  0.31269497719087147  0.32420780799868998  0.33616096624568637
  0.34834181472747444  0.36059966887158018  0.37247318258635431  0.38398773448951612
  0.39495406104799941  0.40550483823004002  0.41610315002612830  0.42666601110320979
  0.43668142020026207  0.44646652222665745  0.45625099794704244  0.46625749745975942
  0.47673097141281695  0.48784777887506775  0.49926116360641709  0.51084533833114820
  0.52257682144615458  0.53437121237646135  0.54581406591135195  0.55635924234053014
  0.56593756626296454  0.57564740877282083  0.58598655986574222  0.59747275573511283
  0.60851891585529772  0.61890514392119278  0.62891506777000672  0.63839478352599288
  0.64775253224919804  0.65698045947083128  0.66585535212107971  0.67612808175839856
  0.68709126146362742  0.69815942533031217  0.70919910790299390  0.72009167015847630
  0.73112064108720232  0.74238151102158589  0.75360204255642116  0.76468274476541642
  0.77536137539276717  0.78590134308446180  0.79616016811612034  0.80638973005198644
  0.81643653012845763  0.82610120687272304  0.83535601327581321  0.84418820296044139
  0.85334261285231028  0.86312266710396957  0.87344355411745611  0.88407096788005624
  0.89483778815971615  0.90562016002498769  0.91596664656057136  0.92522358828785944
  0.93407055838034758  0.94243446009423082  0.95142500438137523  0.95984526417240035
  0.96946251646371040  0.97933885452686831  0.98943012660763341  1.00000000000000000
 -0.00323664378995155  0.01129087626301086  0.02357205431753227  0.03556180167974447
  0.04706963984873197  0.05820993117449017  0.06915755757508253  0.07997773151718597
  0.09045976167161569  0.10066722343547999  0.11066523190081634  0.12056527122965247
  0.13027443502483221  0.14031611067019162  0.15048415501040180  0.16063976838220803
  0.17041713176272355  0.18015600260289302  0.19047622099144973  0.20178651540367912
  0.21394339997172557  0.22635163339598316  0.23835135212165937  0.24967139611736791
  0.26025278869997254  0.27033651144075682  0.28034260552636298  0.29053790179544409
  0.30093430247915948  0.31171053488286743  0.32310566879773589  0.33474727195757914
  0.34654307282330382  0.35868256250215874  0.37086536005142223  0.38286402380789897
  0.39455114633824517  0.40612562503229199  0.41763070416996911  0.42856681564728955
  0.43944319043444735  0.44929950425788284  0.45864067207450804  0.46739261552663530
  0.47633703777937292  0.48715869963167630  0.49821741469655567  0.50912272462899921
  0.51995796095570290  0.53094114714725482  0.54139191048323443  0.55179610670666701
  0.56232841579208659  0.57310789393686645  0.58374535029581998  0.59411642946153220
  0.60476321691713109  0.61616904341718981  0.62696415299448305  0.63712349525913925
  0.64735754644661891  0.65754784428020296  0.66767692143705659  0.67791727537393098
  0.68878145072703212  0.70001689159214575  0.71085610891543627  0.72123281688825591
  0.73178019919326875  0.74250323358299641  0.75286582101781341  0.76292340613892229
  0.77262000419625154  0.78232385016539252  0.79199076722353801  0.80118554106531681
  0.81056239234115357  0.82022041758694697  0.83015925634814147  0.84026648906808299
  0.84992595232224188  0.85978737973521302  0.86931255224196091  0.87868716010359071
  0.88831107583774405  0.89873890158838221  0.90885086274453730  0.91905408212925122
  0.92948188240524321  0.93942588132930360  0.94899677913413172  0.95821146139793778
  0.96893534417187155  0.97958972602307470  0.98978787997327522  1.00000000000000000
 -0.00234110894808160  0.00981429281326735  0.01873187631200082  0.02772876951203213
  0.03710281409251041  0.04691194391076621  0.05682757865080899  0.06719480541137623
  0.07765924091620717  0.08802049147394611  0.09855979162776703  0.10895228754207419
  0.11913176556088920  0.12991977222579762  0.14132867025306667  0.15361441043425625
  0.16581298577004527  0.17613907762319739  0.18600910735899576  0.19586778352645459
  0.20539577426030714  0.21427677432436051  0.22306666426639427  0.23313124772119115
  0.24485742473914121  0.25628408240984973  0.26725957296879160  0.27838444458825745
  0.28950313246885667  0.30061086088305899  0.31115940981773010  0.32101518353783975
  0.33086867181625274  0.34126251274564789  0.35248433397007628  0.36325695432522054
  0.37366635109922591  0.38482953289795246  0.39665863386303069  0.40777654982761918
  0.41816486199491054  0.42775724255171810  0.43752398557087807  0.44808237125326500
  0.45896680314231419  0.46996843434877678  0.48135287169167518  0.49267863697272585
  0.50333007067464386  0.51266712547975024  0.52220775876231218  0.53174816766060284
  0.54283686835408818  0.55536870483207623  0.56691977052663123  0.57825837745263908
  0.58933075126743473  0.59973643449675396  0.60968156948938979  0.61960225010408043
  0.63041278115943344  0.64152336057618808  0.65168513398128758  0.66088848234394459
  0.67018710531071457  0.68010594618223286  0.69043012133473436  0.70002979916686892
  0.71008449901612247  0.72049074085798825  0.73144449690605895  0.74254393219394910
  0.75394788124173773  0.76624008318914760  0.77833773945822404  0.79020003939609884
  0.80265592442133116  0.81443986611494235  0.82546040587509517  0.83612556878618061
  0.84640164946969942  0.85770719405731166  0.86877175202328871  0.87881499915253902
  0.88760257126496889  0.89663899226734878  0.90587408183715223  0.91600003577011258
  0.92667903977603205  0.93716393356155370  0.94770876956491423  0.95779687787530332
  0.96852988752447400  0.97960723357716462  0.99029302189561141  1.00000000000000000
 -0.00225382453831218  0.00700201522627410  0.01630926160749074  0.02522608645346373
  0.03391082741195350  0.04279948269861018  0.05169269736359975  0.06084323914215620
  0.07079209842965718  0.08098131162305471  0.09043249770251621  0.09922445059166131
  0.10883805466493193  0.11835169137377026  0.12798202694507030  0.13758957026742794
  0.14772873571747186  0.15788943073471573  0.16812911495098040  0.17703604653431140
  0.18587883765409474  0.19485330794900479  0.20403058097473131  0.21350995937703185
  0.22377506994772248  0.23503821449490211  0.24685834967407061  0.25848414489812566
  0.27027668105172670  0.28243588698014455  0.29477010820712585  0.30668969812663238
  0.31798625600202718  0.32913640697470120  0.34086725833849546  0.35287231719982698
  0.36451469698817079  0.37569365046236414  0.38621789775409171  0.39671228431233446
  0.40747774038772966  0.41883099240819843  0.43027801959652806  0.44165094834506086
  0.45283583566147889  0.46493652930727974  0.47844610450743852  0.49225643978172584
  0.50521708234037932  0.51753439952786540  0.53021305952657827  0.54224417960677207
  0.55316140978893669  0.56439911398518139  0.57697067078198727  0.59021939345633978
  0.60233971650559959  0.61373503500252513  0.62493752348531129  0.63714690385670936
  0.64942972884882133  0.66149163566200075  0.67291629017041088  0.68417555923897755
  0.69525638928234723  0.70646329565755128  0.71727384267984884  0.72855957825183593
  0.74046833512264221  0.75262272631100480  0.76249915357943709  0.77230339895470268
  0.78168822688427164  0.79138232163534106  0.80053968345768900  0.80934328866350969
  0.81880350363156185  0.82898043208363259  0.83904238438723056  0.84878990907879226
  0.85851714938498214  0.86834608042213757  0.87816287691666750  0.88759552078920978
  0.89715566355437859  0.90715041554117415  0.91748441311489226  0.92808888819046531
  0.93862188930380419  0.94862897852299244  0.95752999254294680  0.96629557699060331
  0.97498572475967904  0.98335756439454280  0.99173242951204321  1.00000000000000000
 -0.00230556941861648  0.00919164614695479  0.01928987927311976  0.02912731803907020
  0.03876815892315276  0.04845370338761062  0.05899453406138461  0.06923505262019744
  0.07949659078774547  0.08998348489797796  0.10069899136339951  0.11177522179593891
  0.12288265511967909  0.13387334281520377  0.14439928151022044  0.15447032513150702
  0.16432569498364011  0.17443743136895751  0.18454807290118189  0.19279532356132698
  0.20087794934967337  0.20924955958980920  0.21817432946711154  0.22750107015391330
  0.23687952081801097  0.24649028506972187  0.25718052657966067  0.26843908265172356
  0.28006584811083435  0.29219729477939077  0.30448414740375085  0.31672549897456065
  0.32871077040524238  0.34003137903836461  0.35094991033678524  0.36156357682428303
  0.37192673838879853  0.38267763187313053  0.39392231112902593  0.40561641183474201
  0.41639734751909013  0.42704787503298874  0.43747301102104375  0.44859334179525467
  0.45987593846302499  0.47102115861549976  0.48206542479244591  0.49348470673865558
  0.50520728548658622  0.51655850707125672  0.52750293558830830  0.53827861501779584
  0.54883662050856874  0.55941472517916868  0.57010411455393639  0.58091034272102648
  0.59120732956832123  0.60107865401845217  0.61101533645518424  0.62128469232086092
  0.63167324219279786  0.64198191428292684  0.65228524784313191  0.66267447532934654
  0.67295627272303304  0.68347078284156404  0.69438898483854039  0.70535731318364070
  0.71590812821099548  0.72623921853142814  0.73585124385282119  0.74464089766606767
  0.75312245839928105  0.76168687396087553  0.77086609780301907  0.77918373200703195
  0.78734908255728731  0.79689494819247098  0.80794687323846470  0.81922043486385043
  0.82995578477640009  0.83998845847818593  0.84979082996127164  0.86024106536739431
  0.87100060528077672  0.88183612238800879  0.89312562486667113  0.90629049413538754
  0.91976597687002204  0.93200275103446206  0.94322728265189903  0.95425675098661822
  0.96532702403589044  0.97638836508446014  0.98768865525226468  1.00000000000000000
 -0.00269141573576368  0.00995352146853963  0.02128652061830116  0.03285276550991202
  0.04475945477117014  0.05604892764831460  0.06732416530486142  0.07829559199322783
  0.08861423522455113  0.09849161411555739  0.10903408970434555  0.11870093896925839
  0.12832666787180791  0.13767097508968229  0.14722456670588335  0.15888934354019060
  0.17038071727824744  0.18218939540503720  0.19250114993836301  0.20239769521142395
  0.21212372280245284  0.22177823431679913  0.23155429425900548  0.24166183320333104
  0.25076852847412678  0.26078662543517911  0.27113711411284169  0.28186934434095090
  0.29310185865553262  0.30334070088443243  0.31328893906898897  0.32321961426526707
  0.33310018062364716  0.34285826768793576  0.35300006977676202  0.36396738203819851
  0.37505734822854669  0.38641768616706151  0.39758524524476641  0.40824011850284697
  0.41902029198483909  0.42989304700634307  0.43914623474757275  0.44791774066899936
  0.45647816281942161  0.46599606814577038  0.47697419149504988  0.48816165556459140
  0.49993157989316106  0.51118764537395400  0.52213594611595926  0.53248869951793287
  0.54293608984034025  0.55358725863971958  0.56428098330197085  0.57527721399666665
  0.58682097331593175  0.59856914664574978  0.61061525759600366  0.62269614421336261
  0.63517367706793537  0.64732961848505621  0.65865352381737163  0.66910609309678892
  0.67958067511518971  0.69065733232649251  0.70242154348622510  0.71475571478484878
  0.72673368072709932  0.73836335562742028  0.74942125893114753  0.75943630936783635
  0.76894295388838152  0.77865095245608318  0.78874085683345285  0.79840278693740041
  0.80730515024017169  0.81639514524883605  0.82621826958686939  0.83673949054465213
  0.84763093129263423  0.85850517520435932  0.86927711900894833  0.88015445881002308
  0.89089902119318864  0.90113394322822549  0.91067126971707624  0.91969398226916232
  0.92879079780967089  0.93831575899333042  0.94926394214546628  0.96069014698036326
  0.97119210444348902  0.98134040358671393  0.99014476857234690  1.00000000000000000
  0.00008202861678616  0.00034104330963091  0.00060234528177482  0.00086753865453414
  0.00104867112676350  0.00121789120366822  0.00140139459965020  0.00159203267346941
  0.00178839723993167  0.00198998705366643  0.00219653597914842  0.00241370490072969
  0.00263971290172680  0.00287378350587846  0.00311430390625982  0.00336024043648052
  0.00361584986572913  0.00388057907662042  0.00415896187961181  0.00444719491240123
  0.00473918390346842  0.00503313064478014  0.00532994652401812  0.00563347782955901
  0.00594768869253822  0.00626933932872502  0.00660383613542237  0.00694956151678911
  0.00731932012428690  0.00770744788328370  0.00809986824947328  0.00849881640036414
  0.00889577812372277  0.00930460502298786  0.00973800399369864  0.01019099326620035
  0.01065449715898667  0.01112533364287802  0.01159643457859984  0.01207331668297031
  0.01256446237017599  0.01307298697041022  0.01357846507331015  0.01408525721235732
  0.01460622941064078  0.01513582341480515  0.01570013471022116  0.01630142165017722
  0.01692507359748140  0.01754393499613000  0.01814591270878498  0.01877210274203525
  0.01944191301632601  0.02015941586806158  0.02094431186571814  0.02173505132767372
  0.02248483608296974  0.02317917397540699  0.02382555501390553  0.02449110395455975
  0.02525998369907720  0.02604253542098119  0.02686015592756028  0.02778435130560777
  0.02866393207496641  0.02955105959700812  0.03045247742840005  0.03147012634484207
  0.03264730106439692  0.03394211279411219  0.03529269686339707  0.03673611554957895
  0.03827869601713551  0.03951717439012649  0.04055357813231167  0.04174907148923734
  0.04379842796870777  0.04610004841230535  0.04850494607770549  0.05152325772126794
  0.05387391677003016  0.05582057635205240  0.05802614361596299  0.06183937296559332
  0.06797968819526565  0.07358432744097157  0.07775554097922975  0.08402620757018311
  0.09247327568756361  0.10212889266897689  0.11074008110835437  0.12620777433653052
  0.14898640991529974  0.33353878493865763  0.73354298907754234  1.00000000000000000
 -0.00199664018665096  0.00742568419545681  0.01634704443938843  0.02461757682212743
  0.03276052213189215  0.04091566753206510  0.04965583433918579  0.05863555511857710
  0.06760407525160064  0.07655636166339229  0.08575750482065092  0.09491067458462395
  0.10379553282377638  0.11261087606614295  0.12176039928597746  0.13157158270839348
  0.14185567368207253  0.15193671350531390  0.16159596786238764  0.17067340523929520
  0.17980408999826250  0.18962777497519709  0.19989539511462340  0.21132076843662004
  0.22279910304005310  0.23290334703852042  0.24246260763266989  0.25237967686762647
  0.26301211754554538  0.27345507480284681  0.28321014184863452  0.29302408263862817
  0.30325511011356110  0.31348624092477101  0.32366746002801933  0.33477052185499406
  0.34742626077005345  0.36038750654852519  0.37319887607053620  0.38498932299279259
  0.39646907388828317  0.40909514441609512  0.42202330555357498  0.43416928628856172
  0.44575712542193208  0.45769437232751836  0.47024003949648613  0.48415326400408371
  0.49876971434261280  0.51225986762921083  0.52524966077162927  0.53790209005885425
  0.55099868292212029  0.56411788986379718  0.57761161408568573  0.59022566708260316
  0.60304607022076107  0.61578770013659645  0.62827983329843107  0.64041367352642120
  0.65171962084447832  0.66195632171129914  0.67192613381673705  0.68215998108450537
  0.69278086581605602  0.70355716342567221  0.71481888150166950  0.72650529273620601
  0.73822388337604583  0.74963099856825177  0.76055874007532354  0.77065699982316338
  0.77997701169692391  0.78910450470112081  0.79856733636960564  0.80885442306289856
  0.81934579285636722  0.82942177788917404  0.83893891819495192  0.84850965690882241
  0.85820867879734430  0.86783628234535215  0.87727290835757232  0.88667182753539031
  0.89635917534456344  0.90626786057693476  0.91586177380662659  0.92478738750938783
  0.93325052839534006  0.94196552995820693  0.95121637955500971  0.96078120607253614
  0.97049859165194186  0.98006322970450177  0.99003408697176487  1.00000000000000000
  0.03723292520750770  0.55089890495121518  0.64153905560710389  0.68681948558764383
  0.71775503591669088  0.74117016886367204  0.76011160163245572  0.77564700461543046
  0.78882517364852600  0.80048467924252342  0.81113119287383517  0.82026210067526251
  0.82863802113973206  0.83623911829665654  0.84333025327645328  0.85017954276847241
  0.85647845419264523  0.86195705601603678  0.86700804212596494  0.87181558117920799
  0.87641740852522698  0.88081948134018484  0.88506909766289255  0.88913164824258673
  0.89301856926886625  0.89661236098842600  0.89986495388364474  0.90300467328173251
  0.90610141050325499  0.90906257339508445  0.91189740875592107  0.91470293453576645
  0.91736583858050713  0.91985433373408232  0.92221949321928398  0.92449471771744629
  0.92671058422247754  0.92892173088746299  0.93098225155680225  0.93300166748867419
  0.93499544282938740  0.93692231753880173  0.93873372223350249  0.94039248921394147
  0.94200094041973759  0.94361434276672140  0.94521908897104068  0.94681783594143543
  0.94838572945255273  0.94991770202207493  0.95141162555830794  0.95287109533752090
  0.95434763692179014  0.95582252980320725  0.95727968080423431  0.95870489842286222
  0.96005607237095925  0.96131366436228294  0.96250189382008844  0.96365877642681486
  0.96480519435974699  0.96595957639025254  0.96714823243308257  0.96830260183574490
  0.96946263166182289  0.97058274733696481  0.97168185318480149  0.97276190803379226
  0.97381251703150229  0.97483737007552640  0.97585574431578825  0.97685631404487172
  0.97783816914035615  0.97874718072398093  0.97964228832460165  0.98053841165072719
  0.98141957873738384  0.98227645695875032  0.98311782040763984  0.98395023816139504
  0.98477484788358849  0.98560281742411515  0.98644112557893970  0.98730775357962020
  0.98818845172920211  0.98907069810844495  0.98996267613127431  0.99086420272969422
  0.99175601832705229  0.99265228420543383  0.99357732631836915  0.99453832373304174
  0.99561409710958348  0.99676424797033236  0.99815774126648682  1.00000000000000000
 -0.02221098518874959  0.10844542654553413  0.14735059744988627  0.17034293347148463
  0.18841914302059665  0.20450852916643464  0.21936587069523830  0.23295781819135769
  0.24521420280551193  0.25672657489175166  0.26782133396184676  0.27827238553054112
  0.28757419777607196  0.29561211720301406  0.30276021918713669  0.30961765564722843
  0.31606147055567446  0.32224642396881997  0.32864843360957269  0.33496283450243614
  0.34133962517612210  0.34753447482867866  0.35368385668389468  0.35987922428597297
  0.36597297516011168  0.37205437977912531  0.37826765473163448  0.38429997548548106
  0.38998492526062489  0.39555373419048878  0.40101032075559390  0.40675913795029794
  0.41294804768027993  0.41932559532012215  0.42579986044280088  0.43231805506229859
  0.43870437276522922  0.44484589673485975  0.45087065456795433  0.45680795190097284
  0.46280337634790231  0.46885177928980376  0.47487052718221090  0.48055373852905331
  0.48593824343020281  0.49131319773323240  0.49682948907608093  0.50252036454761717
  0.50838570178228404  0.51433004977780739  0.52013145794025317  0.52560117083714075
  0.53074034162392714  0.53557134874296430  0.54023778228072594  0.54516426600458134
  0.55043859969665954  0.55586242232731353  0.56142222239879203  0.56689607089794369
  0.57264652973726393  0.57832313162815951  0.58456573972535208  0.59103687497970769
  0.59736204322614417  0.60325528839383413  0.60919975882743727  0.61524020167287263
  0.62112782564727076  0.62685393215401619  0.63264519705932432  0.63863686837566136
  0.64489622350368547  0.65133290968402435  0.65772765878490957  0.66413946580990735
  0.67072043529590863  0.67746281270389852  0.68392895981490909  0.69038084119526910
  0.69727061598748297  0.70433850683759058  0.71301677737256741  0.72187198380868534
  0.73101874098728747  0.73996592485262436  0.74893663641005037  0.75852239029174373
  0.76910285683869306  0.78170368733268314  0.79574817895896044  0.81122207016060055
  0.82783621184139144  0.84900958171676033  0.88751427572672470  1.00000000000000000
   1.5772872836748407E-012  -1.0000000000000000     
 F F F F F F F F F F F F F F F F F F F F F F F F F F F F F F F F F F F F F F F F F F F F F F F F F F F F F F F F F F F F F F F F F F F F F F F F F F F F F F F F F F F F F F F F F F F F F F F F F F F F F F F F F F F F F F F F F F F F F F F F F F F F F F F F F F F F F F F F F F F F F F F F F F F F F F F F F F F F F F F F F F F F F F F F F F F F F F F F F F F F F F F F F F F F F F F F F F F F F F F F F F F F F F F F F F F F F F F F F F F F F F F F F F F F F F F F F F F F F F F F F F F F F F F F F F F F F F F F F F F F F F F F F F F F F F F F F F F F F F F F F F F F F F F F F F F F F F F F F F F F F F F F F F F F F F F F F F F F F F F F F F F F F F F F F F F F F F F F F F F F F F F F F F F F F F F F F F F F F F F F F F F F F F F F F F F F F F F F F F F F F F F F F F F F F F F F F F F F F F F F F F F F F F F F F F F F F F F F F F F F F F F F F F F F F F F F F F F F F F F F F F F F F F F F F F F F F F F F F F F F F F F F F F F F F F F F F F F F F F F F F F F F F F F F F F F F F F F F F F F F F F F F F F F F F F F F
  <DiscreteSampler_grid>
  grouped_processes
  1 # 1 for a reference and 2 for a running grid.
  10 # Attribute 'min_bin_probing_points' of the grid.
  1 # Attribute 'grid_mode' of the grid. 1=='default',2=='initialization'
  0.0000000000000000 # Attribute 'small_contrib_threshold' of the grid.
  0.5000000000000000 # Attribute 'damping_power' of the grid.
 # binID   n_entries weight   weight_sqr   abs_weight
    10   10   1.268774016385089E+001   1.215518791564887E+003   1.268774016385089E+001
    16   10   1.266352244562597E+001   1.200913040807515E+003   1.266352244562597E+001
  </DiscreteSampler_grid>
