  0.00259623360738349  0.01525861354833907  0.02766868913944998  0.03858154332931025
  0.04912008678614819  0.05962311687566227  0.06938184357553989  0.07859477449947802
  0.08802914485337615  0.09836996819151463  0.10864196631982526  0.11863288579294837
  0.12828392605409544  0.13854950861879725  0.14965290475160631  0.16123897082179658
  0.17245841965344538  0.18272294067387068  0.19260174608637751  0.20233531962628884
  0.21258069488231993  0.22291783183105682  0.23286233350247268  0.24282375233497977
  0.25288396020137155  0.26350211262092998  0.27441584440945843  0.28548703990588298
  0.29629384967368427  0.30686102389286890  0.31691587317156644  0.32660134088133164
  0.33629713158320812  0.34601942407144931  0.35594302475345135  0.36636033682888974
  0.37759395459105971  0.38911655626969532  0.40040718408362391  0.41141988339757596
  0.42237749591436086  0.43347924465322812  0.44359709197453095  0.45309768855477139
  0.46249340527501853  0.47261230338087140  0.48324146083243086  0.49360259975655896
  0.50357618790672642  0.51325620032724639  0.52272954847729280  0.53236599003579821
  0.54264849604841847  0.55376657827823195  0.56490781762762765  0.57537466895342515
  0.58538792795908134  0.59504299766439006  0.60493089135414269  0.61510586777052945
  0.62599479722470486  0.63769089414023983  0.64957382558908205  0.66160638538946470
  0.67352683904666555  0.68527294307656950  0.69660566472244001  0.70744325381868844
  0.71808205488951660  0.72838714457551179  0.73824906335025953  0.74809464862971142
  0.75827355136813723  0.76894223374202941  0.78000976042682668  0.79120398665709224
  0.80235708408686746  0.81321055981831558  0.82411549653010430  0.83535947349301709
  0.84642429581072565  0.85706016646308825  0.86729951284851892  0.87777596449395889
  0.88839309608535011  0.89919325522626814  0.90963041695961999  0.91970546074317394
  0.92975867237369547  0.93921354171687477  0.94937422467086163  0.95966424412335005
  0.96987867864556965  0.97992159178135729  0.98970621510369527  1.00000000000000000
  0.00342092583550835  0.01191788912040334  0.02271708625661747  0.03411496225345886
  0.04597498970787931  0.05808778663389268  0.07025739559401628  0.08202284281340805
  0.09334889232613082  0.10389986734848621  0.11411178895509240  0.12466069640543798
  0.13594390308810028  0.14707096680472773  0.15752279525400403  0.16727418746069506
  0.17721129960119331  0.18756494764725806  0.19813529461259233  0.20904959465972489
  0.22011261157902226  0.23155270091232805  0.24326778506082994  0.25464373776333515
  0.26541954551984170  0.27649070147427846  0.28817828759452463  0.29992733042908892
  0.31106492083006793  0.32173449029180146  0.33242996617963361  0.34290605294700760
  0.35318646094490747  0.36422298270669146  0.37587227370300130  0.38741890267960150
  0.39846348116102365  0.40960814010119367  0.41994456122450197  0.43057286741540002
  0.44107151471749956  0.45272258473146337  0.46398625857103309  0.47516112969146845
  0.48637366931254822  0.49727641681876317  0.50829721426665297  0.51950551646562293
  0.53067424998215118  0.54129949060612481  0.55124580604546092  0.56100661257871232
  0.57111851649572765  0.58131287930611597  0.59134611797818004  0.60163672696540704
  0.61214612746693109  0.62216742103904965  0.63171576684499298  0.64095181488443742
  0.65021578813924852  0.65913788395158535  0.66841466256982673  0.67813192193484084
  0.68796796253971904  0.69809733916983918  0.70847350658164887  0.71921655333432410
  0.73029189809857020  0.74143457624030995  0.75251081122414432  0.76314537335280952
  0.77358424766937228  0.78387673379515310  0.79442720627500552  0.80535441768732419
  0.81614787787649967  0.82658761859478902  0.83662053245835133  0.84682958124276009
  0.85829962747673560  0.86985245769917263  0.88110310530511671  0.89137284306676567
  0.90110854951908359  0.91043783992095817  0.91975594559734231  0.92943355849460563
  0.93936006618297641  0.94879970936483404  0.95843770393292993  0.96774638551740677
  0.97700713772196446  0.98530761596186223  0.99260778060909871  1.00000000000000000
  0.00943071925435415  0.01646036128333872  0.02636999399868141  0.03655455486238791
  0.04663649664363913  0.05684259480274240  0.06732570911595157  0.07856757649710981
  0.09017014116832928  0.10137042773500324  0.11211915313110093  0.12254981873060129
  0.13286262817729069  0.14317269992440324  0.15364533515576634  0.16343248737735735
  0.17272921671501976  0.18220145226402279  0.19230665462830307  0.20286377730765812
  0.21382326963893117  0.22517361452631710  0.23652802109642926  0.24722650557572920
  0.25729198891438093  0.26708002172280731  0.27628540977897448  0.28511341921208816
  0.29418249940101227  0.30397246015946400  0.31461034578776259  0.32563501176689469
  0.33731915559507719  0.34895809124274768  0.35959821216491061  0.36974895483212350
  0.37949160637896395  0.38958011284978944  0.40091507463243287  0.41220807065842507
  0.42305132170128973  0.43339364187393403  0.44358982322497581  0.45392525687145013
  0.46438951817427193  0.47561828985714105  0.48723461357971654  0.49866135663525674
  0.50920866902611550  0.51963519548336512  0.52989793313460942  0.54072786466794376
  0.55214802862388745  0.56213078084141210  0.57195383675261213  0.58129673609319621
  0.59136572673681853  0.60230360580611464  0.61319213608954415  0.62437975015669811
  0.63485043269113661  0.64457765341886541  0.65457722589291234  0.66486368385338290
  0.67603079200694682  0.68710588568014519  0.69804029244867605  0.70893256753226686
  0.71925555892217141  0.73013311402637959  0.74100930333930359  0.75161960294665342
  0.76218886882955772  0.77293449518268553  0.78418057024423193  0.79538168133949616
  0.80671552099915622  0.81806374847438101  0.82900749422554421  0.83997371910671303
  0.85063391172339287  0.86058871965693251  0.87029038318817065  0.88008716507335716
  0.89019031761513101  0.90050114431431960  0.91046322239744937  0.92102712727208336
  0.93203758743349885  0.94301921885752549  0.95348043120241055  0.96321201145289870
  0.97297275515101533  0.98258077205484562  0.99118456978309954  1.00000000000000000
  0.00000345802193585  0.00000968618033745  0.00001453037553999  0.00002000899132391
  0.00002644693899588  0.00003269609985235  0.00003884535088785  0.00004546042986238
  0.00005274089086242  0.00006039284106360  0.00006826960381941  0.00007646323146134
  0.00008514979675973  0.00009471749647545  0.00010553428554320  0.00011779709009300
  0.00013147565221174  0.00014666250002458  0.00016361761451422  0.00018263173084848
  0.00020279531510941  0.00022422876515417  0.00024694058515718  0.00027204409711899
  0.00030023460404894  0.00033180526604080  0.00036698429359189  0.00040521656522282
  0.00044703913841161  0.00049406050007036  0.00054435267704568  0.00059591554760402
  0.00065014100139152  0.00070996483941101  0.00077760889742021  0.00085237215127631
  0.00093188887742092  0.00101891183601743  0.00110571383706410  0.00119695821195995
  0.00129349088515470  0.00139418691926566  0.00150200403162156  0.00162235943633461
  0.00174592634584012  0.00186611394251866  0.00199429453138614  0.00213736982154768
  0.00229524156058148  0.00246621106058693  0.00264839833432794  0.00282821865743006
  0.00297900697806884  0.00311528620556307  0.00327955354462959  0.00346765341429171
  0.00367212012889798  0.00388110413421163  0.00411965813449843  0.00440731711185688
  0.00469178023639364  0.00493926088685265  0.00516508072123504  0.00539738231666211
  0.00565450118882524  0.00598499112200587  0.00636614972877156  0.00679443120938120
  0.00711690964975726  0.00737616423397162  0.00766560233535976  0.00798172156438154
  0.00834919036075240  0.00894206238867336  0.00963357441845870  0.01028329714997589
  0.01103142143046429  0.01191215062476050  0.01290966229550568  0.01411230916176039
  0.01566492147440955  0.01804683406856795  0.02128517731736482  0.02289417392148979
  0.02418134412578625  0.02542125655119326  0.02661520854431747  0.02781703440962774
  0.02934089223543039  0.03186842679841697  0.03675915374408116  0.04447017683430087
  0.06766836869002624  0.13223874338605845  0.30199025409135810  1.00000000000000000
  0.00000113959023905  0.00000184356551370  0.00000237616364820  0.00000288186413073
  0.00000340626938838  0.00000397430017408  0.00000455721977553  0.00000518767485316
  0.00000586818499692  0.00000663034970112  0.00000749471737881  0.00000843167702596
  0.00000940682048764  0.00001041173655438  0.00001142676108759  0.00001248655957521
  0.00001362996722861  0.00001489520447845  0.00001636437508147  0.00001807798801215
  0.00002007460529282  0.00002239035799661  0.00002501797597331  0.00002802091766421
  0.00003144462846803  0.00003541285924894  0.00004002268055307  0.00004526183132688
  0.00005129870438594  0.00005845016349197  0.00006688661312203  0.00007666484433005
  0.00008782416877414  0.00010015648200510  0.00011374136017524  0.00012772451541012
  0.00014215556842419  0.00015629966062188  0.00017018950538874  0.00018370708714597
  0.00019752589185320  0.00021227207925071  0.00022817451902140  0.00024488626191049
  0.00026232162523795  0.00028069403088257  0.00030037818815307  0.00032180693141532
  0.00034446768415807  0.00036917922579358  0.00039569169169550  0.00042329580561515
  0.00044927101902942  0.00047671664819758  0.00050502943762988  0.00053627600938114
  0.00056679480635445  0.00059878192295971  0.00063232449405440  0.00066622850030325
  0.00070321735147691  0.00074246116731765  0.00078420718015391  0.00083029156938253
  0.00088392682985208  0.00094482756819774  0.00101317990754680  0.00108775793507130
  0.00116551403035919  0.00124568703979315  0.00133748603854571  0.00144538708090812
  0.00156037926224117  0.00169329856494863  0.00181162003659921  0.00195132516770106
  0.00210840963449170  0.00227290824680206  0.00245584956916852  0.00268627137932035
  0.00295790273650753  0.00323269057269311  0.00355575551728713  0.00392693201878650
  0.00441887346493621  0.00518967521855593  0.00623201985651664  0.00745501725069931
  0.00857846137151303  0.00986239137610177  0.01156910552017639  0.01454066461686665
  0.01808935543855473  0.02288943540726586  0.28406374103490944  1.00000000000000000
 -0.00257725227706947  0.01033224400239213  0.02063758629514632  0.03016943696211039
  0.03975267361098010  0.05035267305408985  0.06228841164173725  0.07433993415037871
  0.08440336491655501  0.09464661812652754  0.10515016403512349  0.11633975378562417
  0.12825903383320258  0.13961667341723441  0.15029615645354769  0.16068424351048771
  0.17146352076731680  0.18269146211735415  0.19350826743926564  0.20385809179647593
  0.21439477537292931  0.22518745355264747  0.23579545280707079  0.24628769935427192
  0.25755522699356698  0.26845350147626107  0.27853288519016595  0.28796038423979331
  0.29810527020389288  0.30818362289738271  0.31867213330018351  0.32919617843431764
  0.34046550643156726  0.35174966655879875  0.36161113882964807  0.37118170212370649
  0.38089795572727847  0.39185630969520813  0.40316649024587392  0.41415157694070015
  0.42451860551062942  0.43449400018033341  0.44501639967388873  0.45579263016386767
  0.46660342445163916  0.47713598700512427  0.48709698188642359  0.49692105638734668
  0.50677567613337549  0.51642744356565762  0.52651108304171002  0.53665555727583547
  0.54693683157568618  0.55689126416118628  0.56624947782248991  0.57597099770429128
  0.58579675304117917  0.59620272529755114  0.60670992751437069  0.61758586902822155
  0.62931597975108877  0.64177972150290319  0.65322414995263578  0.66365679597875138
  0.67435729925570675  0.68516818793504819  0.69605758759358749  0.70678496177139227
  0.71710805235292385  0.72775920041515807  0.73803224144252477  0.74848423217832838
  0.75878704800788965  0.76834973397022144  0.77814891761371896  0.78816619179205949
  0.79914406443238484  0.80982391640506901  0.81968128355019498  0.82971375456194885
  0.83989953514748694  0.85059089879423933  0.86069488766088109  0.87063032434797272
  0.88093424391298014  0.89163818066763068  0.90248386390895241  0.91325352629390788
  0.92399102699339430  0.93496985818676137  0.94454947673207201  0.95413227828431513
  0.96417095138263331  0.97455122146343343  0.98704842181517194  1.00000000000000000
 -0.00201867682274341  0.00825676096708422  0.01872765766728350  0.02804708918731245
  0.03671743505032964  0.04729983152071737  0.05816155184016826  0.06902261680158363
  0.07953531075602634  0.09017032186619989  0.10179283526392985  0.11290063576687866
  0.12414319438053457  0.13566312178451673  0.14713839559457387  0.15813058128179105
  0.16863553313726981  0.17910031646713781  0.18916901483894499  0.19919410987912656
  0.20942115336340644  0.21980304731791037  0.23108815441614891  0.24198557087168818
  0.25280844032202632  0.26288331225065170  0.27291864994523496  0.28312584047127703
  0.29374533131168301  0.30472558108384801  0.31516801918912607  0.32573325768258543
  0.33634153591041099  0.34701769204134025  0.35783946933271793  0.36817686983561587
  0.37801164090465966  0.38779519113339667  0.39742922647516354  0.40688307103453919
  0.41609884332409375  0.42535448740729331  0.43488252288257728  0.44442683517291354
  0.45380797150014412  0.46346271409525286  0.47371459426231871  0.48368536651955735
  0.49364845905224575  0.50376353818334407  0.51451947399020004  0.52583349086421538
  0.53711580906933198  0.54824712931741271  0.55929933890076511  0.57031799847242026
  0.58129973858894735  0.59160173804111449  0.60142000355065117  0.61168665339519079
  0.62168422065417117  0.63185304845824541  0.64246437285305458  0.65392597549374054
  0.66592760975610843  0.67768811922050853  0.68903219980305930  0.69972998561805511
  0.70997699249694857  0.71984299863636947  0.72963028411240427  0.73963958177756595
  0.74975462966076201  0.76005819406887198  0.77033976676847427  0.78105170805389623
  0.79240039208118462  0.80381048196000471  0.81482376920418309  0.82591366664055899
  0.83730694335055600  0.84890267213288462  0.85973900755117394  0.87002779936903618
  0.88014099837347581  0.89020755226900661  0.90036391235288438  0.91069333841339228
  0.92064766475756521  0.93076797193817506  0.94073524445746348  0.95166066580351949
  0.96317137764989813  0.97449094365397904  0.98711945265921586  1.00000000000000000
 -0.00207087615698242  0.00903463755350514  0.01918530305285406  0.02974404537945356
  0.04067625987921886  0.05169824391961038  0.06315931238447289  0.07456041222509809
  0.08524138542098499  0.09524256569607881  0.10514798402409646  0.11608644894321014
  0.12796296352324446  0.13982407343177800  0.15153772165445775  0.16284454119830533
  0.17390535325058129  0.18460029784597881  0.19508765293646094  0.20555095481317678
  0.21578913253524207  0.22642423162531211  0.23689662152517432  0.24713296043321037
  0.25699607966030624  0.26646292520123088  0.27607831254573267  0.28591686251179943
  0.29568327746502110  0.30523906626549269  0.31475285142140402  0.32462217460641574
  0.33464437548029347  0.34480240880694474  0.35576587626658762  0.36668283147775432
  0.37663157550602910  0.38605273120627681  0.39591073037873747  0.40661952048983480
  0.41751082919773069  0.42816642125855003  0.43895418427583999  0.44932400293399838
  0.45938001975971204  0.46925055245022868  0.47958444670482725  0.49036883760579403
  0.50073648556227746  0.51067769387167972  0.52111761109471411  0.53208582382164482
  0.54318188744670814  0.55346574344681954  0.56374056810592588  0.57402397826732077
  0.58482441053799661  0.59556979565054902  0.60679160468767268  0.61806290942417819
  0.62806307752711577  0.63783309748011363  0.64717985709419434  0.65637193884394240
  0.66536254277645790  0.67472911112654022  0.68462531534804516  0.69505863849916905
  0.70549752619567285  0.71597819437796617  0.72660087904143511  0.73708201953183716
  0.74728827310150281  0.75754970570483071  0.76823591637957556  0.77974875194797721
  0.79198573700290942  0.80407153431529377  0.81557796019388407  0.82526919772490359
  0.83525808004736701  0.84485312792179967  0.85488639132051947  0.86455818383966798
  0.87492063671637943  0.88518752880918050  0.89592527261669541  0.90692055163564589
  0.91892555056647163  0.93110008084655649  0.94304291681442964  0.95475982099083978
  0.96629857325918445  0.97783282218061507  0.98896873771362281  1.00000000000000000
 -0.00250368095209816  0.00986087797390753  0.02027962044198537  0.03085409773629603
  0.04146994171880649  0.05173667316393712  0.06194871243426529  0.07191979824649218
  0.08206641352502855  0.09238915270879694  0.10220420436039757  0.11184139367206368
  0.12169201079822091  0.13186230769327179  0.14277922321018285  0.15393553836792284
  0.16494631051165487  0.17539100879660313  0.18571114131102573  0.19669115608815357
  0.20857184990113645  0.22040659953343289  0.23200586104530585  0.24269574106895958
  0.25358521644119336  0.26430466581601642  0.27537453414700630  0.28580182772590562
  0.29619047393450237  0.30623161563795409  0.31688818141203184  0.32792099055471924
  0.33982976673741888  0.35178035687493459  0.36393420939178883  0.37549509417279370
  0.38594426964090439  0.39627201912044080  0.40673549326747144  0.41744047230277775
  0.42810753865585621  0.43851244744064954  0.44901476086348319  0.45928114530773040
  0.46965499070726124  0.48013044106002606  0.49031035642073129  0.50001543749352817
  0.50985834301986821  0.52033464101730864  0.53103473308585059  0.54104493937145914
  0.55040079816547316  0.55952681406780236  0.56800368904494980  0.57649252769729931
  0.58540980014427135  0.59533542513379978  0.60575281827347915  0.61603392034210946
  0.62664196234592373  0.63760693006100788  0.64842530243517915  0.65856935291105678
  0.66842267244922093  0.67824314814281395  0.68820186772096370  0.69892381677195425
  0.71018712639082615  0.72139621050001279  0.73202652619736708  0.74237772047285644
  0.75236174857536231  0.76237308263166026  0.77268697208749604  0.78335101850381217
  0.79395737480682227  0.80434972377119140  0.81504641360137620  0.82649545721316109
  0.83762495867181863  0.84895688501602928  0.86035620096383847  0.87202247622927365
  0.88347560980062489  0.89446128720429863  0.90490787316712029  0.91546025255984231
  0.92624750149779156  0.93729501458151798  0.94767630805675684  0.95790744020381835
  0.96819824562193224  0.97906861707290771  0.98963659830072170  1.00000000000000000
 -0.00304820582408993  0.01101439436810838  0.02228955329001144  0.03386817843725869
  0.04425320719092385  0.05473281467566755  0.06538834919123929  0.07646899039881058
  0.08717748009007623  0.09745804499952895  0.10747447601067431  0.11767350660311837
  0.12741785262850686  0.13737134756089928  0.14791372542942371  0.15809629418153470
  0.16797406174814972  0.17734566005107880  0.18695509677340008  0.19709434995411906
  0.20754051107716406  0.21821995958901363  0.22910391923674558  0.24027638439871293
  0.25133425544420834  0.26179175762893470  0.27151998178591519  0.28122839835167579
  0.29155530807688446  0.30266403244736856  0.31433037329289942  0.32593804222793699
  0.33792477505315421  0.34941377852711464  0.36052483217458298  0.37121940298784178
  0.38174160469926405  0.39231805531284375  0.40285653552756567  0.41344903990205717
  0.42399682593859844  0.43475947239236740  0.44522967672791475  0.45518737391930320
  0.46538543609066124  0.47618553662516083  0.48717850697835374  0.49728212841519520
  0.50620601774173157  0.51458929481892446  0.52290642052024605  0.53267877576098355
  0.54212864734183197  0.55150048689884623  0.56088059753433117  0.57088269397368752
  0.58163669953577879  0.59242203370347524  0.60363080173224826  0.61594674224814527
  0.62791821698058647  0.63910401035936337  0.65031719128027365  0.66075441831706283
  0.67107803824011503  0.68123584490173328  0.69149246922840046  0.70181897091063705
  0.71239602533040181  0.72340434540095866  0.73422639349950358  0.74462596620996369
  0.75481676699432543  0.76505176652062090  0.77556981149841742  0.78614878501611907
  0.79687466540610674  0.80795453411861151  0.81872482565297011  0.82980404173078326
  0.84085124690184876  0.85232096718469152  0.86268797718387358  0.87336666954786990
  0.88422340541191702  0.89589406820250095  0.90781639892590693  0.91925197669894587
  0.92997886933501639  0.94001070050451196  0.95034642968981109  0.96054797030907912
  0.97060468845123049  0.98064600445676731  0.99040364593556141  1.00000000000000000
 -0.00271004605258272  0.01053762597505063  0.02083330578858309  0.03179113073848217
  0.04265928820122248  0.05482842886509382  0.06710484280426661  0.07920965700618920
  0.08941649875160726  0.09911066454095456  0.10891708342795943  0.11969837169064378
  0.13006704647367406  0.13997706116403213  0.15026229974364197  0.16142313568184058
  0.17207149227159396  0.18288240152095409  0.19337238621156691  0.20449323915612982
  0.21545901115573549  0.22646147064146707  0.23712876045193507  0.24768927222637138
  0.25871532793631868  0.26972311659969178  0.27992038068463709  0.28976799734819847
  0.30008603398405065  0.31091279485897882  0.32215395470863201  0.33259008393828465
  0.34282975913782809  0.35279820311413385  0.36286579796151341  0.37329590309370092
  0.38396446714871935  0.39509501987270973  0.40627734156504353  0.41749975085753710
  0.42889402539107874  0.43993941040564682  0.45008150919669815  0.45979083590806458
  0.46943492259657016  0.47965372905912673  0.48966791567727436  0.49992805951710428
  0.50872333390685831  0.51756139192497630  0.52689808615990286  0.53747877175958070
  0.54874120831418349  0.55983516751406737  0.57099849650818613  0.58213865192197234
  0.59363443288769602  0.60514509785897586  0.61655882540437246  0.62779195586837500
  0.63940899920908278  0.65137530836669510  0.66290575010307962  0.67397002637417969
  0.68487999479343564  0.69594075701546065  0.70669374979963728  0.71711585857171045
  0.72752744825105276  0.73817386022349796  0.74868410780916772  0.75877438195930025
  0.76880137062852483  0.78014393975890017  0.79182184106812314  0.80246525544695646
  0.81262294239960076  0.82319648975997217  0.83404547664761108  0.84478753541788265
  0.85519784426535639  0.86562515564483256  0.87596790180208162  0.88550715216526121
  0.89419558834297597  0.90255825057642314  0.91194473960173306  0.92193956871519600
  0.93151203286312190  0.94056525892901111  0.94946083594357034  0.95891278206151309
  0.96881781010485257  0.97947384318970687  0.98958025498818492  1.00000000000000000
 -0.00249880087372083  0.00920363047908175  0.01957037586085629  0.03022291211770475
  0.04113082006863099  0.05213244197741993  0.06304992218909147  0.07413890047329108
  0.08505811647614078  0.09608344651403695  0.10696976429143920  0.11745169680204504
  0.12742264209550974  0.13719970579572602  0.14661940976887006  0.15667962997949558
  0.16695876270821935  0.17820409528698145  0.18916772916307334  0.19933290011885199
  0.20907837145907213  0.21828490521724306  0.22756646144959644  0.23668226369128492
  0.24677560241866053  0.25766154847666767  0.26866306727109218  0.27935608935300738
  0.28961876535992798  0.29975478174538522  0.30995969060624651  0.32053674251279302
  0.33171341400151816  0.34325182812453231  0.35506351045146523  0.36730949094900101
  0.37988339240786578  0.39226541106728308  0.40360633383065714  0.41410223517895650
  0.42487920462918183  0.43603007409050359  0.44718134596395337  0.45778089560834617
  0.46810068788634673  0.47881083391633528  0.48994270057168082  0.50122069454231266
  0.51238826842145568  0.52358639383407490  0.53470136135119395  0.54581989153246835
  0.55706124855957473  0.56809595843328231  0.57887396517444978  0.58907562766296528
  0.59882747027024130  0.60958148632802500  0.62053013383379363  0.63115320700453859
  0.64127725889827547  0.65156713548602951  0.66197021914264886  0.67230409858098528
  0.68251726662162304  0.69251689327833588  0.70238169650896076  0.71225529010210464
  0.72241225846826496  0.73256933191361318  0.74240247173304241  0.75165102358997471
  0.76123342828237850  0.77103972444952973  0.78180872807837265  0.79225336955914361
  0.80310233774305351  0.81337100283586961  0.82423221727614060  0.83510063054962247
  0.84657713064555107  0.85815749810362985  0.86895572936009902  0.87913348655127621
  0.88833216179575958  0.89750842883225979  0.90670425328692961  0.91768763168503376
  0.92960704017548079  0.94002368069203501  0.94978580872971718  0.95919440239999010
  0.96993887619739150  0.98089841593445415  0.99041800715631423  1.00000000000000000
  0.00003897521704356  0.00010197967410221  0.00047917620979651  0.00090780272690813
  0.00132913491943941  0.00159903293356186  0.00188586996168196  0.00218132495929463
  0.00247385030815890  0.00276919207047185  0.00306800755141826  0.00336893884278594
  0.00367020726411498  0.00397819934246038  0.00428518333462401  0.00459668663101377
  0.00491604879120054  0.00524223900101835  0.00559199347232139  0.00596021941651864
  0.00633828294882055  0.00672281035165606  0.00711410167728520  0.00751426802085951
  0.00791907982109820  0.00831578693508865  0.00872130448577916  0.00912222426974300
  0.00952477234075842  0.00993567611882832  0.01035197563146267  0.01076901207097985
  0.01116563573262853  0.01156140276085171  0.01195895899345207  0.01236681961648183
  0.01281329139107781  0.01332059191796246  0.01383013309692045  0.01433604321564851
  0.01485296341272687  0.01537823763409666  0.01592858050542118  0.01651855427084363
  0.01710556045814818  0.01770736995314247  0.01836026893009818  0.01905838422787239
  0.01974810444034923  0.02039108798363865  0.02107494566998087  0.02182833958887065
  0.02262357582695351  0.02346336681628904  0.02438542822691286  0.02532791695560340
  0.02620572228785141  0.02693225134144078  0.02758907220353352  0.02826459297201258
  0.02908812235096260  0.03024844782208233  0.03148525067285927  0.03268475664848407
  0.03396841257893153  0.03513087905265841  0.03629827059152228  0.03720453196746680
  0.03809942936825156  0.03899277926525251  0.03999752308960974  0.04101297417360180
  0.04209500757144756  0.04320169296156172  0.04443421278164169  0.04606728520319345
  0.04761508887372003  0.04911478958474458  0.05069482303698348  0.05234607589232374
  0.05412113754320869  0.05605838873747457  0.05822284198224786  0.06098342876901637
  0.06385082447662183  0.06698777630030585  0.07060747708931178  0.07448390611255373
  0.07879951925490149  0.08245467483676350  0.08819208635505943  0.09604623993012748
  0.10212194870045964  0.11329273862055023  0.13764763888308690  1.00000000000000000
 -0.00214825245586076  0.00842219085044709  0.01798724278490351  0.02881773916404641
  0.03913566580557352  0.04946418674471663  0.05966075134402207  0.07011501480440417
  0.08077292715578885  0.09128259130386514  0.10137907482526318  0.11097223070331906
  0.12030837023407617  0.13005249340086175  0.14061053642414448  0.15207782267711950
  0.16377498871144786  0.17516430685006090  0.18665936969395303  0.19843099589932631
  0.21021533660724448  0.22180843113276558  0.23306188118324364  0.24398179986465018
  0.25502665283166837  0.26591106602541076  0.27675022631561363  0.28752555480519210
  0.29863330763758383  0.30997676468602231  0.32112110645690356  0.33199413128330924
  0.34269856783631114  0.35347954486101868  0.36426805033090393  0.37493667282958060
  0.38543143884297337  0.39583979563009664  0.40648191144500695  0.41752666809382299
  0.42809241594133984  0.43796921708974729  0.44786056796570206  0.45811014188855276
  0.46819539771156116  0.47806494377692077  0.48774851495978161  0.49758407359104317
  0.50720749884403016  0.51643090623689114  0.52563764426557080  0.53443763565828506
  0.54337460950858585  0.55261208673185680  0.56195001796367250  0.57111191298730690
  0.58051781339064146  0.59020172547777894  0.60027293800472281  0.60959188929189645
  0.61816682054188310  0.62718459128008430  0.63704549428135060  0.64770503855884931
  0.65852304692711672  0.66966645115248258  0.68093324291872903  0.69164396304489439
  0.70192364925340422  0.71248337148474672  0.72362770692635570  0.73510747132296006
  0.74679401817014468  0.75876387084191987  0.77017948842131911  0.78075645640937708
  0.79131027044180779  0.80225381377164784  0.81301123957176202  0.82348175324880146
  0.83446428067193212  0.84647795631773937  0.85848726239484774  0.86993057919005012
  0.88109746070265704  0.89192907515750763  0.90236248397969221  0.91273157747984057
  0.92346814430888613  0.93515319458774504  0.94730644706707445  0.95719918198560527
  0.96703810240509847  0.97688414998308326  0.98730294669885821  1.00000000000000000
  0.24267122015991810  0.50113258838727948  0.56713278437091852  0.60437881210931121
  0.63250217519533558  0.65550448660758742  0.67416351589516532  0.69042139927637292
  0.70531924653964162  0.71885408269464679  0.73117582073508314  0.74232544199503581
  0.75259632479274996  0.76198432854888209  0.77112678554781444  0.77967475229599781
  0.78769306957768892  0.79522591261790365  0.80236435781729121  0.80920567407356669
  0.81570265146266363  0.82180536583805874  0.82763530425295961  0.83316542110593705
  0.83844898186404759  0.84350120216518576  0.84826654607202567  0.85284738658953640
  0.85724682886088566  0.86151360234028052  0.86575349946959301  0.86987966741437472
  0.87403173050342264  0.87791979379260643  0.88164384487140490  0.88530308854004713
  0.88888122301339656  0.89251745843263475  0.89596813587659629  0.89925778343981544
  0.90232993712569898  0.90528537295060640  0.90836538446618253  0.91147095465538375
  0.91451048137908486  0.91733656354732562  0.92002202457115378  0.92268555544976394
  0.92528904995987971  0.92784126370807685  0.93028086594962056  0.93263267430195707
  0.93491633060085255  0.93714335738271559  0.93922292872315472  0.94132559455623055
  0.94349414029540890  0.94561238515452350  0.94765075930053921  0.94962267178858917
  0.95153804427043098  0.95348388445306986  0.95546845998882401  0.95735656733727792
  0.95910195038810764  0.96077939945972379  0.96238866095656450  0.96403359107689002
  0.96562110357177622  0.96711488220112873  0.96856854637511303  0.96994799154336275
  0.97132500013178069  0.97270907200054368  0.97411139240611766  0.97562681008791574
  0.97707126363449148  0.97849011763566329  0.97982980606967629  0.98109071360666045
  0.98230830377603928  0.98350583070834885  0.98465605072871465  0.98573582305883545
  0.98681454832131643  0.98790930566755530  0.98901348509889053  0.99008972740217582
  0.99114164814657790  0.99217049700774695  0.99316509904970918  0.99418624041720849
  0.99527008394616612  0.99649793268245324  0.99804769430200957  1.00000000000000000
 -0.02270952189365660  0.10686512000845072  0.14440148650447979  0.16654536685459093
  0.18456935420371937  0.20010879365203105  0.21407048924648742  0.22712762994018956
  0.23899892059770797  0.24975592229419016  0.25970264284636319  0.26911391362844062
  0.27786633356416468  0.28585249740104735  0.29386090520010982  0.30129681220460575
  0.30951672664044944  0.31743428696253956  0.32500238048768909  0.33165467270057836
  0.33793466313340204  0.34413163714302775  0.35053546350378900  0.35723329343591581
  0.36421379250996594  0.37127213833235517  0.37833408374955824  0.38516583450146624
  0.39174979569175356  0.39803414758047440  0.40425253893733748  0.41047703247142919
  0.41682790517828899  0.42274022723556320  0.42834610831283687  0.43363745259133329
  0.43912457696197793  0.44471191725321324  0.45009486380838082  0.45529784070257751
  0.46047378978381520  0.46577079946246647  0.47132477675699630  0.47686454516002608
  0.48218037292920946  0.48724119062347832  0.49227221044526398  0.49723969586867628
  0.50220082549480349  0.50746982697233234  0.51304893840955768  0.51874847738471119
  0.52434605188858907  0.52990016464220979  0.53527776017999962  0.54051449450183198
  0.54603886862791018  0.55145035598217051  0.55686409369676937  0.56223172418652367
  0.56752113682821537  0.57311712423825523  0.57884455897436760  0.58520341429130973
  0.59186680573475037  0.59844264958743476  0.60487234823926694  0.61055633219267302
  0.61647798970723844  0.62256178276610141  0.62864317761891619  0.63478742434532187
  0.64098972182405745  0.64758470474256569  0.65451687245969081  0.66155167965563544
  0.66877761322080220  0.67620630772237711  0.68359761107012773  0.69088970641836145
  0.69891142458097966  0.70690056357584652  0.71499356171349682  0.72304896494804416
  0.73111251815866396  0.73934428708741906  0.74762994683834394  0.75710153231821486
  0.76752026049442457  0.77981792660919469  0.79369908611263085  0.80975441021593264
  0.82920563408160686  0.85379750990169290  0.89052353132790507  1.00000000000000000
   1.5289770537637469E-013  -1.0000000000000000     
 F F F F F F F F F F F F F F F F F F F F F F F F F F F F F F F F F F F F F F F F F F F F F F F F F F F F F F F F F F F F F F F F F F F F F F F F F F F F F F F F F F F F F F F F F F F F F F F F F F F F F F F F F F F F F F F F F F F F F F F F F F F F F F F F F F F F F F F F F F F F F F F F F F F F F F F F F F F F F F F F F F F F F F F F F F F F F F F F F F F F F F F F F F F F F F F F F F F F F F F F F F F F F F F F F F F F F F F F F F F F F F F F F F F F F F F F F F F F F F F F F F F F F F F F F F F F F F F F F F F F F F F F F F F F F F F F F F F F F F F F F F F F F F F F F F F F F F F F F F F F F F F F F F F F F F F F F F F F F F F F F F F F F F F F F F F F F F F F F F F F F F F F F F F F F F F F F F F F F F F F F F F F F F F F F F F F F F F F F F F F F F F F F F F F F F F F F F F F F F F F F F F F F F F F F F F F F F F F F F F F F F F F F F F F F F F F F F F F F F F F F F F F F F F F F F F F F F F F F F F F F F F F F F F F F F F F F F F F F F F F F F F F F F F F F F F F F F F F F F F F F F F F F F F F F F F F
  <DiscreteSampler_grid>
  grouped_processes
  1 # 1 for a reference and 2 for a running grid.
  10 # Attribute 'min_bin_probing_points' of the grid.
  1 # Attribute 'grid_mode' of the grid. 1=='default',2=='initialization'
  0.0000000000000000 # Attribute 'small_contrib_threshold' of the grid.
  0.5000000000000000 # Attribute 'damping_power' of the grid.
 # binID   n_entries weight   weight_sqr   abs_weight
    10   10   8.027120491906491E+000   5.025214706876213E+002   8.027120491906491E+000
    16   10   8.201747554277688E+000   5.260626729474681E+002   8.201747554277688E+000
  </DiscreteSampler_grid>
