  0.00309009236921053  0.01458618094449451  0.02819765677063142  0.04224030014974428
  0.05593453920400166  0.06842753512566931  0.08018541256224108  0.09115776791930849
  0.10155302639887867  0.11235860268996718  0.12368700500865244  0.13558676977726741
  0.14753942982970297  0.15951872874383091  0.17128779672309677  0.18172161097105113
  0.19153450632956950  0.20112551703254813  0.21159463390648051  0.22282643603408034
  0.23364090385035305  0.24375565071718566  0.25402177800371600  0.26409629677413166
  0.27399044197070782  0.28375600348250546  0.29394926629193391  0.30443393368464988
  0.31526293586229132  0.32641304062680176  0.33782908732339573  0.35128382925113510
  0.36190030514495486  0.37305805544314935  0.38402682637632135  0.39579242984105140
  0.40726169517632438  0.41875020892869241  0.43058065170826182  0.44219176921687992
  0.45336267600000141  0.46448497912290587  0.47479734202940016  0.48490906405560086
  0.49476733527133238  0.50489057953740546  0.51586060282552992  0.52710754839814011
  0.53869564183048868  0.54957524103732724  0.55930400195163144  0.56895928695308295
  0.57824612858009483  0.58763345339710993  0.59800238565928776  0.60786059988126828
  0.61803793272056506  0.62817370950576079  0.63875959948367855  0.64900911887584056
  0.65933148467860381  0.67050188887323203  0.68309385259674538  0.69435283838911888
  0.70578360753819736  0.71684823473057369  0.72775918487382063  0.73831188892217858
  0.74902822152868842  0.76033512951083626  0.77093086552419421  0.78121331529343818
  0.79098156024207045  0.79973359339952244  0.80921857988711343  0.81818223445242111
  0.82709837471351644  0.83629943357220460  0.84495532332335699  0.85330500401992659
  0.86198842746507309  0.87043676857024299  0.87917039130344599  0.88942696507052177
  0.89963443693786749  0.90929880738552094  0.91914126687882280  0.92944352958338272
  0.94015811476844946  0.95070958376377224  0.96070516203969347  0.96932906712719524
  0.97785900477011967  0.98603857301412368  0.99240656413523964  1.00000000000000000
  0.00924324127961695  0.01677249808598703  0.02718699621197548  0.03790079558413867
  0.04816419582733363  0.05908487514069775  0.06938330778129359  0.08013461394003438
  0.09184676527728433  0.10524736033172047  0.11799670688264037  0.13052146413130788
  0.14306426390174123  0.15450556018797346  0.16564994925687204  0.17702632651976366
  0.18858581997605922  0.19930284958186656  0.20941460940042333  0.21837110528745363
  0.22738303649678912  0.23581847409739631  0.24647617530310326  0.25730140012719588
  0.26825252926047627  0.27922457415389645  0.29013809880515889  0.30094701518685207
  0.31169640939203075  0.32233733215410021  0.33285777353931084  0.34334985596710021
  0.35371089182849863  0.36416607479955293  0.37484446623704593  0.38560291550688142
  0.39682524666653757  0.40752260195835366  0.41790240648971483  0.42775423170484095
  0.43790681393839026  0.44928760298161763  0.45965991270706835  0.46988329003936996
  0.47979745959055603  0.49086109396367750  0.50162270683673105  0.51214870353089703
  0.52238312307980639  0.53319177688900621  0.54337970039976713  0.55298674580238183
  0.56235764916704034  0.57195107618719376  0.58244644517749478  0.59301455901348876
  0.60362451295055219  0.61439843328580990  0.62484598374780131  0.63630469673064571
  0.64719408072292994  0.65829012216344240  0.66886106063813855  0.67943407599013550
  0.68902800406901021  0.69746367884538552  0.70592063993245657  0.71463617320767325
  0.72285487156410155  0.73129959554382495  0.74059586153415691  0.75087550432687789
  0.76161290649774793  0.77229458776236526  0.78260434360785114  0.79239813646691581
  0.80191965415687327  0.81171160467178116  0.82225399521455289  0.83350129869717293
  0.84507635482046717  0.85701544041667355  0.86885957896998467  0.88048033914187918
  0.89187821942894763  0.90383275946046537  0.91593102841311802  0.92719292222722660
  0.93806085618764956  0.94828307360785979  0.95934723513264486  0.97119690259850333
  0.98074533185297175  0.98830983124726102  0.99052925539464454  1.00000000000000000
  0.00174902263655998  0.01770644424223249  0.03509837276977269  0.04975139067206549
  0.06363047651540957  0.07670415272357158  0.08906289900481103  0.10101051459672276
  0.11264918941803351  0.12379144179846323  0.13438359594002167  0.14480943142588132
  0.15536040985211003  0.16607038424119686  0.17688685689215414  0.18754420628735802
  0.19831426270058686  0.20905712025025802  0.21934408527418281  0.22970512268233784
  0.23973473412032004  0.24968932117486323  0.25985615046314481  0.27047280925612172
  0.28138302754279904  0.29286803880961465  0.30467124961005737  0.31613325503101225
  0.32738742867905885  0.33860554836142454  0.34954493052045166  0.35942275432298776
  0.36828765955296111  0.37784836951441764  0.38797278730236406  0.39895547053274732
  0.41042067472503835  0.42159528605044094  0.43272590483233692  0.44415381823045758
  0.45588057561785855  0.46846593773674799  0.48158960011478458  0.49338336351153722
  0.50349369853626147  0.51274151827436476  0.52255430431495042  0.53209142815777133
  0.54098387184169494  0.55041159648701921  0.56078372755421979  0.57162406020742673
  0.58263916565791596  0.59496908712522867  0.60678839811032481  0.61739412604921118
  0.62761564094052780  0.63737412124477388  0.64635974139359975  0.65498194955494382
  0.66414331456475506  0.67569855871921758  0.68705080245397221  0.69785094021135374
  0.70848172530753184  0.71852448296645000  0.72843676112521272  0.73811812778638852
  0.74784417473006937  0.75816470351050647  0.76847984115835077  0.77833244039117500
  0.78764377465702340  0.79677097915164841  0.80618687443105197  0.81595614481750489
  0.82581598406933554  0.83629509754518683  0.84687006608693960  0.85597377773446803
  0.86444143619268954  0.87326104722884712  0.88263804432461357  0.89218765378862064
  0.90183836704562004  0.91185760342348421  0.92181637994650212  0.93150410485263979
  0.94099810616996815  0.95041790822253935  0.95989172547427892  0.96909917864710571
  0.97769018350187042  0.98556078559881866  0.99259448248315096  1.00000000000000000
  0.00000489765389502  0.00000509319130951  0.00000522747475920  0.00000537142303550
  0.00000553828735894  0.00000570878399691  0.00000587884517993  0.00000606107399063
  0.00000625377336122  0.00000644936960766  0.00000665043182659  0.00000684898474228
  0.00000706388313267  0.00000728398106634  0.00000750734190332  0.00000773072996445
  0.00000794871169061  0.00000815877986936  0.00000836118460871  0.00000856921574772
  0.00000877358788600  0.00000898645606417  0.00000918947191793  0.00000939718521245
  0.00000960759172798  0.00000984059519584  0.00001009542404497  0.00001035612308025
  0.00001061554415032  0.00001087649203263  0.00001113379881430  0.00001138205991999
  0.00001163010821290  0.00001188073629919  0.00001212894643215  0.00001237457651348
  0.00001262343748695  0.00001288698404341  0.00001316616846245  0.00001345331473445
  0.00001374779404644  0.00001404510814113  0.00001435418924164  0.00001473621549661
  0.00001512762392279  0.00001550437961814  0.00001590153822979  0.00001631977319335
  0.00001676142547115  0.00001724217158907  0.00001775312660330  0.00001826857151072
  0.00001880475613549  0.00001933756548098  0.00001987562624484  0.00002038881706918
  0.00002092808207729  0.00002152480747993  0.00002214983399642  0.00002279777588583
  0.00002345819377589  0.00002414116018712  0.00002486614055595  0.00002564077517866
  0.00002649030916312  0.00002745448988272  0.00002854458482517  0.00002968818892673
  0.00003089987745266  0.00003221419933313  0.00003367673575106  0.00003529709995927
  0.00003705091853988  0.00003894618265452  0.00004102245064249  0.00004336233354763
  0.00004605938807879  0.00004918374623895  0.00005271717551255  0.00005674726493772
  0.00006149538627155  0.00006735851690455  0.00007450222015312  0.00008476086785493
  0.00009916252181924  0.00011891477273316  0.00014661957392408  0.00018453638263715
  0.00024131770439547  0.00032852323662834  0.00050244556117158  0.00086473722725794
  0.00200903717351936  0.01110313204321341  0.22598564224825554  1.00000000000000000
  0.00000084908811478  0.00000157224489451  0.00000217215526545  0.00000275429350348
  0.00000333611315222  0.00000399127832457  0.00000457278312089  0.00000511210152578
  0.00000557766436810  0.00000604229529508  0.00000650907316117  0.00000698128069286
  0.00000744193764424  0.00000790251732790  0.00000836624777687  0.00000883625383297
  0.00000928982836009  0.00000973548136613  0.00001018099239273  0.00001061621431050
  0.00001105395455474  0.00001149159679886  0.00001194155850239  0.00001239784942941
  0.00001284349629223  0.00001329576614171  0.00001375522199811  0.00001423143738086
  0.00001474782115406  0.00001529540543375  0.00001585451122321  0.00001643097478648
  0.00001700106416072  0.00001756106883534  0.00001813979690831  0.00001878465582820
  0.00001951991953523  0.00002033667681308  0.00002103183521175  0.00002176464617000
  0.00002254217412561  0.00002331288285572  0.00002408634374164  0.00002506208735043
  0.00002597717790966  0.00002692548195504  0.00002792899685560  0.00002898432914193
  0.00003007075183557  0.00003120696993241  0.00003242319473153  0.00003371943182789
  0.00003511262482472  0.00003664992329125  0.00003829909865345  0.00003996360476831
  0.00004172958590966  0.00004361145134558  0.00004558033743492  0.00004758513184296
  0.00004961412277810  0.00005176569606928  0.00005426120749605  0.00005709197860972
  0.00006015976558215  0.00006351049112162  0.00006715750560604  0.00007116158057690
  0.00007558632309595  0.00008029176453200  0.00008571858138293  0.00009204366100650
  0.00009914283605135  0.00010695675814212  0.00011579614284639  0.00012621068072957
  0.00013805794502518  0.00015106174338804  0.00016560174639048  0.00018248427958757
  0.00020249616209430  0.00022567998739361  0.00025316882400824  0.00028542910087381
  0.00032341400473842  0.00036890254340021  0.00042696086535242  0.00051541278924542
  0.00064942609518032  0.00083160675903753  0.00110753561442391  0.00163185565526732
  0.00285879455967553  0.00745983197255951  0.08262610804283628  1.00000000000000000
 -0.00178986943381251  0.00721681269298793  0.01423601063320751  0.02172828082399780
  0.02886863029376146  0.03649572206512071  0.04394009059145197  0.05139626311794468
  0.05885916652310554  0.06695789447408415  0.07581345068204885  0.08443195643024252
  0.09275194345652776  0.10115157871316295  0.10977470338891587  0.11840546636335675
  0.12764137819972221  0.13661099837515792  0.14563256451109355  0.15469769862165444
  0.16391489857387337  0.17409760746060424  0.18399212566187589  0.19437106623605832
  0.20541938611015326  0.21746512497458997  0.22940523978713087  0.24069787005602189
  0.25176373691731108  0.26223779617430903  0.27318454251391117  0.28475047064869785
  0.29788158283544264  0.31096070438582724  0.32360456496238516  0.33569240337388107
  0.34732452964519916  0.35799030658313308  0.36872527059965682  0.38075305500958051
  0.39487652599719264  0.40575868225224476  0.41697418442064871  0.42760574190206235
  0.43958504707044493  0.45167079655382236  0.46382412828354785  0.47648175888482142
  0.48943935831909974  0.50230395461587440  0.51550151218294593  0.52831911848321389
  0.54044234418007819  0.55248746465346554  0.56407839465810972  0.57565211370292479
  0.58790711954450026  0.60108079905782386  0.61485788583005141  0.62909562726948898
  0.64291714089085061  0.65574840600309803  0.66828391972011081  0.68133225454340518
  0.69467224633882318  0.70754364676585058  0.71956020621980088  0.73073310088687338
  0.74107902798618674  0.75065731851946937  0.76035427271562395  0.77069560640662094
  0.78245213377957690  0.79410164445462905  0.80541614229490655  0.81676615930502894
  0.82796654919970414  0.83879888824238791  0.84927644417298365  0.85978283651971743
  0.87046710696152196  0.88047110006986906  0.88972901379169478  0.89912374479869006
  0.90862096020318472  0.91787262288837501  0.92681487253521255  0.93518937285823334
  0.94325335384119635  0.95145206149777295  0.95935069063149825  0.96703908761295154
  0.97509957906466471  0.98298241584610091  0.99102894765186034  1.00000000000000000
 -0.00239080444126218  0.00860804786286664  0.01893022636775364  0.02994205983171186
  0.04131513761360938  0.05288302134920900  0.06458618813060331  0.07634926513705793
  0.08733875828285600  0.09778835801885488  0.10732115577288276  0.11659480336416492
  0.12599408311467178  0.13588139378409742  0.14609721255138006  0.15641360764712542
  0.16710751322333628  0.17851004242028765  0.18901777441528231  0.19911577440149408
  0.20942831508312951  0.21995305691180522  0.23032209152261540  0.24038343429995071
  0.25007673600605812  0.26119573320696110  0.27269230196526806  0.28467046128077711
  0.29688869563596010  0.30916754781810135  0.32046446432083925  0.33108491595168504
  0.34175227026821958  0.35272688398519980  0.36355943214656450  0.37371113589191446
  0.38354575699862520  0.39350388298038658  0.40359938761095282  0.41368638212165715
  0.42345467320474539  0.43329320628028634  0.44279082838652700  0.45264859889565423
  0.46246495084790334  0.47212147644677588  0.48222243248004709  0.49230997648724067
  0.50301846708104470  0.51414651366355191  0.52590135102464020  0.53807944061578572
  0.54995721858971347  0.56111952684358746  0.57079164797661019  0.57971133987814794
  0.58858953439573447  0.59728423732633529  0.60603757141863313  0.61509724866904469
  0.62431747245721780  0.63405770861779653  0.64353064239935420  0.65336885194457806
  0.66367071043298731  0.67528816037386041  0.68719813846311761  0.69797850475552559
  0.70895060736719517  0.71960048880901717  0.73115329591412592  0.74237197808429023
  0.75449228210465025  0.76674488889918357  0.77886549647743653  0.79081767706151718
  0.80273879881153010  0.81446386737919330  0.82570195966252491  0.83684374797951933
  0.84806307748004195  0.85910862932673637  0.87004963009716996  0.88122268682428684
  0.89243080578727885  0.90347911390102587  0.91430549110446169  0.92487382036866350
  0.93502543505268221  0.94482744180255285  0.95469701724122547  0.96482559282562286
  0.97461773773298466  0.98347310577999303  0.99199973709025513  1.00000000000000000
 -0.00204078562482058  0.00811419003671688  0.01762181656572440  0.02818991789019251
  0.03856315925677636  0.04888119597730171  0.05913320794460452  0.06930138865216458
  0.07925746438149595  0.08923456196796641  0.09974685162099621  0.11026367985085583
  0.12136721702798549  0.13250483485519027  0.14433494856835383  0.15569940153928380
  0.16685908657479817  0.17779696464848549  0.18873566351544357  0.20041134281633122
  0.21200039888563713  0.22291970495176203  0.23348444102528756  0.24397643057309631
  0.25440517981437200  0.26453693460917221  0.27432218756144894  0.28441392543352217
  0.29422855902865863  0.30377747673262817  0.31359857999107082  0.32334541302424130
  0.33308156099732888  0.34216997706111701  0.35107555867857732  0.36101256901644507
  0.37150045333391768  0.38166436975274382  0.39151069273911288  0.40195847034735938
  0.41346624458134340  0.42586250038030188  0.43824953381900433  0.45033374710043894
  0.46220306830541352  0.47404146088888482  0.48612060531901363  0.49795341592196096
  0.50852866133843799  0.51803413663787212  0.52713645867695746  0.53625749027421954
  0.54541060730852708  0.55432833890431399  0.56332719596064462  0.57315566550630992
  0.58333159855288141  0.59344288272166401  0.60300919001612296  0.61479794382902553
  0.62607228700478745  0.63682487811958988  0.64724715100997821  0.65747365020938997
  0.66859892989257719  0.67964334841861851  0.69052073979331985  0.70154851214558112
  0.71315104483656677  0.72541494238875526  0.73751008181850530  0.74879316171067678
  0.75960506182237342  0.77066331695263357  0.78211126987958846  0.79342565487211103
  0.80424723194093173  0.81400892800941926  0.82342680619183395  0.83277515765827870
  0.84260436223667290  0.85319054622473423  0.86259119398989237  0.87216788419518765
  0.88193536846562937  0.89256718176467653  0.90316124753995430  0.91429392268861842
  0.92534982092437124  0.93538523619521097  0.94640530740603757  0.95673849041247994
  0.96758334605314600  0.97817944889194175  0.98921636226757070  1.00000000000000000
 -0.00283213579184085  0.01017673506770709  0.02175093852790624  0.03274493102975216
  0.04334510801094125  0.05292882534589223  0.06319786217697136  0.07320537178819037
  0.08307415564731439  0.09302886659347376  0.10300740134991671  0.11318220152765467
  0.12341514354608846  0.13252503729716797  0.14211260726124031  0.15241764483604558
  0.16293626489828686  0.17311433558741413  0.18326718917887577  0.19396904165953649
  0.20462453360775376  0.21518107177707493  0.22556604846090889  0.23607284094452596
  0.24686883778365454  0.25755412794601745  0.26884061290226990  0.28062529643290929
  0.29213149783140679  0.30276588931411663  0.31356481640623846  0.32462233763381498
  0.33542132449180301  0.34656428740821471  0.35758890946837857  0.36859131649340143
  0.37938867915565633  0.39010698780717185  0.40083079446262004  0.41117579062935661
  0.42142149764517711  0.43231587347298395  0.44190915697167954  0.45127711517715380
  0.46099737303280930  0.47096327404541272  0.48083043796475888  0.49108892705323431
  0.50117785467527820  0.51321647844300267  0.52463470207096585  0.53511494840455642
  0.54499431264234599  0.55451269578391349  0.56466641757834635  0.57567724588603930
  0.58618544528914884  0.59623988400145800  0.60624629056466661  0.61817349103145547
  0.63031042164603290  0.64243540114566111  0.65455265911905791  0.66662533378919486
  0.67829634787381909  0.68950078462622610  0.70062411699303140  0.71125370083437789
  0.72109314739588148  0.73061778236787644  0.73978880524680535  0.74868833508443244
  0.75829782958120029  0.76821524736805014  0.77817202047992240  0.78783003458189971
  0.79749455168193217  0.80790935191776125  0.81815243473777066  0.82889512795179476
  0.84015997023605260  0.85236990123302692  0.86472263397505911  0.87653618337887540
  0.88816668400185006  0.89906897072662828  0.90961159696534621  0.91992571871009599
  0.93068849651969088  0.94107522567824242  0.95048273475550416  0.95963207325497413
  0.96957494545831657  0.97909437784420605  0.98965410135796550  1.00000000000000000
 -0.00177489441899528  0.00698105194326407  0.01453420301079945  0.02277649872951025
  0.03115820839975487  0.03882564497169765  0.04669422593466685  0.05509937019529585
  0.06391137286140952  0.07306049101085157  0.08235473110321044  0.09185468600789459
  0.10166287562601838  0.11135546374950570  0.12033706784259188  0.12897851503031318
  0.13798975515933989  0.14720693414197364  0.15667316802283363  0.16668697014126710
  0.17710570303739437  0.18802418463537074  0.19924570397369981  0.21045208816894689
  0.22155280776351688  0.23233722005718757  0.24304427500268119  0.25388926241975379
  0.26453452533002447  0.27500678514920285  0.28576264520291889  0.29732025851413568
  0.30962139310327802  0.32226239040524796  0.33450351701772468  0.34556381602096869
  0.35671628958661050  0.36769503926567165  0.37901251018271354  0.38981669471406405
  0.40214671742098296  0.41683324874628691  0.43200079403457392  0.44736767540456024
  0.46255987093832462  0.47759265430166958  0.49293180040819118  0.50607397824434064
  0.51887780855741150  0.53106009231669005  0.54324701557534671  0.55638941996688696
  0.56936446408168251  0.58164101813221336  0.59388541529385996  0.60597992733026351
  0.61771025783887001  0.62991513934290577  0.64270087228939010  0.65524520892604166
  0.66714098177193504  0.67846525762898047  0.68990637615435135  0.70252507507424999
  0.71580443560431017  0.72775834896129099  0.73818951598839211  0.74820597262891808
  0.75872498110402953  0.76952800853131142  0.78002238785367073  0.79032155892406286
  0.80047513018065108  0.81038580379882108  0.81979158781922590  0.82916430547765707
  0.83835748824839484  0.84729155773599540  0.85597649101107398  0.86432196206051248
  0.87272596470595254  0.88100085396964967  0.88899072151581937  0.89697343939681573
  0.90492293106780886  0.91275535187970158  0.92084193907130840  0.92929918695198410
  0.93810668447966417  0.94714371835009126  0.95622047521242126  0.96520747824542585
  0.97398610961669263  0.98258380946083612  0.99125917148675768  1.00000000000000000
 -0.00298076480331147  0.01013090052314062  0.02176894844382296  0.03207695591227802
  0.04264362094516518  0.05301961809214597  0.06283626798291723  0.07258593510644988
  0.08240416926985940  0.09298240013372848  0.10436270371190466  0.11603354673887244
  0.12706684902206711  0.13778547608076730  0.14839773211738916  0.15943280522447423
  0.17094133643365428  0.18244229801870568  0.19343337040909081  0.20366043474580048
  0.21371519495897792  0.22435513291087744  0.23561344451933189  0.24632622704847268
  0.25675150839306676  0.26736667995615326  0.27793482576124767  0.28904038420370520
  0.30044307228209383  0.31187166197416738  0.32309204962435512  0.33410981324517319
  0.34477202110163363  0.35507414810576754  0.36533540572426432  0.37506946282492193
  0.38430745042125997  0.39337104947299717  0.40330888528470349  0.41425591267257450
  0.42509088846247933  0.43537465708763995  0.44454172496528693  0.45383066745843242
  0.46356540651247125  0.47272289088940339  0.48171064288738430  0.49075858679078199
  0.50020364500243852  0.51083744801197806  0.52170287601576326  0.53161162702964182
  0.54110324570354817  0.55075166899389494  0.56090163173949581  0.57102919940551999
  0.58158668753987786  0.59297191937272986  0.60449973900416532  0.61590027842492301
  0.62719000115142098  0.63852967185167964  0.65000617172612962  0.66115493023435190
  0.67176457149868141  0.68142142139747874  0.69079410601673019  0.70044797744048304
  0.71066828752999656  0.72101813342941778  0.73128359586555380  0.74154660288095964
  0.75227453900070484  0.76353389248624337  0.77471409096218635  0.78536744473148246
  0.79547138736883249  0.80538003114798229  0.81530024615183094  0.82571141353260169
  0.83637157087671143  0.84751251262618454  0.85829706431220909  0.86870802181779738
  0.87907148951999614  0.88973172344589513  0.90111214426894537  0.91245656363121108
  0.92333530987459433  0.93405007433330489  0.94469799331423643  0.95535010621020822
  0.96635890056884988  0.97733664919139196  0.98864683580372759  1.00000000000000000
 -0.00265262286022152  0.01015962039471140  0.02189391496273801  0.03328005155159278
  0.04367462301412215  0.05306267928806938  0.06249694079399209  0.07231963384012421
  0.08199458671056623  0.09176501364279475  0.10131173982032013  0.11167580172456645
  0.12314936160318572  0.13410866846398237  0.14423733909306305  0.15408225305494638
  0.16386880449950547  0.17418990396113024  0.18563559401926655  0.19661790034958135
  0.20760771952364609  0.21835367038527156  0.22893386824736528  0.23883048610923610
  0.24908767798565626  0.25947590402971643  0.26979126064395370  0.27924901047329215
  0.28879000018417395  0.29909845596213558  0.30929193832969293  0.31922375757211813
  0.32901234398915641  0.33884900237354726  0.34903513864473451  0.35919362771782160
  0.36900041331003763  0.37895991229005366  0.38950351476154410  0.40025075587308279
  0.41047885443725457  0.42031045236361086  0.43067922875965592  0.44195034561007690
  0.45364375292423292  0.46523346210642746  0.47655021650129104  0.48780720940398403
  0.49888729240281465  0.50936910650269329  0.51866258333619830  0.52786815582337843
  0.53769189470392720  0.54836574807203053  0.55924344222444167  0.56991167764222750
  0.58030897378922641  0.59123548561432937  0.60235368244765242  0.61366148789819785
  0.62494448982741369  0.63749793348479511  0.64966510921414622  0.66147786036073175
  0.67271715748405925  0.68354543708946303  0.69456433937373951  0.70560701262430969
  0.71722940859601647  0.72866763199021334  0.73970267272574197  0.74955483968980241
  0.75946957235066470  0.76973590753022203  0.78051077844298833  0.79230409920508515
  0.80274688632783375  0.81261351070687537  0.82226522400374236  0.83175636106350981
  0.84176483580477746  0.85279508340724075  0.86369121880973598  0.87420401208804399
  0.88422944521022417  0.89415113991193962  0.90432462158554616  0.91490767741124424
  0.92529561035003138  0.93619185868542543  0.94692945497947278  0.95772031451747242
  0.96840918073388671  0.97916792326001834  0.98978673526017058  1.00000000000000000
  0.00011631365709781  0.00025890607234616  0.00041636852817018  0.00060382919614237
  0.00077184174727802  0.00092759297815078  0.00108922495162560  0.00125011006390372
  0.00138707679303988  0.00153023647750155  0.00167985340670722  0.00184534378437531
  0.00201605011023274  0.00219235498914608  0.00237772411634442  0.00256920161766338
  0.00276520222279609  0.00296614777804738  0.00318408797695874  0.00340779417950165
  0.00363518583901970  0.00386871486233631  0.00411788303438729  0.00437043643288093
  0.00462553555538096  0.00489261478723274  0.00518010621982335  0.00547940852750292
  0.00579072251580914  0.00609917739401577  0.00640853253649801  0.00672834381973206
  0.00706168034230554  0.00741033164317978  0.00776431463388724  0.00813555470809156
  0.00851043986579727  0.00889417218007825  0.00928796989373379  0.00968888995648175
  0.01009363191344233  0.01049552984493739  0.01091745270166414  0.01134986730025389
  0.01178705399391097  0.01222870594210789  0.01268170372157272  0.01318014183900331
  0.01367409977120255  0.01411755186667898  0.01457064859764167  0.01507956167606267
  0.01561726109075627  0.01617791375163335  0.01677686534772087  0.01742342590216056
  0.01807882725301861  0.01877143905481653  0.01951639216981118  0.02020488089387287
  0.02086793833857562  0.02156714690230724  0.02233069183178655  0.02314633263016805
  0.02392598660812323  0.02470279282034481  0.02548047273569937  0.02621848530194533
  0.02699463055206238  0.02786838550756895  0.02884121408450570  0.02988500105192074
  0.03094397126335339  0.03211819297147008  0.03331455665095171  0.03450640407566779
  0.03573590762442911  0.03711380820913061  0.03870199683555146  0.04031083769309986
  0.04160695265115223  0.04286092325011247  0.04458465001398726  0.04689832581924831
  0.04952009543882261  0.05227184110070632  0.05583658735042364  0.06010200122439851
  0.06407971679974278  0.06893434778226808  0.07592444928191880  0.08315948468853737
  0.09586582433692052  0.13012467195530403  0.54421657898375209  1.00000000000000000
 -0.00285791218892820  0.01055379417864340  0.02155100468516801  0.03203144513862863
  0.04256305375655866  0.05346824647693176  0.06451100363185587  0.07510471893376194
  0.08543494905836446  0.09635807647736933  0.10778212571261590  0.11870889733305012
  0.12914257563450127  0.13943331155747402  0.14955301770437918  0.15959730107906059
  0.16995417981061192  0.18050923034638811  0.19073682456740215  0.20076220491333188
  0.21129086955804444  0.22244287873406657  0.23363818955182461  0.24420989776407342
  0.25366911642391016  0.26255068105502921  0.27198609344882224  0.28249384646292919
  0.29321380255258411  0.30362162929373460  0.31399468395001001  0.32461769981247396
  0.33537274606794049  0.34613046516975915  0.35717702918857136  0.36840954705362638
  0.37968721491748247  0.39120571674702842  0.40245396539487516  0.41301187325154248
  0.42322419806113171  0.43302864441168165  0.44270724450680854  0.45260306272421486
  0.46321431962080528  0.47524948166217779  0.48690201521099941  0.49826073979757318
  0.50928432156550274  0.52061355934796538  0.53048266923784926  0.54080448288923200
  0.55075183818503981  0.56150754762698540  0.57213012504809146  0.58291400540329696
  0.59376700165921648  0.60456094092476886  0.61462687544088368  0.62460223504795687
  0.63522300723495917  0.64624205691868331  0.65736087680579591  0.66829288525396602
  0.67938666003989756  0.69034409405246422  0.70051000609673841  0.70961035968090702
  0.71801896724876968  0.72593520829199676  0.73460983013739956  0.74455065876138649
  0.75403470175266607  0.76301135289493671  0.77217347848830220  0.78151382774394873
  0.79107142785208517  0.80079344207700243  0.81074288941818773  0.82143077255619201
  0.83291901976512017  0.84449075835260667  0.85613117240956105  0.86796206947613552
  0.87929719442033061  0.89039031472265384  0.90167566409772526  0.91272624968079352
  0.92331781923735123  0.93355743589650730  0.94371056085576810  0.95427865320220506
  0.96521643249744282  0.97666404307728527  0.98848537469383557  1.00000000000000000
  0.07783377516160034  0.57330786197679762  0.64469385170077109  0.68680251042375062
  0.71635317974418056  0.73846118283291429  0.75618897548157060  0.77155059283250949
  0.78449848262657995  0.79596981615684914  0.80612368875773255  0.81517143702320871
  0.82323513213350685  0.83084802094329280  0.83754100717512536  0.84378469212338558
  0.85000558097118728  0.85596169104827902  0.86120146443140222  0.86612014372333701
  0.87083363083336074  0.87548985490418085  0.87988441941243345  0.88414177180145426
  0.88824657644242266  0.89214324692295899  0.89576488754575057  0.89906075612202863
  0.90205345344134125  0.90487967688332183  0.90770088484016187  0.91055985511439663
  0.91340884927867283  0.91614598182258211  0.91867348457739151  0.92103492689936706
  0.92337896214698889  0.92575146293898525  0.92808336523181001  0.93036245612264235
  0.93256809299284893  0.93465953928150691  0.93673682416032211  0.93862094987442501
  0.94033472109515281  0.94199902888738762  0.94357291130156851  0.94511969270622442
  0.94665560410884675  0.94810373834464101  0.94963193320448303  0.95123065201041690
  0.95283316916973748  0.95441111384586752  0.95594840520078284  0.95740108696042669
  0.95873503778359370  0.96000990041505574  0.96124441339308120  0.96247180649740272
  0.96365172316917880  0.96478816623075137  0.96592077802686283  0.96700640030654406
  0.96805163073841771  0.96910311437615682  0.97017021398739622  0.97121519559786196
  0.97225528005784323  0.97330591429382241  0.97434160786382584  0.97535344585156847
  0.97628240510684849  0.97721650448790787  0.97820329498867464  0.97923780264027138
  0.98029327279612055  0.98132890956513019  0.98231746792076202  0.98326461333928028
  0.98417060691402303  0.98500169876648835  0.98584136678249057  0.98666623643675311
  0.98751967701585541  0.98843464610429443  0.98934856398668569  0.99029522756704824
  0.99124298358537266  0.99217158534504313  0.99311374420842369  0.99407559872819118
  0.99506656563890628  0.99622218785658301  0.99772787662431073  1.00000000000000000
 -0.02281408669515255  0.10911916260440732  0.14487263019398489  0.16730038212518003
  0.18606109704047327  0.20183532662352538  0.21582252228629037  0.22889316600547929
  0.24125341543740295  0.25258579259955916  0.26298896909483116  0.27248495905989978
  0.28164128566678498  0.29056883413428147  0.29930948170683241  0.30820584299220199
  0.31594231291630387  0.32324276790927203  0.33041073109537172  0.33755776299412033
  0.34384773897069898  0.34945335195443800  0.35503929149385888  0.36092785374662145
  0.36723647470417431  0.37345739245140086  0.37927662154080777  0.38467882401612574
  0.38989347640570438  0.39527726697035370  0.40109289470884635  0.40711999021538064
  0.41303429006250397  0.41861860949409230  0.42410865438367257  0.42982601674843668
  0.43569258842076569  0.44154256484495225  0.44726694086532354  0.45279597104486780
  0.45807647135351326  0.46327501403715809  0.46845708758817189  0.47351299099409860
  0.47897210447308497  0.48473202122287357  0.49054819625341983  0.49630188156128219
  0.50209501795357958  0.50758658100457599  0.51341236149898939  0.51943007943952924
  0.52557382408747544  0.53174063895812251  0.53782017921722136  0.54366583178902150
  0.54938658130967322  0.55527577267245787  0.56134537140808838  0.56725550846573125
  0.57311849594475672  0.57862352196688549  0.58412886352912519  0.58950098767329695
  0.59496344645670640  0.60069188462543155  0.60686931733918070  0.61329614902838936
  0.61991497329942169  0.62671494019243978  0.63336567539289723  0.63974429074663064
  0.64602593384668239  0.65157689663896112  0.65718956803755679  0.66372815661008744
  0.67047210214263353  0.67736330492854191  0.68434279608398962  0.69127720720534547
  0.69808058676720730  0.70511906663481594  0.71328134976291113  0.72234951094562683
  0.73130190333164169  0.74033714211438273  0.74985333015561273  0.75979868909943793
  0.77009563840926998  0.78137970121691747  0.79529403977881574  0.81223046929268672
  0.83071712523219421  0.85294253519818630  0.88763492534064958  1.00000000000000000
   1.5787389501181087E-012  -1.0000000000000000     
 F F F F F F F F F F F F F F F F F F F F F F F F F F F F F F F F F F F F F F F F F F F F F F F F F F F F F F F F F F F F F F F F F F F F F F F F F F F F F F F F F F F F F F F F F F F F F F F F F F F F F F F F F F F F F F F F F F F F F F F F F F F F F F F F F F F F F F F F F F F F F F F F F F F F F F F F F F F F F F F F F F F F F F F F F F F F F F F F F F F F F F F F F F F F F F F F F F F F F F F F F F F F F F F F F F F F F F F F F F F F F F F F F F F F F F F F F F F F F F F F F F F F F F F F F F F F F F F F F F F F F F F F F F F F F F F F F F F F F F F F F F F F F F F F F F F F F F F F F F F F F F F F F F F F F F F F F F F F F F F F F F F F F F F F F F F F F F F F F F F F F F F F F F F F F F F F F F F F F F F F F F F F F F F F F F F F F F F F F F F F F F F F F F F F F F F F F F F F F F F F F F F F F F F F F F F F F F F F F F F F F F F F F F F F F F F F F F F F F F F F F F F F F F F F F F F F F F F F F F F F F F F F F F F F F F F F F F F F F F F F F F F F F F F F F F F F F F F F F F F F F F F F F F F F F F F F
  <DiscreteSampler_grid>
  grouped_processes
  1 # 1 for a reference and 2 for a running grid.
  10 # Attribute 'min_bin_probing_points' of the grid.
  1 # Attribute 'grid_mode' of the grid. 1=='default',2=='initialization'
  0.0000000000000000 # Attribute 'small_contrib_threshold' of the grid.
  0.5000000000000000 # Attribute 'damping_power' of the grid.
 # binID   n_entries weight   weight_sqr   abs_weight
    10   10   2.323564736242593E+001   1.472288837494772E+003   2.323564736242593E+001
    16   10   2.329664148898731E+001   1.476588628473602E+003   2.329664148898731E+001
  </DiscreteSampler_grid>
