  0.00246690988948192  0.01619552330127128  0.03072781732616920  0.04392013740701381
  0.05645890737277937  0.06858722987816183  0.07947353148141040  0.09029378237209269
  0.10079706871250543  0.11122956943182119  0.12253925352115244  0.13457778684699440
  0.14690927916411584  0.15828260595861449  0.16907906920807664  0.17949474344222832
  0.18963177138804979  0.20043101014551215  0.21087429845563740  0.22169502841885291
  0.23185032612928680  0.24204544169976216  0.25272139953941603  0.26337972587071051
  0.27362934356429630  0.28385903148895458  0.29409535787887486  0.30439977631671483
  0.31466328078070099  0.32506861193660269  0.33532638673942861  0.34525442735466749
  0.35536705404147217  0.36580761402976880  0.37637406443706611  0.38684637789909915
  0.39797547714255027  0.40893565901704987  0.41967177570496222  0.43032555984715937
  0.44108434246182759  0.45204645074152422  0.46295734231194008  0.47394007580889835
  0.48511678527671193  0.49604244174529910  0.50737719654742497  0.51891454288751193
  0.52973010481935023  0.54054077316104787  0.55105857017153104  0.56129661689920585
  0.57157333818233591  0.58225789406577844  0.59324887218235456  0.60426873716692986
  0.61535592134283523  0.62666387100263210  0.63843518902072172  0.64978845065298829
  0.66088333194175830  0.67165475615773018  0.68245668567365392  0.69234690720686110
  0.70237515578426957  0.71147006026390402  0.72122673029987761  0.73055512511839860
  0.73972635197080649  0.74905894063884282  0.75790213856459832  0.76666591852656985
  0.77563913442732724  0.78463585632518473  0.79398962777087356  0.80436560561175874
  0.81516424004563681  0.82584429166197670  0.83626534782874717  0.84602653223115842
  0.85550049562176245  0.86489851302275911  0.87420241241745544  0.88347308175052153
  0.89327636389510356  0.90409525788611267  0.91526152700176922  0.92547631924946439
  0.93469522635625457  0.94365099070157377  0.95279312727538357  0.96229991103070778
  0.97169754556798715  0.98090576007699914  0.99056653016599117  1.00000000000000000
  0.00912138553434810  0.01726838993709585  0.02788512301916042  0.03887899709620209
  0.04984835445789139  0.06143943241257493  0.07294553025335757  0.08377149636937188
  0.09452130773102384  0.10559178974788642  0.11667507297398022  0.12770223791113025
  0.13833410628255002  0.14943485882979710  0.16128773479682113  0.17233699201329500
  0.18315067167812268  0.19333913867158964  0.20388731889325420  0.21423337213328167
  0.22544360422610404  0.23639305582131656  0.24664439682675846  0.25557115743584446
  0.26398593698081951  0.27283426230612901  0.28139516457219521  0.28983670871886780
  0.29866567210785705  0.30723422116444643  0.31644761457590997  0.32729046305873871
  0.33878420650067520  0.35034788428564251  0.36190557527646255  0.37321842001458400
  0.38415777342206020  0.39519414081507659  0.40667497954429016  0.41805646683279013
  0.42892034425434516  0.43938908267749749  0.44968970622648813  0.46015744777113832
  0.46981182982642511  0.47947698964954799  0.48883006805545881  0.49945918604680256
  0.51073698946970580  0.52103925594040001  0.53156259447601928  0.54199656167845600
  0.55380050642699641  0.56575394183577032  0.57739201098785009  0.58827791268183494
  0.59837925858193020  0.60852427490818739  0.61858482224405398  0.62958976557160429
  0.64020095209777916  0.65075827471439929  0.66171904059991560  0.67236339503918974
  0.68359270539934236  0.69391901410218315  0.70425819867617867  0.71467852144553212
  0.72572368608925431  0.73658010430039256  0.74767353845716400  0.75894044991797416
  0.77039654208307407  0.78073304795256859  0.79027373071570695  0.80017577190180855
  0.81071230072775002  0.82228816958990114  0.83451815376378802  0.84652961116712910
  0.85773362561238942  0.86811599083000235  0.87805757094312642  0.88783227679691767
  0.89749775028324508  0.90694983282219144  0.91672749196008740  0.92665836679786362
  0.93656401449840498  0.94646279811684320  0.95703090526028678  0.96792337506308790
  0.97858142395968306  0.98903480465370153  0.99147879029856578  1.00000000000000000
  0.00094959331212804  0.01949776523916007  0.03609251367371443  0.05020802230541922
  0.06312452599067712  0.07522111825378976  0.08572585405748764  0.09480799211700125
  0.10355686905771980  0.11255534911434516  0.12224214499311795  0.13229831301402870
  0.14204460679592265  0.15168307861143385  0.16209595767409540  0.17265520282107436
  0.18404705026126925  0.19485022307712713  0.20498959880993717  0.21530548115123641
  0.22613540543246763  0.23758711537239888  0.24898729926662663  0.25977418717493117
  0.27042048280010927  0.28058270246009093  0.29093302773838936  0.30159773672847839
  0.31278380187194793  0.32393646022537370  0.33505986495568041  0.34548606338172105
  0.35572813466569797  0.36525823509416111  0.37504707095633588  0.38513193503207538
  0.39591950351613392  0.40688643627272036  0.41757779609042600  0.42800876924206105
  0.43874730898656084  0.44968061242514196  0.46149751988910986  0.47285228740477686
  0.48387906761484839  0.49493409894057566  0.50550711551289962  0.51565353750259324
  0.52526550474168443  0.53478738231156731  0.54519425941366495  0.55695631714407756
  0.56852094088226868  0.57952428771568421  0.59038602461626910  0.60091804880530619
  0.61093930617914782  0.62075253141395914  0.63086792086221088  0.64157120229027664
  0.65267035029167897  0.66403266117777171  0.67571767514484293  0.68749470044934613
  0.69913235000237395  0.71026317251446924  0.72072188365557455  0.73110479404149442
  0.74176740344054937  0.75247713542521155  0.76315279344133968  0.77404810804675073
  0.78523870305209131  0.79620298069037598  0.80697924197999360  0.81759559198005904
  0.82830780195368536  0.83871628432221113  0.84907489742001518  0.85882820455165010
  0.86855420672932215  0.87817889498306301  0.88805512110734053  0.89769721478752817
  0.90676868543265687  0.91517159071435072  0.92326187628235457  0.93143736193803373
  0.94033285833690494  0.95036165508471271  0.96010032914162724  0.96925223393587590
  0.97767088312644235  0.98522413269505205  0.99272161006344628  1.00000000000000000
  0.00000490668969593  0.00000506318961532  0.00000518753657830  0.00000532108671677
  0.00000545553466244  0.00000558852773742  0.00000571933694545  0.00000586604883167
  0.00000602229917705  0.00000617510187739  0.00000632058941289  0.00000645689587374
  0.00000659179249444  0.00000673040279016  0.00000686766393874  0.00000700544663510
  0.00000714999877237  0.00000730193610545  0.00000746316059781  0.00000763822720996
  0.00000780869796497  0.00000797754336091  0.00000815822972746  0.00000834412422336
  0.00000852045734269  0.00000869075190918  0.00000887113839549  0.00000905065359541
  0.00000922903428801  0.00000942180305932  0.00000962870844498  0.00000983158545624
  0.00001006378377718  0.00001039956577698  0.00001074343859588  0.00001109643970281
  0.00001144431609497  0.00001181390047936  0.00001219412086069  0.00001252634383709
  0.00001283386008267  0.00001318959141086  0.00001355182141383  0.00001388552124282
  0.00001421079436809  0.00001453455882470  0.00001486144896562  0.00001519508943948
  0.00001553769738994  0.00001589871896796  0.00001628892433103  0.00001677550575236
  0.00001727139759083  0.00001777337375444  0.00001830209535264  0.00001885436117431
  0.00001942436772447  0.00002000449060348  0.00002059341458653  0.00002123017089568
  0.00002193014754510  0.00002265848923871  0.00002343060281388  0.00002427098523117
  0.00002516087116999  0.00002610302590794  0.00002711668828334  0.00002821661018833
  0.00002941411079187  0.00003072541049731  0.00003217529548722  0.00003376093172032
  0.00003541964533571  0.00003720149692690  0.00003916841620787  0.00004134519670930
  0.00004386315745248  0.00004674059709926  0.00004994000115036  0.00005367787043546
  0.00005810667286724  0.00006330937905726  0.00006981903587567  0.00007830900615223
  0.00008987490183707  0.00010659754842594  0.00012888948487866  0.00016044271993108
  0.00020717035959146  0.00028081943572361  0.00041940586409184  0.00067654615185417
  0.00137032328368610  0.00498137577225837  0.13215030830125610  1.00000000000000000
  0.00000316552808487  0.00000423410923379  0.00000484540534284  0.00000532929364089
  0.00000574053658002  0.00000615432438394  0.00000656569954098  0.00000697124220625
  0.00000739617403338  0.00000784240122974  0.00000829314088669  0.00000872394562275
  0.00000915119664548  0.00000956118797133  0.00000998135067718  0.00001041065977837
  0.00001086989312299  0.00001137461478680  0.00001190473700680  0.00001244964027076
  0.00001302119108543  0.00001360058893713  0.00001417754333516  0.00001476936288084
  0.00001535591129281  0.00001594747128072  0.00001654882175273  0.00001716770362410
  0.00001778666345113  0.00001841962282991  0.00001910191741804  0.00001984216230949
  0.00002061503654779  0.00002138189550551  0.00002210183197867  0.00002283675383885
  0.00002361022629810  0.00002442641052734  0.00002529848622408  0.00002619218490338
  0.00002706068384163  0.00002795288535286  0.00002888757480272  0.00002982973632212
  0.00003084225976236  0.00003192953201080  0.00003307254904901  0.00003423565116885
  0.00003543710261753  0.00003675190296325  0.00003813145368141  0.00003954053392555
  0.00004104515984780  0.00004262636447947  0.00004427587561148  0.00004600690152543
  0.00004803328876055  0.00005015779027008  0.00005249838966250  0.00005492648167604
  0.00005740636754746  0.00006003365148252  0.00006285016650261  0.00006586220490609
  0.00006940187206105  0.00007384808324172  0.00007878853794847  0.00008425146417671
  0.00009035510114408  0.00009715374670581  0.00010443627864081  0.00011176792172379
  0.00012039941585198  0.00012983706316060  0.00014031917359705  0.00015220722327979
  0.00016515448187307  0.00017890612069017  0.00019442143347611  0.00021233785457667
  0.00023437140529669  0.00026008317580896  0.00028948188697034  0.00032340196338804
  0.00036399710510336  0.00041717238335035  0.00048851200906265  0.00058228016360428
  0.00070803631719269  0.00089436293913039  0.00120431493252742  0.00183204895085521
  0.00327679225518650  0.00853315923703821  0.07352727757662238  1.00000000000000000
 -0.00216029115339212  0.00771575826819128  0.01631274577723331  0.02508864420404130
  0.03398387489278579  0.04247794086982687  0.05100725413623562  0.05996196741725470
  0.06939409738592885  0.07886557381890977  0.08792631989939911  0.09671071291328517
  0.10578259263332335  0.11555050375343817  0.12570823489716501  0.13576172073778739
  0.14582608174377421  0.15627958169258960  0.16683222398297312  0.17694363761385526
  0.18658740533453363  0.19623139453471111  0.20613961977652742  0.21641088372670544
  0.22708451561732165  0.23836286574401622  0.25034598720297380  0.26253818168107157
  0.27444250631130329  0.28610165302512969  0.29781918636439553  0.31004245013847548
  0.32280588495201390  0.33566746196618547  0.34840257866676666  0.36119280444516660
  0.37455222410907490  0.38833315805424362  0.40228915645883179  0.41620444883228541
  0.42996990585793099  0.44381393436610350  0.45728953568521852  0.46986330958716471
  0.48204679616689866  0.49409951570190930  0.50588094101769743  0.51762289433823250
  0.53026163982501062  0.54331299574457292  0.55613266700157704  0.56879483570125522
  0.58137946058905343  0.59410987720260899  0.60732700075613111  0.62064461338923138
  0.63327595482187038  0.64528328075093799  0.65669703929660672  0.66818267021554245
  0.67925126352045129  0.69066498834304391  0.70235481415655510  0.71344816182863957
  0.72395435335927460  0.73471647281666197  0.74593798211903539  0.75669446446119182
  0.76664011332095094  0.77655917488777659  0.78652864879611928  0.79619458585958147
  0.80529709807674321  0.81467373238744656  0.82466366580886219  0.83459144362119186
  0.84397053002702549  0.85307321589883633  0.86187679906202841  0.87131963261607126
  0.88064300060441369  0.88900826838357738  0.89751968290907014  0.90624121164127081
  0.91490569348962858  0.92330419447752654  0.93143482501343788  0.93970066583570100
  0.94862209037726164  0.95733211662792983  0.96519908432756374  0.97288568857893409
  0.97995683035536674  0.98688921389662942  0.99340789256012707  1.00000000000000000
 -0.00203052085019703  0.00826781145602641  0.01763111501511455  0.02758084126243502
  0.03731344761275680  0.04691084408037512  0.05677898341792035  0.06617857698980918
  0.07420944362169578  0.08178102868041724  0.08961158121191272  0.09783296462582552
  0.10634482933174558  0.11536391941864077  0.12407095504565101  0.13545826713704756
  0.14674186661235983  0.15743180726771352  0.16762752596714633  0.17791030348941766
  0.18852867745510540  0.19953721888551240  0.21065478781663227  0.22155047649167853
  0.23230956099348746  0.24330698865425981  0.25469070741887251  0.26633598864080332
  0.27810955339708338  0.28973701071991553  0.30127558235470203  0.31299099538356329
  0.32362141143482920  0.33413984051191054  0.34433066246791233  0.35501488431713918
  0.36590149929026716  0.37655338774611169  0.38941088105209615  0.40041666647730928
  0.41166764743500139  0.42249918667101333  0.43360154505726373  0.44447420118777337
  0.45462488099599091  0.46545646198929591  0.47597844652802618  0.48644218466584332
  0.49688769791783521  0.50790123230167405  0.51865181593692844  0.52928960350906129
  0.53918803052760744  0.54904195965109148  0.55896287926279375  0.56947239927795623
  0.58040343022823448  0.59057354482173452  0.60051830931732852  0.61075286923710026
  0.62166314404055956  0.63266234951288025  0.64347737202345379  0.65412928466638287
  0.66480068942974646  0.67561712286797493  0.68664273373483831  0.69696083202309311
  0.70654901888761767  0.71638156954541521  0.72650828422666713  0.73703752999239924
  0.74807769632934606  0.75972466946026662  0.77210239222079935  0.78333522154889013
  0.79420594402679123  0.80500989715170868  0.81537395329463835  0.82537547898385577
  0.83531999788048727  0.84617864195247106  0.85746026749841953  0.86903420792390385
  0.88143072520542898  0.89328576777594970  0.90487006034785944  0.91611472307720587
  0.92730565168294854  0.93834160411872503  0.94898146143538931  0.95962479203367124
  0.96976378644261285  0.97978838559519110  0.98947904084830329  1.00000000000000000
 -0.00276846745963860  0.00997856258419011  0.02072862975378929  0.03204908149833852
  0.04305987864809264  0.05449990491841173  0.06564359290047717  0.07735412421983941
  0.08944903370651723  0.10167045337581736  0.11317257474165703  0.12427977505569206
  0.13599618785050130  0.14721404116626796  0.15737591132536644  0.16715699498622846
  0.17658165917462088  0.18578750101254166  0.19476608533617318  0.20391507148613619
  0.21432230587735143  0.22583498143160988  0.23706636634903100  0.24838801283050083
  0.26043420033669201  0.27279994768227112  0.28469606460020380  0.29585873714899991
  0.30659962756020487  0.31677602914666142  0.32607999054647963  0.33621531797010334
  0.34652254803812615  0.35711490557205250  0.36762483759919490  0.37818805427692243
  0.38887383892231941  0.39985434848843043  0.41109560739912365  0.42237476067615304
  0.43351089270039572  0.44448976359848785  0.45537851067672352  0.46619137347827977
  0.47683367618759137  0.48782759861813696  0.49871150083931970  0.50913157387271157
  0.51901238398869021  0.52923452263430837  0.53958381333598493  0.55000608613423985
  0.56086789576517093  0.57323155424949457  0.58573917801744402  0.59688042289122989
  0.60721843921951046  0.61750532220310039  0.62818834622023456  0.63817724613865467
  0.64723329094537774  0.65671557109893441  0.66659846212438711  0.67679067592434716
  0.68670516692205374  0.69573143619675304  0.70509012230436419  0.71455974578737913
  0.72369173865853698  0.73228601676585781  0.74004514842878655  0.74747133189215087
  0.75648696735922183  0.76679837513143301  0.77703851227924603  0.78715303858919616
  0.79748381706904947  0.80871686787224040  0.81980174103816128  0.83049977809893616
  0.84132441071257935  0.85225951889659746  0.86304450004483824  0.87281623992406476
  0.88237185382089700  0.89167781516718758  0.90156327301853190  0.91201639926565725
  0.92296906660839717  0.93463638970878027  0.94595588427189725  0.95791111764593329
  0.96872283178896523  0.98018718575656982  0.99006098935438824  1.00000000000000000
 -0.00285650866536616  0.01056000040287372  0.02195010546081964  0.03265018929193243
  0.04317116842958425  0.05395367221231484  0.06473192400802111  0.07501571683619356
  0.08463291535227617  0.09434116748528869  0.10424736492589311  0.11481535662497896
  0.12546658528855442  0.13656106890270289  0.14729076525664039  0.15764144762097421
  0.16810367906140786  0.17873839809695405  0.18932140849347917  0.19841342795875888
  0.20788339859803251  0.21660558008305789  0.22503014311135291  0.23385023800342356
  0.24301897803759975  0.25247304024329936  0.26291534441946418  0.27378948109312923
  0.28405910211686691  0.29380703680041875  0.30309497863525758  0.31207053438258142
  0.32113967319682662  0.33067912432903446  0.34108406607583786  0.35145298305606193
  0.36178756192496214  0.37267056095036127  0.38432773290875849  0.39604940424654639
  0.40697944011576875  0.41765198373053769  0.42872079370303900  0.44023356768537153
  0.45170516322353577  0.46286562904882539  0.47379914776142418  0.48469125413006231
  0.49558287375605331  0.50639681977720452  0.51740951048159145  0.52867961612370706
  0.53990523906115651  0.55097858482644413  0.56147509497971904  0.57193271188639672
  0.58261452969806615  0.59386374857784130  0.60540383517528007  0.61667558661609223
  0.62803667284366749  0.63974572370855654  0.65159473374874455  0.66341169549360102
  0.67543251556000106  0.68714335056742937  0.69779712895639889  0.70791345519019988
  0.71785904702202985  0.72788465782918987  0.73774238238878309  0.74780391886382047
  0.75826931160452060  0.76890092945383670  0.77959173095560585  0.79030023088805490
  0.80091987589998037  0.81158830944649785  0.82247746404760558  0.83271695991640049
  0.84298479414360972  0.85356625259251229  0.86432211392940339  0.87535117355284120
  0.88619254094419497  0.89663484709255692  0.90672043106371270  0.91657640270518603
  0.92700552596157948  0.93760475035754676  0.94830639169965691  0.95866036832230905
  0.96898436700260060  0.97928858749532899  0.98981532201242761  1.00000000000000000
 -0.00175599824013257  0.00615470485428788  0.01403984074246697  0.02208896483457631
  0.03042150355863393  0.03895853339635810  0.04723666393163507  0.05542552052220832
  0.06404444376776962  0.07319801524058113  0.08240280945307527  0.09133528272499654
  0.10052104861763400  0.11046224278973976  0.12093712215943495  0.13130639912138614
  0.14124648225303582  0.15125066395362372  0.16142383548584577  0.17176934114821693
  0.18169567754683913  0.19112919880370732  0.20025625860371463  0.20896212594164640
  0.21719687053625961  0.22548644059731063  0.23430241231871052  0.24370464404616651
  0.25329249897708261  0.26219305568992252  0.27168113378944952  0.28241073801905547
  0.29270316904489907  0.30301024137561183  0.31390524498765010  0.32695938217205578
  0.33937227560870281  0.35155111766649333  0.36357505892031666  0.37599965129980384
  0.38853605542099096  0.40126421918406091  0.41449176964935780  0.42815404120737727
  0.44204296426833750  0.45625844019892814  0.46963007752038394  0.48310747101497337
  0.49661955102147759  0.51131147064013460  0.52639122884447831  0.54064795379154851
  0.55296496757823255  0.56443632026524881  0.57570150879322068  0.58710630149095677
  0.59897980859068434  0.61186481037665874  0.62568354437316265  0.63953368068940741
  0.65282199689845544  0.66516192866432655  0.67644208954900353  0.68725836967136167
  0.69821582420937200  0.70944742039948350  0.72075146899061227  0.73210526899348616
  0.74355944052207712  0.75527453823525170  0.76683073888596220  0.77754250000586023
  0.78764076390690330  0.79715088440503767  0.80671418548452190  0.81643613802032644
  0.82645953057330834  0.83707562306808070  0.84790565111901728  0.85905279425258596
  0.86948302317192849  0.87938251007233126  0.88924204755011338  0.89931501668831382
  0.90963529989398639  0.91990459077747100  0.92967794546907856  0.93892958078131927
  0.94805242239865040  0.95713103283417833  0.96580737865878696  0.97311683001943960
  0.97982245446343974  0.98653525993136870  0.99308505039203476  1.00000000000000000
 -0.00247639021112034  0.00948819591378448  0.02056090068114077  0.03145322091016505
  0.04233692203694969  0.05302154093890130  0.06307806116009536  0.07211970278293195
  0.08031290310619299  0.08845612451674532  0.09664939337617171  0.10525911210890632
  0.11399602828787445  0.12251781556856191  0.13239430970364224  0.14229122634979230
  0.15213280288757774  0.16196028881278035  0.17276625390820616  0.18410737489250575
  0.19519357581489039  0.20568553330323613  0.21542055754834322  0.22497266326676232
  0.23479947090644335  0.24525143367593347  0.25533714790751183  0.26549628866886565
  0.27553974116604046  0.28573287718450036  0.29566134642892861  0.30542168567719247
  0.31501816866892979  0.32465070248210814  0.33436359992655929  0.34443020850552625
  0.35455329538348951  0.36472817828213072  0.37509326039889251  0.38505494674444146
  0.39487684168983334  0.40481112431195709  0.41500142466175033  0.42548189429636130
  0.43567294482495295  0.44566870881858506  0.45596043974274003  0.46691278984925805
  0.47788488353545905  0.48821195303971110  0.49833648684817966  0.50868605440965786
  0.51987612243767978  0.53133010528243729  0.54353049926222707  0.55541855735972057
  0.56727397246071032  0.57896908108517697  0.59057238808966550  0.60206071833562014
  0.61332681455199289  0.62467464600021350  0.63625681306029902  0.64826769524138428
  0.66062983037253420  0.67294806303389265  0.68489224759929446  0.69635106653360135
  0.70721575307347384  0.71770450958679999  0.72821148910634348  0.73851460189094920
  0.74903845623532805  0.75956872102947637  0.76980714361338876  0.78000322967341096
  0.79019680505390266  0.80073167918023036  0.81155518097458512  0.82246061899105327
  0.83355128935613476  0.84477239499939560  0.85612094591162258  0.86756681602898233
  0.87897419319102299  0.89043638023773986  0.90198620736784008  0.91287088706275932
  0.92345487819576655  0.93393797831537950  0.94448774468315755  0.95512854311159889
  0.96585291717828614  0.97730484764621273  0.98836733492545092  1.00000000000000000
 -0.00254862826691075  0.00911628344428987  0.01996047785685454  0.03109815487800325
  0.04288257585003988  0.05472255746634280  0.06659487528931091  0.07796847014374569
  0.08872846961193764  0.09932230202530652  0.11044506085154396  0.12127685086840831
  0.13143805057551661  0.14151727767104649  0.15218130469409344  0.16336741241906225
  0.17478728515918920  0.18623938353899788  0.19755258879474505  0.20834010631946631
  0.21868712286292186  0.22913645074555450  0.23949725131331251  0.24956720082036110
  0.25891384417445906  0.26812111774493363  0.27744072753806709  0.28682999627247546
  0.29591567585842526  0.30558001443223476  0.31568358252165685  0.32718106278030568
  0.33867381519502765  0.34976902587653497  0.36019012085115898  0.36988376294379688
  0.37953278854334899  0.38918689070853646  0.39879778352916567  0.40812841596970412
  0.41733684017965827  0.42680586549416805  0.43691456494635966  0.44704332936531194
  0.45704983894377638  0.46701878973310584  0.47763371969733937  0.48906131504819417
  0.50026346773730668  0.50980722031606840  0.51880857812521564  0.52805776542616611
  0.53773447507353700  0.54762160019349615  0.55720685498212574  0.56713580502516769
  0.57848095202703020  0.58978677972808502  0.60076961177975352  0.61224998096884897
  0.62258231792918850  0.63265963868298647  0.64233252461493062  0.65325279350758980
  0.66483939105490375  0.67583604058219515  0.68673914532533398  0.69742656924257418
  0.70922588479565962  0.71899844630934273  0.72902586131915248  0.73902796504387569
  0.74915779009522754  0.76007270969336405  0.77115755255350704  0.78265888648721804
  0.79358006475339660  0.80446518183511506  0.81555170431464219  0.82717943076713063
  0.83873111559400848  0.85081168270627383  0.86200841664128536  0.87345693855059114
  0.88398209952483420  0.89491466918273832  0.90612465972828737  0.91735827702840533
  0.92796829260042657  0.93805692651655281  0.94802924574684111  0.95823966015954232
  0.96863217142397484  0.97901307676108917  0.98954447540421975  1.00000000000000000
  0.00010699085955134  0.00026874379607218  0.00044144574805672  0.00064780182072287
  0.00082193180515839  0.00096460227613565  0.00111427952771244  0.00126578995356178
  0.00140721188209002  0.00155372987415654  0.00170526441911356  0.00186545618337343
  0.00202972184978884  0.00219791734030983  0.00237108665561333  0.00254825501396004
  0.00272952247656101  0.00291584754310551  0.00311120159131683  0.00331338973776045
  0.00352268967635411  0.00374060990154527  0.00396889242583558  0.00420730327776033
  0.00444792589111066  0.00469176580405340  0.00493895975917665  0.00518917526292610
  0.00544276257318957  0.00570466839724199  0.00597718863342050  0.00626203955440925
  0.00655445531899315  0.00685008103605764  0.00715625431027752  0.00748993139621851
  0.00783775486851978  0.00819853453600441  0.00857884421780467  0.00896693145845940
  0.00937165326835229  0.00978747808777715  0.01020913864494871  0.01063540865547331
  0.01107742059489064  0.01154432759304188  0.01202771724097684  0.01252156368209224
  0.01302871192539541  0.01354620164695988  0.01408505497127292  0.01465919873353591
  0.01524911387231289  0.01585652644779587  0.01646749118398088  0.01709033167290811
  0.01771260876843801  0.01833266706248268  0.01894676126396677  0.01957730888640098
  0.02019686820985843  0.02083628831937152  0.02159726885148351  0.02243380196971112
  0.02333402874883268  0.02434358699490003  0.02537482559617081  0.02635616526373753
  0.02745341643138351  0.02887851599668750  0.03048394355744375  0.03204530257616821
  0.03350848974221919  0.03469915069171510  0.03588191386913103  0.03726646612527983
  0.03921006986563447  0.04107385062521566  0.04271913443393951  0.04432933592046549
  0.04608509074823232  0.04833971646820579  0.05122435322105345  0.05427323029628235
  0.05698284961681261  0.06037723073396059  0.06478089811593446  0.07030861124896264
  0.07666443410477454  0.08275733609212664  0.08906646207609313  0.09747397037471356
  0.12017954498771895  0.19701891613662872  0.43918760266638002  1.00000000000000000
 -0.00272426114673695  0.00963429574056727  0.02048160566792228  0.03181030634627816
  0.04311270750961833  0.05462538988727034  0.06583132286897639  0.07662525133872826
  0.08730140232196962  0.09796750149509105  0.10883141455849311  0.11980459861094368
  0.13058045010832828  0.14101686472442032  0.15086932487495069  0.16064231937572460
  0.17033107885744292  0.17962816849838673  0.18886050061132717  0.19812986942616234
  0.20729366303230212  0.21659478310297842  0.22640770467192825  0.23669195379761207
  0.24726566051630289  0.25788322293606747  0.26870890188597168  0.27965393337425770
  0.29069572788770964  0.30186571785067540  0.31322989427794828  0.32497402538918252
  0.33678138884553654  0.34828907141871496  0.36028679976214600  0.37234843434221621
  0.38395864216343012  0.39479230044574504  0.40565585415971855  0.41694716521337993
  0.42821312319785887  0.43994279022102029  0.45241497174402173  0.46504903258252389
  0.47651813295673612  0.48752439093715116  0.49847210544279880  0.50946441202762105
  0.52009053409338424  0.53076754213274613  0.54194132888376401  0.55362594570075829
  0.56472184787806368  0.57569909609721348  0.58699461111784990  0.59851100989686323
  0.60935035154818018  0.61926190760516864  0.62861746825303089  0.63806670949387856
  0.64797662552851287  0.65814375848566808  0.66858344570555406  0.67939841205503637
  0.69041230722665559  0.70104061930929396  0.71183334905886553  0.72253779931580764
  0.73308798354642091  0.74344682438377518  0.75331871851886989  0.76324174927713972
  0.77318721089080200  0.78305373670781009  0.79212651712019233  0.79987343979131209
  0.80798608271841055  0.81621619240281906  0.82487107885586786  0.83374951709834277
  0.84283696009675713  0.85179089480093761  0.86220076430822290  0.87304252098934654
  0.88370317012157396  0.89418386353742074  0.90506419808249328  0.91635154696979815
  0.92736651070507536  0.93824678864950306  0.94857837837215331  0.95913094467235249
  0.96907535478151974  0.97889972702420203  0.98921639089052571  1.00000000000000000
  0.07928335722524919  0.57155644113353399  0.64263439383915921  0.68295144224629001
  0.71243455662474831  0.73553624295583031  0.75398876144282634  0.76903591427200413
  0.78160622057832341  0.79281732830978791  0.80315878108881456  0.81284707876532825
  0.82138861403873675  0.82902715629695756  0.83599298821843271  0.84243762755225027
  0.84854974384923465  0.85415089737397054  0.85927340680230335  0.86407032978836307
  0.86865208490388468  0.87307530619945883  0.87736370307787126  0.88143735647548682
  0.88544397480923598  0.88920760253746411  0.89275445238282081  0.89613611344724786
  0.89926419805647617  0.90230438765091547  0.90531676654726234  0.90825979592561945
  0.91112061154613311  0.91389939236419160  0.91666064670438707  0.91936126542976648
  0.92203052125364748  0.92448639610940342  0.92674339099992731  0.92889758088467267
  0.93099041682963568  0.93304721082118647  0.93506387907690480  0.93699953430002425
  0.93882632739334582  0.94056460482962900  0.94222905444593741  0.94385647321907895
  0.94545494384683715  0.94699997840971828  0.94853799532948735  0.94998442321565602
  0.95145276879199780  0.95291766408060097  0.95436809180688975  0.95583156432865191
  0.95725785908670391  0.95865027481782394  0.96002152792583439  0.96139695140037695
  0.96273058487477814  0.96400693665368353  0.96524194529559915  0.96642990350265556
  0.96755062022887139  0.96868425247014578  0.96978622051085184  0.97086678207666355
  0.97193168343681746  0.97303585691716765  0.97416568817725124  0.97527236413295593
  0.97638264120161045  0.97742677594157978  0.97845031289179007  0.97941010035801179
  0.98032504288027023  0.98123724508348031  0.98216104621310041  0.98307350298548801
  0.98396127194185923  0.98481438119299691  0.98567298447330609  0.98655700889710352
  0.98746352203860455  0.98836389742570419  0.98929087020523732  0.99023267244704505
  0.99117057859797730  0.99211510937528924  0.99307217743410359  0.99406171045242020
  0.99510597325555672  0.99627989530699612  0.99785019313730261  1.00000000000000000
 -0.02148271650700301  0.10677113748957298  0.14516986711775715  0.16965777597660744
  0.18735212904102619  0.20153812158370560  0.21407317730168049  0.22566706113807677
  0.23628645762119757  0.24616825720835103  0.25575708057951807  0.26475230190197208
  0.27359488420049655  0.28241839201595792  0.29117374423046943  0.29976344545745115
  0.30804091960354690  0.31579912422159417  0.32342968756282509  0.33094453792103184
  0.33809338948174711  0.34463491893984516  0.35104116359897836  0.35759896370148803
  0.36449801219349032  0.37140642406010627  0.37804080585910510  0.38447909872936481
  0.39069445579966489  0.39685669495639464  0.40288888392204719  0.40890713650428723
  0.41488827974973569  0.42079828554268783  0.42709330395753570  0.43353480698288832
  0.44012626788590836  0.44695800248475803  0.45366250440945421  0.46008129740517029
  0.46596725137331463  0.47183327337522407  0.47771797927949000  0.48302584941079613
  0.48809689889570212  0.49312581380112475  0.49795221741105067  0.50261694112441779
  0.50719324846748803  0.51181628684311298  0.51643562495530870  0.52100859856490489
  0.52561681944877581  0.53021634096536496  0.53496297679161497  0.53955797184896337
  0.54470760021218290  0.55016971430644779  0.55561609615441132  0.56118641447435502
  0.56698021375675589  0.57310592631420965  0.57938627788940511  0.58569279782870676
  0.59209018398258140  0.59847231598769302  0.60477406475529660  0.61095771521289388
  0.61703050781061264  0.62296720505178216  0.62884319376060560  0.63440912825191953
  0.64018901635855696  0.64643994469224053  0.65302308378302543  0.65977102228213558
  0.66643720041067556  0.67301800169323611  0.67974516829921383  0.68702766273302585
  0.69507488245254356  0.70348426001884301  0.71163948101110397  0.71982490200239269
  0.72805326842605189  0.73792029021628847  0.74799055655668911  0.75850660809864401
  0.76988882092134958  0.78269451475048302  0.79647455536837675  0.81186252715961371
  0.83059945485966569  0.85377309083222819  0.89051476129487150  1.00000000000000000
   1.5711875845026140E-012  -1.0000000000000000     
 F F F F F F F F F F F F F F F F F F F F F F F F F F F F F F F F F F F F F F F F F F F F F F F F F F F F F F F F F F F F F F F F F F F F F F F F F F F F F F F F F F F F F F F F F F F F F F F F F F F F F F F F F F F F F F F F F F F F F F F F F F F F F F F F F F F F F F F F F F F F F F F F F F F F F F F F F F F F F F F F F F F F F F F F F F F F F F F F F F F F F F F F F F F F F F F F F F F F F F F F F F F F F F F F F F F F F F F F F F F F F F F F F F F F F F F F F F F F F F F F F F F F F F F F F F F F F F F F F F F F F F F F F F F F F F F F F F F F F F F F F F F F F F F F F F F F F F F F F F F F F F F F F F F F F F F F F F F F F F F F F F F F F F F F F F F F F F F F F F F F F F F F F F F F F F F F F F F F F F F F F F F F F F F F F F F F F F F F F F F F F F F F F F F F F F F F F F F F F F F F F F F F F F F F F F F F F F F F F F F F F F F F F F F F F F F F F F F F F F F F F F F F F F F F F F F F F F F F F F F F F F F F F F F F F F F F F F F F F F F F F F F F F F F F F F F F F F F F F F F F F F F F F F F F F F F F
  <DiscreteSampler_grid>
  grouped_processes
  1 # 1 for a reference and 2 for a running grid.
  10 # Attribute 'min_bin_probing_points' of the grid.
  1 # Attribute 'grid_mode' of the grid. 1=='default',2=='initialization'
  0.0000000000000000 # Attribute 'small_contrib_threshold' of the grid.
  0.5000000000000000 # Attribute 'damping_power' of the grid.
 # binID   n_entries weight   weight_sqr   abs_weight
    10   10   5.754999565082766E-001   9.851029854283073E-001   5.754999565082766E-001
    16   10   5.796283792860837E-001   1.006102234139704E+000   5.796283792860837E-001
  </DiscreteSampler_grid>
