  0.00203399983357786  0.01715244467984264  0.03179484618711687  0.04555639874587819
  0.05784099260192087  0.07057424196201430  0.08268388147085470  0.09541509327916718
  0.10781312272948908  0.11949842153670993  0.13124213342769547  0.14310967117878232
  0.15588424436652673  0.16780509300435004  0.17827286873007003  0.18849572549382454
  0.19872550850135598  0.20852464823248140  0.21837219405606903  0.22904489325465108
  0.24072787003410459  0.25220959839158491  0.26328405824553935  0.27571028877325160
  0.28793828387468196  0.29980160644845577  0.31049809184902882  0.32054054844592866
  0.33039772221933361  0.34058797848251515  0.35104022584156430  0.36130711132794702
  0.37177218898819359  0.38269457670664425  0.39389607326193982  0.40496980210385136
  0.41581468872965299  0.42692357817567084  0.43815073669875182  0.44877790610968010
  0.45853742790403856  0.46786629244210615  0.47756858755804538  0.48774836410848493
  0.49783510609468268  0.50772666921741649  0.51750998752778588  0.52740577324694027
  0.53764215145086125  0.54852072264110963  0.55958067148972424  0.57035815666585910
  0.58054881835911243  0.59032799206481779  0.59999440140781624  0.60970632572108185
  0.61916811410655492  0.62858168043886853  0.63845400606482650  0.64901602490191235
  0.66046941902863654  0.67149944725932531  0.68205703987939770  0.69225173190920997
  0.70118000077904463  0.71009994763384643  0.71891573282940346  0.72713473176170051
  0.73539390111758585  0.74392786614992201  0.75354534238930593  0.76390931604694023
  0.77423320173393895  0.78440426149745435  0.79460515847619695  0.80490627348646737
  0.81515304752274020  0.82477081569356392  0.83418656332289709  0.84383520540706314
  0.85421163423854229  0.86528214778183643  0.87671403439901496  0.88830139976398370
  0.89963548625676326  0.91033248182848514  0.92080428792420643  0.93125585078733886
  0.94209549933623427  0.95322096478427998  0.96348781401217409  0.97242299133911603
  0.97992915402777514  0.98660060204008904  0.99232663803865540  1.00000000000000000
  0.00930156589682147  0.01643413929791362  0.02612587634410395  0.03568523280974612
  0.04580102843126228  0.05719333465635575  0.06968125929081401  0.08276295116999978
  0.09414574093696426  0.10455682601107204  0.11421823920206735  0.12360972096639214
  0.13254516531713853  0.14215262922874380  0.15241365998378445  0.16271995722182322
  0.17257316561627711  0.18252633874070151  0.19316596902231414  0.20450961675950113
  0.21570451505540414  0.22633719889900905  0.23661684783934558  0.24701388913422376
  0.25821668418032939  0.26955460855715407  0.28067398076520750  0.29160499774961074
  0.30276007263509747  0.31402409104939666  0.32554955895597426  0.33698447780446728
  0.34836263058295036  0.35975172572622016  0.37094947592372407  0.38202358383788065
  0.39333402743528062  0.40485105876591609  0.41607725863742911  0.42662957349875824
  0.43731579745867427  0.44806038010690952  0.45914132417231257  0.47083119808871582
  0.48214210234346766  0.49307945676771847  0.50319431433699235  0.51222105052749634
  0.52133189141219960  0.53031512626576316  0.53966325659775705  0.54911231745778633
  0.55788729923251368  0.56726874322828025  0.57753102720741256  0.58786791225998414
  0.59913723229607596  0.60955997005346763  0.61921277982779888  0.62918131911282948
  0.63810889373290136  0.64708592202568915  0.65629307008363291  0.66558998638909972
  0.67524935468040315  0.68485806622530310  0.69587463143398431  0.70754869312335000
  0.71881586405780307  0.72957092161166415  0.74052826062797428  0.75149911490346133
  0.76280852032293001  0.77381373001044684  0.78384973838771832  0.79319009285156750
  0.80235711556556233  0.81213847777507586  0.82196489115797988  0.83190034717928052
  0.84268534086607771  0.85365452985488433  0.86387549649360851  0.87426942850628919
  0.88436838487237024  0.89419582082851412  0.90385760005562943  0.91311454030943262
  0.92217004034404970  0.93110876589407054  0.94068855581907929  0.95168502203323091
  0.96425902817517772  0.97664930098880343  0.98847396355853900  1.00000000000000000
  0.00092834289077203  0.02052811946688905  0.03694187259599163  0.04906468115105191
  0.05907291374889803  0.06880249168402633  0.07881777854939728  0.08963467718750620
  0.09983196675999792  0.11017273970728166  0.12141667068254142  0.13289951010774875
  0.14452648507431171  0.15596640125188066  0.16715807465187404  0.17815245021916509
  0.18873772074524958  0.19925106973569173  0.20982459670499690  0.22041832535997427
  0.23060410159933625  0.24043681197549358  0.25041599363840328  0.26057229597988624
  0.27113723634363324  0.28208568162912268  0.29310478459700440  0.30314974788651255
  0.31293092949384194  0.32291375911371017  0.33301230731381654  0.34266027557979561
  0.35221210117568102  0.36227704411719291  0.37252945441979868  0.38218233458354778
  0.39161178910949018  0.40251607711994586  0.41412404909223993  0.42640816183851987
  0.43804934276505014  0.44909519139003956  0.45953249137925944  0.46976447315578651
  0.48001361663354003  0.49045817100814781  0.50128422176912846  0.51275009736670285
  0.52476393363460627  0.53716984210679375  0.54925126352004805  0.56086039568207124
  0.57234582244954491  0.58333951269336093  0.59405629866402165  0.60407759678991824
  0.61361742547033582  0.62304046220896003  0.63302051130708503  0.64321599729102807
  0.65295491318491705  0.66222166114300096  0.67181972680409507  0.68139125284005997
  0.69034802710309096  0.69960996077133020  0.70993059309394468  0.72107114744130973
  0.73188432437098960  0.74218192273077999  0.75252822953473719  0.76329922953917229
  0.77438059914594115  0.78522904288004902  0.79559405334356137  0.80560990413407529
  0.81547904604847288  0.82524170964029064  0.83481848085768406  0.84507879864746427
  0.85562041100580433  0.86529466238407005  0.87467684882550356  0.88415219973766190
  0.89398564149070703  0.90360474026670046  0.91285194839044381  0.92255999086748575
  0.93277432652370029  0.94315919469317566  0.95330722751907970  0.96303416333811531
  0.97300552398000062  0.98233464037275842  0.99113183062660315  1.00000000000000000
  0.00000325669320819  0.00000358245276515  0.00000378568882335  0.00000390452771486
  0.00000406098203527  0.00000422296554526  0.00000438255236709  0.00000453592408473
  0.00000467460322678  0.00000481011834514  0.00000494683899662  0.00000509026536847
  0.00000526039190707  0.00000543647805060  0.00000561364112181  0.00000579296135657
  0.00000597433789069  0.00000616534909474  0.00000642283497869  0.00000667474181514
  0.00000692540271522  0.00000717187222785  0.00000740765359534  0.00000762330348046
  0.00000785798420058  0.00000810255594662  0.00000835787607622  0.00000860268991259
  0.00000883275621270  0.00000905466083717  0.00000927850585897  0.00000951304808784
  0.00000976047733781  0.00001001368492501  0.00001029388982350  0.00001061303796679
  0.00001094576219879  0.00001127439824640  0.00001158275068002  0.00001187110963244
  0.00001216111887718  0.00001247361352707  0.00001282785823044  0.00001318397648211
  0.00001356010990064  0.00001394056771829  0.00001433287495016  0.00001471927372014
  0.00001511577431795  0.00001552315880705  0.00001594361049719  0.00001637523607149
  0.00001682951910719  0.00001733798218385  0.00001784854319150  0.00001839005670931
  0.00001897765310476  0.00001959617249312  0.00002022119968108  0.00002087068946618
  0.00002158049958851  0.00002236952812200  0.00002319474795115  0.00002407005286987
  0.00002502748034448  0.00002608545016359  0.00002723136634428  0.00002853436592482
  0.00002993118427389  0.00003150867588451  0.00003326758371580  0.00003522022241073
  0.00003748548943629  0.00004006919291116  0.00004299983526764  0.00004635561376138
  0.00005030866846752  0.00005498951673287  0.00006078275615303  0.00006822168865696
  0.00007863834842600  0.00009397003050034  0.00011492859795255  0.00014417489760509
  0.00018788776127592  0.00026049549611660  0.00039227751264319  0.00062328552341450
  0.00109967809402159  0.00192751607705174  0.00370782387490454  0.00633054022602333
  0.01850870891856830  0.09156339060946070  0.71578674949159071  1.00000000000000000
  0.00000242676266697  0.00000308979147952  0.00000350377385456  0.00000390056805166
  0.00000430972219336  0.00000477603618148  0.00000529620403691  0.00000584838435502
  0.00000639932439454  0.00000694012216454  0.00000744611354166  0.00000792429425933
  0.00000840447913892  0.00000887036114575  0.00000934305939917  0.00000983538411952
  0.00001034424177889  0.00001089277917306  0.00001143169238280  0.00001194589803607
  0.00001252565071658  0.00001312452306725  0.00001372028907855  0.00001430908789512
  0.00001492929860025  0.00001553577738242  0.00001621903832212  0.00001695883687884
  0.00001774732417293  0.00001856558688700  0.00001941957200662  0.00002029082481783
  0.00002117776665628  0.00002211904745250  0.00002309329059809  0.00002406656639628
  0.00002501639896720  0.00002603768504938  0.00002708002440766  0.00002815694618263
  0.00002927329557656  0.00003040974633505  0.00003157533753434  0.00003278640654504
  0.00003403621301230  0.00003536801034027  0.00003685628994104  0.00003847594601926
  0.00004012478887377  0.00004194395215317  0.00004373673435080  0.00004572065137121
  0.00004797951618040  0.00005043317628085  0.00005301953099828  0.00005576672205289
  0.00005877273910012  0.00006206932700103  0.00006565941538977  0.00006984715975346
  0.00007489534521190  0.00008079952328299  0.00008753343834555  0.00009524049040403
  0.00010378874831125  0.00011356484073405  0.00012433725082638  0.00013616100498646
  0.00014927287677425  0.00016405540899738  0.00018099167245925  0.00020044561691140
  0.00022278655498139  0.00025035711994484  0.00028313674903749  0.00032449731380327
  0.00037397008019513  0.00043529535753991  0.00051575762898315  0.00061970863496670
  0.00074987429569580  0.00091385459230628  0.00113919804161493  0.00145864922682728
  0.00186442026717464  0.00238984621375918  0.00316569966013719  0.00412464050296647
  0.00524398381614458  0.00673658752319552  0.00891218350589930  0.01213173640690219
  0.01605467428026828  0.02156311833828904  0.30048482230812701  1.00000000000000000
 -0.00219895190857678  0.00728859264675749  0.01627697105098346  0.02529479301399750
  0.03417449944413035  0.04248058216965823  0.05054967657531097  0.05872974764836017
  0.06774138773637031  0.07706631461436035  0.08655051922921408  0.09624878087348188
  0.10659123998989233  0.11750574699498882  0.12771486495707488  0.13711811815385574
  0.14654183664308001  0.15600193551046240  0.16514800079042502  0.17397049799107142
  0.18277649298518556  0.19383154754783163  0.20553238223264175  0.21689880887711205
  0.22820457288157192  0.23967133099473406  0.25152209201280573  0.26333838523223652
  0.27506447124341071  0.28711994466296642  0.29992757674217585  0.31355300619274462
  0.32712105999077012  0.33959870727258912  0.35114487046912440  0.36236603220491004
  0.37393898468106351  0.38592932094128102  0.39830592398074993  0.41075018703535982
  0.42291726032297550  0.43516058127281954  0.44761294286966180  0.46000193982900661
  0.47204691319176884  0.48407665939925743  0.49604058800669842  0.50848569156156220
  0.52116714049672486  0.53321830560271899  0.54518824495669904  0.55716771536741250
  0.56863647663872907  0.57945720503748033  0.59064603135167582  0.60166545725871856
  0.61205950895810035  0.62236681399906468  0.63297125910870222  0.64295757382728780
  0.65294485551127002  0.66297646621256578  0.67368213173675695  0.68508081536504828
  0.69656552047760578  0.70803084562104224  0.72008383633153794  0.73221460534930705
  0.74416626228112459  0.75573740326399985  0.76693665746804229  0.77771951213622348
  0.78792516961544856  0.79781984820306595  0.80740275996566513  0.81691333753657003
  0.82650810330082802  0.83670708322529097  0.84697197141012037  0.85639984662477286
  0.86520415802705208  0.87402129285998764  0.88331325575091801  0.89292899827812744
  0.90209416831809108  0.91101232028743917  0.92031125010794257  0.92986804700533887
  0.93920798250625037  0.94791493745258204  0.95624527986320218  0.96471225550539119
  0.97366601650860685  0.98288219798600895  0.99140586827399968  1.00000000000000000
 -0.00261247208747988  0.00959857889760077  0.02052093509994973  0.03159317814468773
  0.04266368002657368  0.05283368406033624  0.06277260770392606  0.07281053259734888
  0.08386004572843629  0.09532763047636852  0.10773020286950928  0.11994046251566473
  0.13188632543095302  0.14341496867834305  0.15429721366261065  0.16481840688949545
  0.17526721410510090  0.18633851040601904  0.19772358384422112  0.20867617231011590
  0.21875226058020636  0.22866059785899095  0.23838717907483789  0.24792554935509378
  0.25748201878774529  0.26748692361842907  0.27881341366012163  0.29022947141202937
  0.30033341033564714  0.31046348667748580  0.32089741554808510  0.33115818963042337
  0.34094068645698189  0.35042941938561800  0.36008960809645157  0.37004228959539343
  0.38093703468813961  0.39303217888152620  0.40442000195619482  0.41545494431059327
  0.42650139032018336  0.43716147570843400  0.44646293890277650  0.45520935467255397
  0.46424588788763471  0.47413443101182601  0.48355313276963002  0.49268449759735522
  0.50194107222252515  0.51230947447761266  0.52282660495906608  0.53402429040376098
  0.54503289576695313  0.55553270823777345  0.56534115885661651  0.57501340271256784
  0.58486438393615048  0.59540214438203098  0.60625329512690040  0.61733334150482055
  0.62828173004475085  0.63937766077550473  0.65073381963517685  0.66263418972652732
  0.67367395117539097  0.68423089891854294  0.69424907266895042  0.70348471980352723
  0.71262823897064898  0.72146478513459356  0.73075827406122029  0.74042666842604610
  0.75003093509516894  0.76094409267553997  0.77291936307612630  0.78473698925230717
  0.79592114144528403  0.80669743958080264  0.81683270352706505  0.82688185902438927
  0.83714978479612479  0.84738417002656263  0.85765830628660722  0.86762817610830867
  0.87752535988611702  0.88798419425341546  0.89908906972580083  0.91033957229404616
  0.92102120375614382  0.93179945566707278  0.94319374222173724  0.95615254229405233
  0.96790842644966524  0.97887117546905622  0.98947107820656532  1.00000000000000000
 -0.00259854312173608  0.00912870260272950  0.01922977109222767  0.02886322542116997
  0.03871592491020386  0.04920971828913574  0.06018315245269439  0.07095854667769817
  0.08089418096350097  0.09138926613470968  0.10180589828465435  0.11247313855824982
  0.12293531265362331  0.13362680225481532  0.14456572727892977  0.15605062769087907
  0.16701922635544911  0.17743716814992022  0.18711162091235745  0.19588097527505030
  0.20603858532374891  0.21594312162530441  0.22578373803872995  0.23519641725947954
  0.24449817675904928  0.25451400976928951  0.26543662112062172  0.27657323949031043
  0.28740007246422733  0.29770904379666663  0.30797326119804203  0.31859165849046434
  0.32935578525816250  0.33970909124195076  0.35002456547928812  0.36129966440212480
  0.37316176723639805  0.38459213241034307  0.39537681764568849  0.40576328233993131
  0.41640480388442092  0.42743417045441784  0.43854905600525074  0.44909786014369790
  0.45960187774861366  0.47001052415729699  0.48095391872941134  0.49209700300544168
  0.50292500813475793  0.51387712098430349  0.52395085673488406  0.53489738841779522
  0.54559642967033428  0.55772517328408866  0.56895402078215784  0.58079814292865806
  0.59183357565792072  0.60249115491402483  0.61265515217083266  0.62300623205428507
  0.63378796375830915  0.64460277531433363  0.65501063600119902  0.66537063755265469
  0.67653104255488605  0.68796325980336670  0.69943173095648392  0.71061320378197945
  0.72131699557957119  0.73174371497404678  0.74212827444411889  0.75229816298387486
  0.76216457093472800  0.77208936388813421  0.78161314788078906  0.79121071421648159
  0.80104778004698074  0.81068383283089218  0.82005949434561443  0.82944781077121210
  0.83890897931433539  0.84896776208642311  0.85955962105106942  0.87040232164307918
  0.88111173858615588  0.89153219309080822  0.90255398740994053  0.91366736329814502
  0.92459708698205811  0.93504802777677853  0.94551613084700270  0.95634126797328978
  0.96694977102909485  0.97794259211861334  0.98857576112077783  1.00000000000000000
 -0.00269991224117903  0.01002274045856459  0.02198225185715248  0.03383821979539937
  0.04557268473127235  0.05711796548020408  0.06834643653717752  0.07936486010407923
  0.09079797976518131  0.10188912752335255  0.11228723604853423  0.12236812149429002
  0.13279603431211456  0.14370796713731440  0.15474663754774745  0.16604454907879837
  0.17711514985794191  0.18802275835816079  0.19923248811455838  0.20961216812082406
  0.21939264878666473  0.22910875057198188  0.23838131959624911  0.24771905191343704
  0.25685844422990461  0.26610506135416340  0.27620874292507164  0.28867198612096562
  0.30111874731372229  0.31273177512968636  0.32331206893089948  0.33373753801906858
  0.34456270577035419  0.35502090186880231  0.36511320705185180  0.37484706840619131
  0.38546956235127650  0.39616674130564516  0.40744706043160567  0.41887042445590089
  0.43076798483050582  0.44113686797487206  0.44982495028923436  0.45864828096371524
  0.46776269665866183  0.47751965872808805  0.48719944651560926  0.49643477215494786
  0.50623965011542071  0.51669351118311957  0.52739681726888998  0.53784830030142083
  0.54798293033685097  0.55799033273843823  0.56861624454299320  0.57969869488117998
  0.59042811576927723  0.60080208247630973  0.61125856747926377  0.62256089947607329
  0.63412186279064386  0.64618571967465621  0.65786412507656233  0.66880802414218421
  0.67928710660720470  0.68908740873260643  0.69911137706529480  0.70928434445131328
  0.72019699960176953  0.73063675644908321  0.74061662090941949  0.75095264979658150
  0.76114950780587731  0.77184367696327250  0.78147535193203777  0.79124293829629022
  0.80123036177745077  0.81214455465209079  0.82339340517605197  0.83417585413962747
  0.84445989582092096  0.85490999781788790  0.86626553514683502  0.87765123320578275
  0.88959428734743495  0.90070026062126496  0.91103804853592862  0.92122210975545415
  0.93089337894313007  0.94102557025052758  0.95024681604947991  0.95999537385271450
  0.97018358174272101  0.98024590718968740  0.99030418141083087  1.00000000000000000
 -0.00149332916772531  0.00596304260529759  0.01349324446697201  0.02138589877821927
  0.03013450008125648  0.03906437609233964  0.04786928306073245  0.05660553596714136
  0.06498956693775775  0.07304456465569605  0.08131375670862231  0.09018046762448051
  0.09918674944233050  0.10816644607960919  0.11751487553768594  0.12725918422700161
  0.13699943923593019  0.14691737864608292  0.15702397276831045  0.16741601686374341
  0.17824348381483232  0.18948061333295585  0.20110451778343427  0.21293855579478432
  0.22445168122521408  0.23479660078584341  0.24441304098657696  0.25406095419240948
  0.26371975257710506  0.27260799144675130  0.28122747400862469  0.29039052033909096
  0.30131471354892364  0.31317907091436098  0.32477550896430696  0.33613073892603518
  0.34837874183334649  0.36153080989957531  0.37527803050831682  0.38902320811368929
  0.40220021261990241  0.41493652363952033  0.42727551722646140  0.43978807908789314
  0.45272346616646736  0.46590309801890756  0.47887452293416116  0.49122290443738947
  0.50362434407816714  0.51667856027311754  0.52978757741218063  0.54289918181570651
  0.55623918462346056  0.56946897271768027  0.58242971620165396  0.59509885205436031
  0.60753191406462337  0.61976760911227291  0.63197231580597912  0.64372603740389900
  0.65563838389475548  0.66811909324808960  0.68051321724564617  0.69220206874716428
  0.70322144147838994  0.71428813048341033  0.72520538487331065  0.73568820049132022
  0.74541094340146197  0.75509469586147460  0.76564307016789523  0.77651409320086517
  0.78708453120319599  0.79752804874522165  0.80821338231755946  0.81859367295453234
  0.82855966409035620  0.83830062845181597  0.84777060216993039  0.85710312049761905
  0.86600215887878396  0.87478781182923171  0.88373260654535302  0.89282569166040060
  0.90214569668330657  0.91154642328101876  0.92066457110055500  0.92951493472963109
  0.93837377882039141  0.94714680406411478  0.95568054525860657  0.96402588487108998
  0.97241933995881069  0.98106451070008838  0.99040470011351556  1.00000000000000000
 -0.00242008625882866  0.00987556817787716  0.02024609255704317  0.03100316911620499
  0.04170941726214302  0.05273026059624523  0.06393311434971904  0.07490205130499487
  0.08681780288093886  0.09909301814302526  0.11096196200259019  0.12168955591720614
  0.13163464914769887  0.14132531629332556  0.15139915468667084  0.16160218852587424
  0.17121629848000391  0.18073029628937645  0.19049283532828051  0.20097584803595270
  0.21187615528575049  0.22366369204701309  0.23561984361200275  0.24635660851441338
  0.25717307469388434  0.26789612292453252  0.27720633382166421  0.28566740910051308
  0.29407434173181668  0.30193387247680381  0.30986287368791637  0.31886627560825198
  0.32871131805771986  0.33912439356928120  0.35026637049428860  0.36096756945125635
  0.37093584291696846  0.38050478583713537  0.38959811816278922  0.39900687330846063
  0.40877184966726454  0.41927161491602383  0.43007622688011249  0.44084414504510772
  0.45166392732170801  0.46290593907457833  0.47417201590038976  0.48562542036180495
  0.49732391371397960  0.50849113870898144  0.51878400378739742  0.52886566672373347
  0.53873393910853407  0.54794221351344663  0.55698876320709823  0.56660004698097954
  0.57702546651929076  0.58788099126639071  0.59892509475269440  0.61046780980882476
  0.62208702096225921  0.63371944045766837  0.64550554521701775  0.65722410154709543
  0.66887139972533405  0.68017339600410454  0.69154324693052394  0.70323561513363320
  0.71479640694942825  0.72644410397942361  0.73737727679205600  0.74761718758392470
  0.75761432872047574  0.76752491260570210  0.77730396089496900  0.78717004229532184
  0.79749075348881338  0.80826540798370416  0.81906606632352896  0.82972229415011245
  0.84060705686081116  0.85172566863752652  0.86286759196783780  0.87377751299714390
  0.88396285089763960  0.89428978234451262  0.90453673310446858  0.91478023765477046
  0.92538916781250480  0.93569647472858153  0.94614575865442208  0.95667904113478319
  0.96739655413250814  0.97812819688630026  0.98898783956921454  1.00000000000000000
 -0.00264072862723264  0.01026431082488685  0.02064024646450308  0.03118481729990511
  0.04171803766212309  0.05231445070085967  0.06313367973939961  0.07375481568045603
  0.08371619874641292  0.09348970319667615  0.10266029108292674  0.11195499164319900
  0.12138830031343903  0.13127834363415603  0.14130468823338815  0.15116444057023626
  0.16105327641354331  0.17163793603243344  0.18244665758050579  0.19265720577567810
  0.20211547279716482  0.21209076527369056  0.22332421307893122  0.23416145633661548
  0.24340568252118266  0.25328349382496557  0.26437874326923289  0.27553421604008665
  0.28572182349079539  0.29611951557433547  0.30723211406848056  0.31847650019892304
  0.32917609269925435  0.33943154500411893  0.34977211135098291  0.36039455359604167
  0.37157215275968730  0.38339741263075494  0.39480326026678886  0.40464199162465625
  0.41393141113434662  0.42378412847041624  0.43386480493405466  0.44383999892054121
  0.45322230308461009  0.46358039675609358  0.47553387864967034  0.48745308177151037
  0.49906631907385685  0.50993678285391408  0.52077672988787993  0.53086561361520412
  0.54080050367967347  0.55083261079083023  0.56178757994146600  0.57420162032601030
  0.58678187317603436  0.59891879353889077  0.61056826122157226  0.62196492760298971
  0.63335447038782788  0.64442281669348844  0.65546548075684996  0.66535803891766521
  0.67465657019233205  0.68373913636230998  0.69364934171066306  0.70436968431654667
  0.71544838356450025  0.72666077647711325  0.73812052772078518  0.74946565630534245
  0.76008860769430420  0.77009236129766978  0.78011001919472878  0.79025299117559189
  0.80066052938336008  0.81091446479588414  0.82125903371198050  0.83152959721680686
  0.84164183320820096  0.85197637840572438  0.86200066868626157  0.87168532364824092
  0.88134749164909676  0.89206851077538785  0.90290580126628928  0.91391776335143504
  0.92399810189145126  0.93384103997559587  0.94336770898525646  0.95297959534009780
  0.96346347853947600  0.97600272468472515  0.98787666585355338  1.00000000000000000
  0.00003498880191499  0.00039302774098469  0.00074014929827334  0.00103468009769875
  0.00130385316394301  0.00153903532352409  0.00178176747931306  0.00202960500654420
  0.00228444945264947  0.00254909171577617  0.00282799680414644  0.00311915158493462
  0.00341495313498380  0.00372449082462442  0.00404119404919626  0.00436625855916340
  0.00470383987185479  0.00506103049812953  0.00541984352445453  0.00578394983317841
  0.00616320996578405  0.00655962052379428  0.00697366939708551  0.00740984642768954
  0.00788421149603447  0.00834728587621913  0.00880594670745613  0.00927241811112911
  0.00976324839461037  0.01029135585113002  0.01084489039125401  0.01141402225559143
  0.01199008760800910  0.01255945605027093  0.01312775772391468  0.01369789777594540
  0.01427748735220339  0.01489293703828641  0.01552304329317943  0.01617065481124601
  0.01686730581540360  0.01759377034714263  0.01836366077507149  0.01915743445862580
  0.01997114461504468  0.02081047046651766  0.02166687185552856  0.02250627959134143
  0.02335828409464018  0.02426279789490622  0.02519720088809477  0.02613277088762542
  0.02701417333477087  0.02786898838173598  0.02871137772987470  0.02952672350036187
  0.03026735896290295  0.03108184965700149  0.03193964336362477  0.03303540669683851
  0.03425552126195933  0.03558528144453233  0.03674636712178151  0.03773420359353240
  0.03880547597156861  0.03988170049374308  0.04113087472876136  0.04258725476181215
  0.04404752229182710  0.04557935131369233  0.04669085916077479  0.04785446295056851
  0.04922023478654124  0.05060330956483951  0.05241187396839021  0.05443386667652597
  0.05676929145356643  0.05903567978050381  0.06137463075241215  0.06362668089916489
  0.06561323614695064  0.06777535112937302  0.07036038339733174  0.07322796982227371
  0.07590795803579764  0.07921388982471018  0.08253461354012896  0.08694217477375263
  0.09420160241004379  0.10439447855405480  0.11416326047450340  0.12693250366171646
  0.13978730516561655  0.17193049223079823  0.80965031819227362  1.00000000000000000
 -0.00248157335899357  0.00871917590714602  0.01771037053459918  0.02610550480809412
  0.03423930247132397  0.04223515266782358  0.05134533004068507  0.06006362591940004
  0.06874096940379473  0.07714251635733925  0.08599030563074460  0.09526773252700260
  0.10478773382091081  0.11466407082404698  0.12458712288076121  0.13442081490936389
  0.14388157034208202  0.15256538543504844  0.16066555084599490  0.16884023295690448
  0.17751726415238850  0.18700403858857670  0.19705926364745702  0.20798619197135904
  0.21966046207688203  0.23101496090737308  0.24197624210816268  0.25277608858028677
  0.26358290271020868  0.27442618505749750  0.28510687870165591  0.29634258872462432
  0.30766771517985575  0.31816095146242163  0.32796414078788050  0.33796405777981720
  0.34805816966223013  0.35846780168943426  0.36842991030827665  0.37924477168566129
  0.39113464310713342  0.40392357868156831  0.41669293427422915  0.42961404245499940
  0.44262671354348943  0.45664929695590528  0.47034238968014019  0.48491057832219420
  0.49979931380412518  0.51360297554021295  0.52752856255807123  0.54215176800795084
  0.55601567987297307  0.56997257755264952  0.58437075012669215  0.59891336869349676
  0.61259320665043360  0.62455442338799005  0.63514007287243690  0.64566187240561901
  0.65631491931743680  0.66677928751962168  0.67722831111206849  0.68751767153172882
  0.69841008694017837  0.70844728412142410  0.71933143329814586  0.72954652349252591
  0.74000750982584840  0.74998200018009065  0.76019068691766456  0.77009155425385623
  0.77994165128071902  0.78983546362862445  0.79983491475304735  0.80996802567804194
  0.82003813672720016  0.83041346069478839  0.84138585776582830  0.85241159757742446
  0.86272965454519401  0.87228163060260888  0.88154534249567729  0.89079215778798049
  0.90010244578708221  0.90960251244711554  0.91881619426785754  0.92767588934060208
  0.93663557809566511  0.94575062267098764  0.95505301180559532  0.96425439845448724
  0.97317600780124136  0.98225919479427815  0.99120080723727089  1.00000000000000000
  0.00431432598643298  0.57988842504427174  0.65460307637876847  0.69714711054578848
  0.72636125039158650  0.74860393682243243  0.76672953656713339  0.78129483270972999
  0.79386001031776232  0.80501567101469829  0.81493164512599459  0.82364202113945517
  0.83167783824320007  0.83899577357436006  0.84577037154458423  0.85215731498050906
  0.85788066863467305  0.86307121433196521  0.86802350637590830  0.87282841239350173
  0.87709743351484326  0.88102059935567489  0.88493539499607354  0.88863493007940531
  0.89210291331629976  0.89532877952663636  0.89839836076246193  0.90138320461778709
  0.90436996514453416  0.90731580343318463  0.91020050348013992  0.91305750736779656
  0.91578146020785112  0.91836001116334709  0.92089696893671313  0.92336960774935684
  0.92575464616869241  0.92804136498907086  0.93024723678011201  0.93245245296947210
  0.93456679023734635  0.93657532711560920  0.93847802032856587  0.94028225722382808
  0.94199796926656598  0.94369312745304024  0.94533921621831096  0.94692423949906546
  0.94850683024626259  0.95008212911640011  0.95156185184912145  0.95302503784962234
  0.95446489676399915  0.95586538688704781  0.95724391100177364  0.95854166374199279
  0.95979868636865528  0.96109510964261591  0.96240776017532137  0.96368617785805955
  0.96494787132238369  0.96621365972215645  0.96739681122839860  0.96852000484343248
  0.96959395005421956  0.97064787718631107  0.97169646823868383  0.97275513832353266
  0.97384744361345044  0.97496031825434315  0.97606159934875647  0.97716973103110871
  0.97826213508509852  0.97929983729624059  0.98025993694708613  0.98115941771688508
  0.98203128201031198  0.98288164165186864  0.98369492187487695  0.98448524683526439
  0.98528442329874089  0.98607468865297243  0.98685852284276399  0.98764359397966095
  0.98845662341035168  0.98925883222947741  0.99004225611411445  0.99082238927502020
  0.99161260620818426  0.99242142044120674  0.99326325370202018  0.99416141838991157
  0.99518038401969666  0.99631619339474964  0.99783821188970323  1.00000000000000000
 -0.02301768457822348  0.11030333081343623  0.14548137304751074  0.16874347259388975
  0.18749222792786144  0.20304781986255224  0.21687246952770683  0.22950708412968970
  0.24095229432798881  0.25135000286288439  0.26117342739308874  0.27081387434879767
  0.28046473680249007  0.28971076869651330  0.29818989149286185  0.30594307044555952
  0.31345447029711759  0.32064381811598219  0.32779010692192506  0.33512028512811892
  0.34209981754391422  0.34897849271955461  0.35564956009020277  0.36204166843921282
  0.36814593499734966  0.37413229176651808  0.38029589589619350  0.38642702847419996
  0.39220344691229847  0.39774980294868251  0.40331440398978724  0.40907309734041997
  0.41504847338158929  0.42107138095964131  0.42704896932153091  0.43278948397059841
  0.43816589518414140  0.44329763840519754  0.44846594091693243  0.45362771895794468
  0.45878901589627324  0.46408364978802868  0.46965602528484629  0.47538452496668754
  0.48129627668737068  0.48727032487103616  0.49317223443055919  0.49899257905054467
  0.50476903238822823  0.51050530274204942  0.51620809532132927  0.52182084007823104
  0.52708031163157132  0.53215226432693086  0.53730740343063055  0.54228457878689662
  0.54729526012892427  0.55229314037334432  0.55742319368423998  0.56290350256840349
  0.56860597937571633  0.57427897809190576  0.58003341205728820  0.58586986753570169
  0.59214591590837351  0.59790991148612360  0.60322970372068030  0.60845430949508583
  0.61440230275411045  0.62044193901573574  0.62670962162256583  0.63289009045280264
  0.63924903531007127  0.64584169422974558  0.65277485984927430  0.66014982537005107
  0.66745297999860898  0.67419063397480827  0.68051582105037334  0.68703453389858504
  0.69419864698794354  0.70200602080014651  0.71023802840744110  0.71875822661205824
  0.72757901562951244  0.73687589589886604  0.74649996956101394  0.75660246866910508
  0.76764811711009662  0.77998745619161935  0.79281010099701943  0.80760387820629143
  0.82643463360527869  0.85125245285557571  0.88878327463218976  1.00000000000000000
   1.5776889616085874E-012  -1.0000000000000000     
 F F F F F F F F F F F F F F F F F F F F F F F F F F F F F F F F F F F F F F F F F F F F F F F F F F F F F F F F F F F F F F F F F F F F F F F F F F F F F F F F F F F F F F F F F F F F F F F F F F F F F F F F F F F F F F F F F F F F F F F F F F F F F F F F F F F F F F F F F F F F F F F F F F F F F F F F F F F F F F F F F F F F F F F F F F F F F F F F F F F F F F F F F F F F F F F F F F F F F F F F F F F F F F F F F F F F F F F F F F F F F F F F F F F F F F F F F F F F F F F F F F F F F F F F F F F F F F F F F F F F F F F F F F F F F F F F F F F F F F F F F F F F F F F F F F F F F F F F F F F F F F F F F F F F F F F F F F F F F F F F F F F F F F F F F F F F F F F F F F F F F F F F F F F F F F F F F F F F F F F F F F F F F F F F F F F F F F F F F F F F F F F F F F F F F F F F F F F F F F F F F F F F F F F F F F F F F F F F F F F F F F F F F F F F F F F F F F F F F F F F F F F F F F F F F F F F F F F F F F F F F F F F F F F F F F F F F F F F F F F F F F F F F F F F F F F F F F F F F F F F F F F F F F F F F F F F
  <DiscreteSampler_grid>
  grouped_processes
  1 # 1 for a reference and 2 for a running grid.
  10 # Attribute 'min_bin_probing_points' of the grid.
  1 # Attribute 'grid_mode' of the grid. 1=='default',2=='initialization'
  0.0000000000000000 # Attribute 'small_contrib_threshold' of the grid.
  0.5000000000000000 # Attribute 'damping_power' of the grid.
 # binID   n_entries weight   weight_sqr   abs_weight
    10   10   1.295879630253269E+001   8.432680346690489E+002   1.295879630253269E+001
    16   10   1.288310905835147E+001   8.344786206566484E+002   1.288310905835147E+001
  </DiscreteSampler_grid>
