  0.00155776186063551  0.01837995774690649  0.03541166614430642  0.04914972499619331
  0.06055765349850287  0.07226148705354604  0.08397145169299755  0.09556950896070471
  0.10709260715350355  0.11929992753577767  0.13087241832957563  0.14263895188834652
  0.15395441643401231  0.16528439630620428  0.17655198077151790  0.18802797221291739
  0.19918360630373025  0.21087680924745641  0.22299887152130693  0.23503436882248976
  0.24658032385031803  0.25766233696382723  0.26807579217990163  0.27787848911577145
  0.28753462140978764  0.29731870105109537  0.30760233499406198  0.31739796158746270
  0.32687305007777995  0.33691287958722210  0.34769506903674374  0.35814594252720661
  0.36835865587049715  0.37868103793268881  0.38944260453283081  0.40042573422805461
  0.41125698384644588  0.42302972034433101  0.43492744431587554  0.44674253213182613
  0.45841993624449495  0.47025444788824500  0.48220810403404557  0.49385884589043139
  0.50427105076159873  0.51334282779751494  0.52238813599549938  0.53195295741227955
  0.54190622033766023  0.55184279292279192  0.56125495964104299  0.57066758279489305
  0.58075531698325411  0.59049065135055745  0.60127454246819856  0.61202417224792605
  0.62341926728439112  0.63393498988782571  0.64416373344337863  0.65480862766528791
  0.66545695957572115  0.67542128153682535  0.68445940383262949  0.69440002677616164
  0.70427311295345141  0.71463554226658788  0.72515317458566675  0.73562403817402233
  0.74671034356544352  0.75754355097520010  0.76815151366164947  0.77826153093864525
  0.78751424955910443  0.79683874578077996  0.80684750354911794  0.81729152401302541
  0.82719913495120967  0.83667502956568307  0.84671549396948886  0.85682601417760695
  0.86599954416216962  0.87422251856660160  0.88295606577715702  0.89257665781485662
  0.90252279768871846  0.91273792551459643  0.92232616168527770  0.93181102287653073
  0.94139574702737627  0.95142312343541235  0.96129752884459019  0.97029893536823930
  0.97864528210246593  0.98629631882351154  0.99234742657719166  1.00000000000000000
  0.00915556704717247  0.01748678977348845  0.02834576437215020  0.03957189971067939
  0.04952908293301021  0.05909841633352139  0.06887915730209321  0.07919586165447928
  0.09016417536765144  0.10146361743210906  0.11281090419115206  0.12341782672219895
  0.13416002660669923  0.14496541063316332  0.15648674203931143  0.16786314481703568
  0.17827378001898220  0.18833666819273009  0.19821006005694150  0.20779689828886264
  0.21757916576063288  0.22769118616387005  0.23794528136722407  0.24869553746217468
  0.25969533009534918  0.27085278417560321  0.28170638695262490  0.29278124101543834
  0.30465582147328901  0.31683425125246611  0.32813820066357363  0.33878299458395766
  0.34925112768684569  0.36021400664848191  0.37145352629110590  0.38190726483508747
  0.39150616416355988  0.40067047929000432  0.40943044816049173  0.41808934558495858
  0.42709736937498843  0.43631490124343514  0.44632269465092622  0.45683216201007221
  0.46741122991506501  0.47744305078964527  0.48775894586768009  0.49831870992038968
  0.50950156919690870  0.52011686732341222  0.53009294832999965  0.54016320040791621
  0.55043498425112869  0.56142694016756589  0.57258225592536427  0.58361033486892433
  0.59499179201307306  0.60677070093442986  0.61833397720400607  0.63039503969721877
  0.64201347667739217  0.65304801513694166  0.66311919133578023  0.67367739753668887
  0.68417812114722976  0.69449718010097716  0.70407189762300715  0.71498273850120309
  0.72650466060781760  0.73824233840394660  0.75028691791402169  0.76207770437193600
  0.77321340622088230  0.78367758014564803  0.79364753430854562  0.80315107237313477
  0.81259121343900820  0.82146772483512243  0.83047667576043938  0.83978099119870342
  0.84974502309886479  0.85934613726023834  0.86917699884729804  0.87914148567740980
  0.88987960037671288  0.90018579588122893  0.91094836782491329  0.92103180035614796
  0.93060967248322179  0.94077103405547802  0.95126313889011593  0.96193147676416157
  0.97207530583548840  0.98118717122311039  0.99130245727681232  1.00000000000000000
  0.00230318354125295  0.01698505840648092  0.03162940975213602  0.04462327053924869
  0.05729471430516175  0.06997050014225981  0.08159482618053412  0.09264726783806226
  0.10351183286945240  0.11399604743068463  0.12425092148975286  0.13469674933605538
  0.14542291565802273  0.15689298623074976  0.16843731908040371  0.17982097959631890
  0.19107172546461251  0.20193150271228422  0.21288365400126821  0.22377407114617592
  0.23480438083401348  0.24605661163767958  0.25677327152079510  0.26704272178161154
  0.27733866623048908  0.28758837191185499  0.29767214606309178  0.30796182942679695
  0.31856652848691308  0.32939473769006655  0.33962957371844937  0.35012922002082791
  0.36182237501784281  0.37407427428472695  0.38708965151963676  0.39957119889387160
  0.41108706595389999  0.42238038207719031  0.43360896505773416  0.44509664856337344
  0.45638259607811082  0.46735438069296753  0.47829542661746305  0.49019761807469237
  0.50200005804229031  0.51344605462257353  0.52455107688326774  0.53576862762278121
  0.54702460047922163  0.55818599463606866  0.56824368303247086  0.57715204520671370
  0.58613102309466258  0.59543571988603572  0.60536896642586235  0.61549486827349642
  0.62653603442032246  0.63901219921276620  0.65156382233747068  0.66295313555139057
  0.67354131296122877  0.68413535206613219  0.69452268174301268  0.70500215512327713
  0.71566056128305089  0.72657895052396326  0.73786361462009742  0.74861623392673904
  0.75891735565978091  0.76881507499021695  0.77840911304478932  0.78902151482798699
  0.79934323822867503  0.80909274974213008  0.81868663049741719  0.82840284144762721
  0.83896426111185518  0.84968247979483524  0.85966814733540486  0.86908391891368464
  0.87888482331619933  0.88891944050235205  0.89822867685695518  0.90655125319685737
  0.91510896722297153  0.92481504049622409  0.93452681812551874  0.94283678705915430
  0.94974100143281814  0.95702264615404842  0.96467772079204028  0.97209557245276901
  0.97933416025016207  0.98576788059105225  0.99234576643728101  1.00000000000000000
  0.00000317011809924  0.00000332746628794  0.00000344584853080  0.00000355236617984
  0.00000366170538651  0.00000377252062835  0.00000388791727652  0.00000399960554639
  0.00000411233444845  0.00000422058581123  0.00000433160232979  0.00000443493819973
  0.00000458931496216  0.00000476339112878  0.00000494319868348  0.00000512614910844
  0.00000531399235899  0.00000551461332835  0.00000571452837544  0.00000591688820194
  0.00000612071827173  0.00000631973492726  0.00000650986380211  0.00000669747722217
  0.00000687287966717  0.00000704813649767  0.00000723526683087  0.00000742593114531
  0.00000761987022468  0.00000789206193054  0.00000817889477481  0.00000847150142077
  0.00000876828194695  0.00000907857342744  0.00000942344600729  0.00000976036553655
  0.00001008551301441  0.00001040569532757  0.00001072424373032  0.00001104408288826
  0.00001136913539377  0.00001170741500291  0.00001206830798965  0.00001243776624086
  0.00001280475275165  0.00001319468718367  0.00001359385749800  0.00001398570432929
  0.00001441458653994  0.00001487104754943  0.00001534041157982  0.00001582639447843
  0.00001633853528555  0.00001687488036200  0.00001742317877081  0.00001798368980453
  0.00001857137081542  0.00001920175879903  0.00001989056287466  0.00002062344249236
  0.00002140345723187  0.00002224131290423  0.00002311582480707  0.00002408333452313
  0.00002514245479452  0.00002628264252144  0.00002750996259508  0.00002886691390873
  0.00003032124810040  0.00003194413819280  0.00003360467501648  0.00003542191907323
  0.00003756112803932  0.00003990130498778  0.00004250884868020  0.00004574443293655
  0.00004976297012708  0.00005462052361168  0.00006037506956844  0.00006781329545284
  0.00007782331892807  0.00009187306139112  0.00011241873622314  0.00014044419647441
  0.00018092737971227  0.00024983093819265  0.00036309845946258  0.00056693360292061
  0.00095270942297327  0.00168427478756079  0.00300241201322398  0.00609279544299048
  0.01300947385283000  0.03267937304575590  0.10061646860963311  1.00000000000000000
  0.00000071123772327  0.00000182943123689  0.00000243089147121  0.00000291708020502
  0.00000335175917116  0.00000380356942673  0.00000423554125382  0.00000467502039403
  0.00000517779108371  0.00000570912945064  0.00000623908689575  0.00000675465558121
  0.00000728296005417  0.00000786055933279  0.00000849042272907  0.00000912493295204
  0.00000972501834972  0.00001028407207972  0.00001081175190993  0.00001132625569052
  0.00001186014236166  0.00001243331083714  0.00001305250974675  0.00001365261509270
  0.00001423522522651  0.00001479880274181  0.00001536050502389  0.00001592700256826
  0.00001656218971784  0.00001726615303869  0.00001800663532509  0.00001877921994131
  0.00001957099643747  0.00002039163984759  0.00002127103432115  0.00002221083644032
  0.00002316080510157  0.00002416639844121  0.00002530762148441  0.00002645929803411
  0.00002763848456269  0.00002882557155785  0.00003007862113574  0.00003140590666366
  0.00003279220670573  0.00003422498981435  0.00003568888609311  0.00003716256087959
  0.00003871840392047  0.00004042875327986  0.00004229002499522  0.00004435060719266
  0.00004673440144269  0.00004937124283227  0.00005216096567569  0.00005510930441996
  0.00005831540600624  0.00006189627480638  0.00006592608003664  0.00007071444233000
  0.00007617651079343  0.00008237942842356  0.00008936073369538  0.00009714118096694
  0.00010583018593840  0.00011528875933382  0.00012575509051206  0.00013708614887349
  0.00015008874433413  0.00016415657566356  0.00017904265645195  0.00019623602151822
  0.00021658908497301  0.00024096982954653  0.00027196040622416  0.00031238408906242
  0.00035817655950736  0.00040889590926224  0.00047483897387010  0.00056561636848367
  0.00068356462886422  0.00083259616262609  0.00103080144676221  0.00132500785070194
  0.00171022230392843  0.00218560298130535  0.00282095013624711  0.00381956078767942
  0.00519430436721439  0.00689427128699390  0.00978148076612933  0.01321673535290923
  0.01623475346154068  0.04158273015432079  0.12980408876401600  1.00000000000000000
 -0.00160660627766174  0.00616216671948341  0.01324368314642021  0.02045541014834499
  0.02808149133215743  0.03638730549195952  0.04510266436887878  0.05462241978982122
  0.06371858560386300  0.07299695786553108  0.08198697394836932  0.09054946966907811
  0.09924590999771310  0.10843259027306079  0.11808278689034010  0.12803793247629597
  0.13800927973097879  0.14792028769100102  0.15842003151630465  0.16905411388851285
  0.17999974018429563  0.19157683728696601  0.20351847514668117  0.21536454529857066
  0.22641913831398025  0.23675651462733249  0.24688892478595045  0.25835309626830683
  0.27055517893224379  0.28190515331273591  0.29304590913007689  0.30461861217057651
  0.31614707701883898  0.32749805375270202  0.33901543939160206  0.35065521148366835
  0.36251967126449358  0.37462760877810497  0.38706816367953867  0.39960872407613351
  0.41190973752869448  0.42429982828395180  0.43651896339094537  0.44893838737930325
  0.46157701730678874  0.47423888703011219  0.48707533625385768  0.49976962434008965
  0.51172671942798265  0.52381245911947427  0.53663330371709106  0.54967193889372357
  0.56239405538005349  0.57551939388426521  0.58873704846115171  0.60187842502030864
  0.61455758223147305  0.62701886449638267  0.63917993329417688  0.65136233263548993
  0.66349275123682783  0.67574193847251207  0.68853798682643741  0.70151685246339734
  0.71331857847535340  0.72338472270083065  0.73282436009270302  0.74216416787932082
  0.75161238318250645  0.76143274397155569  0.77179159170984790  0.78369945965726362
  0.79532139489881659  0.80694784123347996  0.81782976386838202  0.82813055297207006
  0.83810130046622544  0.84785303097768694  0.85753511334981458  0.86699699411185160
  0.87645192937180261  0.88669829497596175  0.89623572979154464  0.90502863443467652
  0.91386537289346237  0.92248594099094239  0.93145772495506496  0.94031401459223107
  0.94822303458758805  0.95582697562046837  0.96333903130630072  0.97100085207735631
  0.97880387005886382  0.98597793787932431  0.99313514612410492  1.00000000000000000
 -0.00231082294574350  0.00879812284648799  0.02026323656796800  0.03153604708223495
  0.04237010844925782  0.05524682604607067  0.06658916000097316  0.07767193151437264
  0.08833156112320795  0.09885275296130576  0.10915933999016901  0.11937831414195220
  0.12980103428669804  0.13947307097185419  0.14898563882798910  0.15848820353222151
  0.16758643164419737  0.17665918558821744  0.18582062128334065  0.19583767862767959
  0.20531410367956626  0.21437752365731522  0.22359321347985098  0.23339880103220662
  0.24455855219314782  0.25533629485798337  0.26784366638721452  0.27935811369499713
  0.29117554982294924  0.30147632332797247  0.31183199746568779  0.32243762309750529
  0.33304864899886966  0.34354568220029169  0.35410616941850453  0.36508242962836301
  0.37627841993311828  0.38728944689086914  0.39801653531500925  0.40802557893562996
  0.41818171724566072  0.42868201792150168  0.43900467285933698  0.44892616215425429
  0.45888195303660240  0.46906239281573581  0.47919438030495676  0.48788229985464476
  0.49707826810675426  0.50697125886468652  0.51731255576971535  0.52719564344918945
  0.53658600263523848  0.54610063948634335  0.55638307377525087  0.56710579755199231
  0.57833467706708641  0.58906975350814772  0.59939644800048486  0.61031035322515093
  0.62214219250426106  0.63342784667405783  0.64415843345987489  0.65450012985190476
  0.66523696226609885  0.67560219031085933  0.68584165422699284  0.69633984057879472
  0.70767585937265920  0.71908748631308339  0.73004602959690723  0.74096290686592503
  0.75273958563190291  0.76494009744527847  0.77699477526830751  0.78872532709778509
  0.79987907861692453  0.81030407013923844  0.82133931517398839  0.83204851031208837
  0.84198472723715456  0.85161442429335499  0.86128090059876927  0.87075269228121488
  0.88021874648678566  0.89050567411540238  0.90203683799519774  0.91389943050491118
  0.92490501245943979  0.93468164518332719  0.94458061149928829  0.95537201189319876
  0.96594772245210614  0.97689956509618225  0.98823184552785304  1.00000000000000000
 -0.00183351908762265  0.00800393972048485  0.01696475402212260  0.02640584840847883
  0.03638065853880657  0.04581633253150412  0.05495267159163821  0.06444413222757601
  0.07492582478213014  0.08525785737452536  0.09563820635011518  0.10612434504613105
  0.11687789288753614  0.12765813576569504  0.13846786181661594  0.14890075108315382
  0.15888931706563386  0.16886938157649214  0.17920271312886754  0.18950867349413356
  0.19974660717782755  0.21013760045021199  0.22084137479608554  0.23211130984927345
  0.24360043869140954  0.25466347402069900  0.26511114589859797  0.27514009174244897
  0.28492766865649688  0.29451301652302980  0.30450287249087576  0.31481241409064498
  0.32533563168372492  0.33571234527398858  0.34599429347469213  0.35594683472829169
  0.36552580846434624  0.37524207762670947  0.38555237290929689  0.39616216111853458
  0.40693768723630164  0.41796237928464752  0.42892067890059882  0.43961582854263181
  0.45041637880219332  0.46112568067261117  0.47161670046000098  0.48199112506078634
  0.49271589662266990  0.50374080020885881  0.51502989213120243  0.52614563566432826
  0.53732859870669369  0.54853377014773097  0.55969788535487563  0.57064302490178365
  0.58160255997942023  0.59307481675565066  0.60526536175128942  0.61766392144808613
  0.62829349229764564  0.63819398326753252  0.64831820112950700  0.65891332458152929
  0.66964004383984743  0.67994403292055994  0.69069387475027122  0.70286724092421138
  0.71502345171885873  0.72659314851082402  0.73878719310274066  0.75052615052656868
  0.76099786661276392  0.77086314587925497  0.77907398070304479  0.78776909810388451
  0.79710022694104932  0.80609142869277906  0.81445432197052614  0.82334340575860088
  0.83330190455435971  0.84442265426940499  0.85618121355770294  0.86738454802256337
  0.87860787343505764  0.89082483806553747  0.90320218402072117  0.91651509592207669
  0.92823892634966465  0.93851567882523845  0.94844701713912971  0.95817818931984977
  0.96900555358259799  0.98015201719005363  0.98996805185298264  1.00000000000000000
 -0.00289624156055763  0.01032895632144901  0.02139280131822922  0.03239614933778518
  0.04325093480017482  0.05295821006830284  0.06293130024102501  0.07258651817555981
  0.08311583257536752  0.09345329219840383  0.10353347806773504  0.11317325755541016
  0.12297996252988852  0.13332757486887500  0.14298489246005286  0.15238409661679442
  0.16188899297450191  0.17251316051646953  0.18406274907830122  0.19487997509731952
  0.20513566852079862  0.21532498518996934  0.22618905816905963  0.23792586700978205
  0.24984942244400229  0.26118453900778815  0.27261251614022053  0.28458716424383906
  0.29692705794739532  0.30902831907674361  0.32102338032223382  0.33268224775716843
  0.34388667811915707  0.35503162086627410  0.36667780767175162  0.37888558447686183
  0.39107176054662945  0.40224175237057080  0.41251610794771776  0.42251309654572433
  0.43293638754128277  0.44301118216406382  0.45306891731574106  0.46369899458637948
  0.47349568185593821  0.48323341672822667  0.49265300928438011  0.50255687913997160
  0.51385291908716679  0.52482828349907518  0.53573255921570828  0.54633990487645279
  0.55653373382100990  0.56702487921971012  0.57737636878691490  0.58660245438670566
  0.59503490003305048  0.60372193432721188  0.61348073808770209  0.62377278606563336
  0.63413953185439065  0.64455837953840822  0.65542946981853401  0.66642621480793485
  0.67722384805257452  0.68789413893263307  0.69851002300289722  0.70912799160438844
  0.71968088783459372  0.73043427539100070  0.74137794415838798  0.75270515163549145
  0.76414341690057386  0.77598831154811998  0.78772439515261594  0.79914112824486216
  0.81012300922869840  0.82123847202856948  0.83188328495611874  0.84275140780322266
  0.85332873878642634  0.86417361335599308  0.87482001980309476  0.88563142347476320
  0.89582139949119322  0.90534232164800776  0.91487386483308353  0.92426194459197974
  0.93326583167945754  0.94178689848180175  0.95016326465255874  0.95948971408298922
  0.96955366861378578  0.97964341654688480  0.98973428851307876  1.00000000000000000
 -0.00179908701700935  0.00722572803205388  0.01538511586931378  0.02342284816566932
  0.03242921814200256  0.04035408885992767  0.04967223636982850  0.05747867442362978
  0.06637460976450764  0.07526684179746834  0.08348720008758345  0.09097882922678314
  0.09872397984024101  0.10705924396109653  0.11523274244364148  0.12309359231212572
  0.13136880353798297  0.13965898484837500  0.14883164931002099  0.15836293277760879
  0.16809512054998799  0.17808187677792714  0.18900554693541710  0.20106285125083542
  0.21232753546978425  0.22337367325933852  0.23446903780784872  0.24591556057289790
  0.25737697196541909  0.26907415950882663  0.28083312733096927  0.29245973749766563
  0.30356348522080495  0.31450799033035431  0.32602751018520404  0.33841194420042486
  0.35173673855535909  0.36440556685231740  0.37687341890663090  0.38845792831362991
  0.39982169958372160  0.41148453849753952  0.42382008443940666  0.43650402537095512
  0.44877348512956639  0.46060298206408012  0.47257555633987147  0.48543742437176018
  0.49884407575114281  0.51229256575285664  0.52563613446869406  0.53878720330812235
  0.55184078626185662  0.56480424337114166  0.57778545481067667  0.59086882395074480
  0.60370116080801173  0.61604661452719445  0.62841668866451772  0.64094917297648779
  0.65295748751063887  0.66413510510163998  0.67506825309160368  0.68609046362937709
  0.69706469242950209  0.70733856277336338  0.71788593663930000  0.72787189942253128
  0.73784001024366752  0.74790240724256196  0.75905320536635723  0.77067918192168194
  0.78183594762830133  0.79248275843844962  0.80206751408266541  0.81120714003146865
  0.82000355651275025  0.82852926156154927  0.83722811519149043  0.84650132893094743
  0.85598059060523868  0.86680862970638040  0.87770799561382040  0.88881891122789736
  0.89953759086960250  0.90959330650466341  0.91938741621438891  0.92913586019234840
  0.93853601937187559  0.94739388528219215  0.95601499829921399  0.96467835819851111
  0.97324887653881365  0.98195574393184271  0.99079842264175655  1.00000000000000000
 -0.00290351753275819  0.00995035193060526  0.02179894916338652  0.03409241677475262
  0.04644702973169701  0.05867900947851282  0.07051426053934257  0.08261411066757918
  0.09481106834802729  0.10664122695713382  0.11758419875042099  0.12793772584262847
  0.13796175198519006  0.14742514735717238  0.15609053679947274  0.16454520231103409
  0.17328292323855030  0.18196562651964299  0.19067065825896307  0.19967402201940312
  0.20813397922738403  0.21779331954133480  0.22719224121131015  0.23659565787403355
  0.24629844406216292  0.25683495642053500  0.26756069123714399  0.27853369162203440
  0.28948364311596514  0.30078252969462282  0.31199190449565040  0.32351929753619107
  0.33486814694718936  0.34611861764426416  0.35711928060002285  0.36793420965027446
  0.37857495227508675  0.38817243379084881  0.39741473367665514  0.40727376109355906
  0.41828015302985966  0.42963812928513989  0.44072337269979417  0.45157705824905003
  0.46242115583369475  0.47303825544304429  0.48378335808725437  0.49431670816509832
  0.50436926963484807  0.51435543909124248  0.52433669208393596  0.53486943628433359
  0.54533845066996567  0.55507108613919420  0.56461923492097055  0.57477143760766014
  0.58496900284941455  0.59497643856633919  0.60508795172947150  0.61550184682482767
  0.62751167156046983  0.63921487862782544  0.64977300947712913  0.65870134904954347
  0.66795465446183244  0.67734716250692006  0.68705058962093146  0.69653168800771681
  0.70574899395715063  0.71568173746513386  0.72637329346777557  0.73711035935080560
  0.74770094474490889  0.75852347976861567  0.76983391096602760  0.78184860831896597
  0.79430540521261639  0.80639154070920804  0.81783836230946005  0.82915768474430873
  0.84106751759256360  0.85331921274863953  0.86576146935331344  0.87741097389263245
  0.88852297985709583  0.89917305646051982  0.90826833185706679  0.91824247156425542
  0.92799690882092423  0.93737277058792656  0.94634446860430732  0.95547413008684579
  0.96569908265346904  0.97715798432140288  0.98813909548771262  1.00000000000000000
 -0.00188613699541893  0.00852655246884209  0.01775078412573558  0.02710332020304806
  0.03707415705749020  0.04760312923235810  0.05805135510882820  0.06755295431854440
  0.07693489921415660  0.08686328888096871  0.09740914341053153  0.10882059864505535
  0.12100618362376925  0.13328766719914062  0.14511748859240550  0.15576821499638371
  0.16578217682805474  0.17569931661003696  0.18578364890439530  0.19634478234194738
  0.20718603554071788  0.21845479709930934  0.22988056379981445  0.24134855690501189
  0.25223849452711855  0.26307482688914746  0.27311409039693341  0.28260756391677827
  0.29245125740187999  0.30264458382336973  0.31289422913458170  0.32331135731563254
  0.33378056710865317  0.34484784854662842  0.35569931118879378  0.36569086574984278
  0.37585299797874711  0.38582291906563665  0.39565250240983973  0.40528481712652065
  0.41534666576566404  0.42632575195397254  0.43785842857255824  0.44876913793876133
  0.45963039074582246  0.47058593143344801  0.48163732152917055  0.49133854506042579
  0.50112977300543404  0.51118288825638247  0.52108408292316033  0.53072014322993577
  0.54064888624683083  0.55140775182684321  0.56241631509257883  0.57292528341277915
  0.58271664367760034  0.59205901398828464  0.60175359819202789  0.61287442323785024
  0.62394380691667484  0.63479510000520933  0.64537661043439876  0.65534507530010000
  0.66569929376156656  0.67629412693729818  0.68761563934596226  0.70007433418724374
  0.71186764199712116  0.72361649721230303  0.73494728677311683  0.74581595874850648
  0.75670139725541430  0.76825567008487394  0.77915949676431817  0.78994088772228810
  0.80071268288338537  0.81189571755857604  0.82339283250635820  0.83503508100645707
  0.84681389009204189  0.85951782616991179  0.87167503119236034  0.88282698777828061
  0.89317199990196783  0.90301896101892254  0.91261372336932833  0.92247612152762892
  0.93278264883015760  0.94309469339687535  0.95315109089452643  0.96276361441306224
  0.97203446003650673  0.98096814285567524  0.99008870073181621  1.00000000000000000
  0.00000630554299701  0.00036039134233234  0.00071447714166766  0.00101471243787033
  0.00130608460003077  0.00162623218537676  0.00195322017302725  0.00231322379722400
  0.00267785775049726  0.00305020833889074  0.00341955763688409  0.00378710236809532
  0.00418212261865573  0.00459882672950469  0.00503575030022002  0.00549381255626241
  0.00596831490032961  0.00648601541261427  0.00705567896626323  0.00764899075917511
  0.00824861894326680  0.00885748999288665  0.00947804341796081  0.01011201571161125
  0.01077969633398525  0.01147540007535909  0.01219817671763575  0.01294929263233244
  0.01372502612220864  0.01450814510781048  0.01528806836795259  0.01606982722838400
  0.01687868959565276  0.01775149868907873  0.01869226011801393  0.01965218135549395
  0.02053265291035136  0.02139753503349309  0.02227089656060312  0.02316586039991259
  0.02413078660247537  0.02519201956276878  0.02632106261603569  0.02742973261976136
  0.02845274366791344  0.02940604552347549  0.03037823271105008  0.03146694187367721
  0.03255686161930766  0.03362332359462213  0.03466697849531002  0.03561937046457455
  0.03667208461629986  0.03766035410494434  0.03868409027956143  0.03985250008921935
  0.04104141957516597  0.04209827752245051  0.04300484639925636  0.04384256492022679
  0.04481617192978978  0.04591417495738984  0.04738946824683403  0.04908364000446203
  0.05054814709597826  0.05190686922424227  0.05311831158241862  0.05426252129553324
  0.05535321981261106  0.05671305079888756  0.05777286697295763  0.05897043949823550
  0.06052788835531449  0.06270589318879558  0.06455059246577599  0.06639767870606690
  0.06822998115636715  0.07002392943319455  0.07178911058234166  0.07374415515391368
  0.07590382029266203  0.07924961587218558  0.08391094179782668  0.08759293782408809
  0.09012942164689985  0.09224374356984287  0.09393265540327857  0.09553334151613563
  0.09767684365409662  0.10137476803699405  0.10315371758368126  0.10635689705816480
  0.11508912692507534  0.15656842464692364  0.65878203882617703  1.00000000000000000
 -0.00126377766271348  0.00533237631872690  0.01239788294730072  0.01991168283816881
  0.02789166809171862  0.03592776863699256  0.04428887375627948  0.05345249573743724
  0.06259085711796375  0.07149269369441004  0.08081293270566113  0.08976338809030379
  0.09913556937605959  0.10837471006667165  0.11798224933837446  0.12760594902346953
  0.13695950878483024  0.14654742481389954  0.15635565680539165  0.16637385563463469
  0.17655515092274104  0.18684527319530386  0.19706081430733072  0.20691660841610995
  0.21654601261910159  0.22621799486011573  0.23637028536428714  0.24729499514532352
  0.25874573672807233  0.26972945429856404  0.27990722537554391  0.28999615462185530
  0.30085505101015503  0.31256630259992285  0.32430268219464148  0.33595237328855254
  0.34825295901856984  0.36117577402759349  0.37462980322065242  0.38809180903585527
  0.40016176304519874  0.41127058298604630  0.42310020709369378  0.43530737208052162
  0.44671235681109450  0.45842127752518141  0.47381744491460415  0.48658606888164913
  0.49841341228527469  0.51129631400178466  0.52271666218882518  0.53393647239628828
  0.54655168843855939  0.56120086089419641  0.57514341130094082  0.58817007285260192
  0.60079933883571590  0.61319617053724318  0.62474432114219514  0.63569641662151466
  0.64668154580551529  0.65839766111412834  0.67069528471942985  0.68269625391839039
  0.69413708939304208  0.70528727078978137  0.71583127691474935  0.72601233036745727
  0.73616376955787788  0.74623065938662092  0.75636078876142077  0.76667149236201293
  0.77732372060693811  0.78820527792086137  0.79883412460598258  0.80840804670845356
  0.81756953063716786  0.82593778262777817  0.83408040410087392  0.84281116123777944
  0.85170114484668580  0.86175101805945886  0.87289845432662405  0.88393115747895834
  0.89521257836245172  0.90625481475221570  0.91705662969827961  0.92772059478502888
  0.93760609767725300  0.94695960912553501  0.95666947338328567  0.96613694118605986
  0.97564211252127775  0.98404473796427294  0.99202283197286634  1.00000000000000000
  0.02409573275633181  0.58088201384179705  0.65567927369486645  0.69679206458021203
  0.72534272689158097  0.74735270503416118  0.76530870919753580  0.78032330929575033
  0.79317483875232186  0.80431716809210108  0.81431953739059371  0.82323814347630619
  0.83134867967464354  0.83864690008496057  0.84552192372571389  0.85225986780405127
  0.85834682211801128  0.86382140086598824  0.86893349815997045  0.87384816423591760
  0.87843513721577837  0.88281520926636481  0.88706826497284064  0.89108914527443539
  0.89487588992555989  0.89835047326996076  0.90163100928863649  0.90487390689997849
  0.90810271174220814  0.91116888253327011  0.91411125214008593  0.91682767647710295
  0.91920402994717920  0.92158361327906013  0.92397349626259351  0.92629326011618918
  0.92853967704997509  0.93072016815517311  0.93282753607131330  0.93486727626020272
  0.93679854921676486  0.93858330887806674  0.94026081547163076  0.94190675669389068
  0.94357631768781125  0.94524913873225358  0.94691990287822125  0.94855271018397191
  0.95014457452004653  0.95166970548382712  0.95312746634274048  0.95451719975083538
  0.95584026810473455  0.95713453915892654  0.95839134423304206  0.95955336014815718
  0.96074504434983099  0.96191800336021982  0.96314257023243077  0.96436125148678398
  0.96554442863146162  0.96665947200268321  0.96770352475323362  0.96871171338300699
  0.96969127600882088  0.97070777424525356  0.97175365628473598  0.97280087401272408
  0.97385484264759914  0.97492340223940988  0.97596024392335845  0.97697535593342555
  0.97797569179513122  0.97893249874157140  0.97987823578729361  0.98082162457119570
  0.98171786992471333  0.98258514356974080  0.98342173743856920  0.98424453102430776
  0.98505694953716039  0.98585542109142310  0.98666114283650641  0.98750094826797186
  0.98838525348975026  0.98923933685920673  0.99001820902292215  0.99083577021751812
  0.99164304230536360  0.99245976317358486  0.99328333065784569  0.99412246339888732
  0.99506943108720891  0.99621096820949406  0.99770466079266384  1.00000000000000000
 -0.02262432323376354  0.11053994280031162  0.14811066474502976  0.17128693011778939
  0.18974533121673426  0.20559816494307051  0.21992004423127301  0.23229098292127459
  0.24351738237446871  0.25417782525205634  0.26444902822863697  0.27410097343894957
  0.28316414323121375  0.29200551548827186  0.30045409026875486  0.30862185818085053
  0.31675978446054964  0.32475737660062415  0.33274472953650003  0.34025043544362465
  0.34754695966917082  0.35443231948233750  0.36082533208862655  0.36711822051692405
  0.37339070765840493  0.37945689772142815  0.38530556606390615  0.39096377206819288
  0.39648355935275092  0.40200114985129948  0.40760217083004979  0.41325610738847735
  0.41879873112401628  0.42416259496922992  0.42947521047916953  0.43476524929649729
  0.44012364472496235  0.44564472462983545  0.45124232173756296  0.45685039895244078
  0.46231227746706322  0.46709712177834950  0.47158399861408795  0.47594415902448578
  0.48060436661530664  0.48568399223206932  0.49098590821211224  0.49623307243918502
  0.50148468429163628  0.50688597792812196  0.51264686996784836  0.51864165704172638
  0.52489907516151846  0.53103058916441503  0.53688166563022655  0.54227395706750403
  0.54746662264807144  0.55263556968693095  0.55803513112920056  0.56372667796052234
  0.56945275632003689  0.57520580353132644  0.58059592754682932  0.58566533312560209
  0.59072421768724315  0.59585621772182584  0.60110092623575240  0.60702998254666063
  0.61337421207773746  0.61967277632900586  0.62590682081727245  0.63227706055131971
  0.63890619646349922  0.64566938135942842  0.65239004132896827  0.65914283902795523
  0.66598659373057878  0.67270026433794061  0.67917166248191396  0.68557205999392545
  0.69254923858415873  0.70042638249748357  0.70899672953805992  0.71843554692956946
  0.72817460146542101  0.73789744231796894  0.74817641810234592  0.75935781699298344
  0.77164665552398259  0.78439477469226404  0.79818431739407003  0.81371863578019454
  0.83143895605312113  0.85369631867337159  0.89236330065839276  1.00000000000000000
   1.5953951385703092E-012  -1.0000000000000000     
 F F F F F F F F F F F F F F F F F F F F F F F F F F F F F F F F F F F F F F F F F F F F F F F F F F F F F F F F F F F F F F F F F F F F F F F F F F F F F F F F F F F F F F F F F F F F F F F F F F F F F F F F F F F F F F F F F F F F F F F F F F F F F F F F F F F F F F F F F F F F F F F F F F F F F F F F F F F F F F F F F F F F F F F F F F F F F F F F F F F F F F F F F F F F F F F F F F F F F F F F F F F F F F F F F F F F F F F F F F F F F F F F F F F F F F F F F F F F F F F F F F F F F F F F F F F F F F F F F F F F F F F F F F F F F F F F F F F F F F F F F F F F F F F F F F F F F F F F F F F F F F F F F F F F F F F F F F F F F F F F F F F F F F F F F F F F F F F F F F F F F F F F F F F F F F F F F F F F F F F F F F F F F F F F F F F F F F F F F F F F F F F F F F F F F F F F F F F F F F F F F F F F F F F F F F F F F F F F F F F F F F F F F F F F F F F F F F F F F F F F F F F F F F F F F F F F F F F F F F F F F F F F F F F F F F F F F F F F F F F F F F F F F F F F F F F F F F F F F F F F F F F F F F F F F F F F
  <DiscreteSampler_grid>
  grouped_processes
  1 # 1 for a reference and 2 for a running grid.
  10 # Attribute 'min_bin_probing_points' of the grid.
  1 # Attribute 'grid_mode' of the grid. 1=='default',2=='initialization'
  0.0000000000000000 # Attribute 'small_contrib_threshold' of the grid.
  0.5000000000000000 # Attribute 'damping_power' of the grid.
 # binID   n_entries weight   weight_sqr   abs_weight
    10   10   3.927398088139412E+001   1.538657201191475E+004   3.927398088139412E+001
    16   10   3.927152689513623E+001   1.538473094346833E+004   3.927152689513623E+001
  </DiscreteSampler_grid>
